1.58465
1.57611
0.551387
2.14251
1.01852
0
0.687788
1.53829
0.950459
0
0
0
1.58904
0.435292
2.0623
1.35004
0
0.689179
1.53876
0.950777
1.42215
0.518606
1.55041
1.6141
1.61625
1.60591
0
1.48049
1.60064
1.61512
1.59639
1.5643
2.16664
0.954871
1.5456
1.55868
2.15512
0.878306
1.54547
0
1.54608
1.59838
1.62187
1.60424
0
0.66765
1.53837
1.66404
0.325708
0.317276
1.52878
1.14671
0
0
0
0
1.5906
0.544011
1.51585
1.6099
1.63073
1.60447
1.55271
0
1.54654
1.59825
1.60837
0.293049
0.320182
1.52479
0.353013
0.547653
2.11376
0
0.340461
1.52832
0.972054
0
1.51704
0.559175
1.51656
1.61069
1.61703
1.60561
0
1.48043
1.60064
1.11016
0.315475
1.56039
1.61459
1.63214
1.60331
0
0.669004
1.53833
1.66404
0.325698
0.317277
1.52878
1.1467
1.42582
0.517803
1.5504
1.61407
1.61623
0.296338
0.322168
1.52545
0.344781
0.305131
1.54277
1.61313
1.03683
0.275317
1.56019
1.6144
1.63211
1.60332
1.55274
0
1.54654
1.59825
1.24013
0.35124
1.56091
1.61503
1.63235
1.61763
1.46032
1.45168
1.4534
1.44689
1.51983
0
1.54496
1.59874
1.60902
0.292743
0.319985
1.52819
1.66398
0.329762
0.305315
1.52456
1.67231
1.60359
1.46036
1.52659
0
1.54504
1.59866
1.60889
1.59582
1.56292
2.13536
1.63934
1.56045
2.17039
0.311827
0.333921
1.52645
0.992958
0
1.51686
0.326376
2.07602
1.37579
1.54857
1.55622
2.15456
1.6098
1.56364
2.17051
0.941977
1.54552
1.55858
2.15515
0.878323
1.54547
0
1.54608
1.59838
1.62187
1.60424
1.55252
0
1.54653
1.59825
1.60838
1.59636
0
1.47773
1.60127
1.62903
1.60237
0
0.668097
1.53836
1.67223
1.60339
1.46007
1.4576
1.45333
0
0.689037
1.54005
0.339376
0.294787
1.54416
1.61309
0.332147
1.44509
0.522177
1.55037
1.61426
1.0567
0.594416
2.13969
1.58426
1.47656
1.46533
0
0.690996
1.53974
1.66458
1.65479
0
1.49747
1.59224
1.62076
1.6202
1.47201
1.52711
1.56115
2.15315
1.61109
0
1.51736
1.59871
1.15182
0.337115
1.55692
1.61466
1.61897
1.60435
0
1.4802
1.60064
1.6286
1.60277
0
0.668084
1.53836
1.67223
1.5767
0
0.666757
1.53818
0.953481
0
0
0
0
0
1.59225
0.412154
1.92275
0
0.341858
1.52914
0.336569
0.54713
2.13313
1.33488
1.47909
0
0.691057
1.53945
1.66451
0.325778
0.317232
1.5288
1.67214
1.60336
1.46038
1.52659
1.56125
2.15303
0.285453
0.331894
1.52679
1.6645
1.66129
0
1.49843
1.5921
1.60412
0.29451
0.321076
1.52498
1.67278
1.57706
1.55382
1.55502
2.15536
1.3547
1.46221
1.45512
1.44752
1.44308
1.4336
1.43362
0
0.688295
1.54037
0.952011
1.42248
0.565843
2.06902
1.38246
1.47774
1.46644
0
0.691527
1.53958
0.952061
0
0
0
1.58905
0.545721
1.51635
1.61005
1.00291
0.267936
1.55654
1.61425
1.63199
1.60347
0
0.669015
1.53833
0.95305
0
0
0
0
0
0
0
1.59127
0.412014
1.92256
1.36175
0
1.52709
1.59653
0.362894
1.42573
0.518101
1.55039
1.61407
1.63068
1.61977
1.4716
0
0.69056
1.5395
1.67266
1.5779
0
0.66675
1.53818
1.66399
0.32569
0.317285
1.52877
0.354451
0.557337
2.11072
0
0.340513
1.52833
1.67351
1.60675
1.46027
0
0.690375
1.53957
0.339719
0.552939
2.11197
0
0.340491
1.52833
1.67351
1.60675
1.46027
1.45767
0
0.688777
1.53948
0.952179
1.42233
0.518639
1.55041
1.6141
0.341568
1.44146
0.566313
1.96703
1.35926
1.57063
2.14881
1.31876
1.45135
1.45238
0
0.688931
1.54009
1.66467
0.32588
0.317209
1.52882
1.67214
1.57519
1.55384
0
1.54657
1.59823
1.23949
0.590013
2.14114
1.15318
1.54578
0
1.54579
1.59838
1.62184
1.61521
1.47146
1.45014
1.45343
0
0.689056
1.54005
0.339378
0.552992
2.11195
1.35603
0
1.52637
1.59649
1.6052
0.294054
0.320396
1.52482
1.66399
0.329742
0.305324
1.52456
1.66308
0.329917
0.306428
1.52928
1.66301
0.329909
0.302835
1.52926
1.67225
1.57533
0
0.66671
1.53818
0.953479
1.42222
0.565871
2.06901
1.32963
0
0.688636
1.53859
1.67242
1.577
0
0.666757
1.53818
1.66399
1.65434
0
1.49743
1.59451
1.62643
1.60557
0
0.668075
1.53836
0.953144
0
1.51753
0.3246
1.93067
1.36995
0
1.5268
1.59656
0.362849
0
0
1.54644
0.524987
1.53379
1.61081
1.63058
1.60418
0
0.669081
1.53833
0.340696
0.294432
1.54408
1.61308
1.63153
1.60443
0
0.669043
1.53833
1.67223
1.57669
1.55376
0
1.54658
1.59823
1.62184
1.60454
1.55252
0
1.54653
1.59825
0.354922
0
0
1.54559
0.534438
1.94698
0
0.341885
1.52895
0.336732
0.547152
2.11393
0
0.340458
1.52832
0.337324
0.304925
1.54254
1.61312
1.61782
1.60515
1.56871
2.15747
0.317275
0.333925
1.52946
1.66426
1.66148
1.59043
2.15236
1.00718
0
0.683188
1.53819
0.340702
0.294411
1.54406
1.61308
1.63153
1.60443
0
0.669037
1.53833
0.953043
1.42222
0.565868
2.06901
1.38248
1.47774
1.46645
1.52621
1.56104
2.15438
1.60999
0
1.51741
1.59721
0.36198
0
0
1.54653
0.52458
1.53384
1.61082
1.02237
0.594982
2.13847
1.5851
1.4771
0
0.690838
1.53946
0.951823
0
1.51764
0.559107
1.5165
1.6107
1.61704
1.6056
1.56872
2.15751
1.63833
0
1.51959
1.60078
1.62746
1.60191
1.55259
1.55518
2.15532
1.35475
1.4622
1.53012
1.56007
2.15415
0.878411
0
0.683845
1.53812
1.66404
1.65431
0
1.49743
1.59451
1.08449
0.318542
1.55667
1.61463
1.63197
1.60352
0
0.669014
1.53833
1.67223
1.57669
1.55376
0
1.54658
1.59823
0.355141
0
1.52106
0.315081
1.92982
0
0.341721
1.52955
0.963975
0
1.51716
0.559131
1.51657
1.61069
1.63108
1.60402
0
0.669061
1.53833
0.95304
0
0
0
0
1.59051
0.437827
2.06071
1.38765
1.49042
1.46724
0
0.691607
1.53955
0.33976
0.552833
2.13223
1.04973
1.54631
1.55965
2.15411
0.284802
0.331921
1.52681
0.992288
1.42049
0.522924
1.55042
1.61409
1.63068
1.60461
0
0.669068
1.53832
1.66404
1.65436
0
1.49743
1.59451
1.62643
1.60557
0
0.668074
1.53836
1.66404
0.325706
0.317276
1.52878
1.66287
1.6614
1.59006
2.15368
1.00544
0
0.683192
1.53819
0.95183
0
1.51753
0.324614
1.93067
0
0.341723
1.52954
0.336229
0.305109
1.54244
1.61312
1.61784
0.295932
0.322074
1.52543
1.67284
1.57719
1.55382
1.55502
2.15502
0.284085
0.331932
1.52684
0.338937
0.304675
1.54272
1.61313
1.63158
1.6044
1.55274
1.55517
2.15501
0.284217
0.331927
1.52684
1.67314
1.57784
1.55382
0
1.54658
1.59823
1.62184
1.61578
1.4715
0
0.690457
1.5395
1.66453
0.325821
0.317225
1.52881
1.14707
0
1.51781
0.323518
1.93049
0
0.341722
1.52954
0.336227
0.305108
1.54244
1.61312
1.03621
0.274659
1.56019
1.6144
0.314306
0
0
1.54876
0.524681
1.53402
1.61086
0.34261
0
1.52606
0
2.07608
1.40314
1.49413
1.47074
0
0.690581
1.53943
1.66451
1.65474
0
1.49746
1.59225
0.363091
0
1.52619
0.84918
1.51614
1.61075
1.00322
0.595767
2.11593
0
0.340573
1.52832
0.972804
1.41982
0.523033
1.55042
1.6141
1.05573
0.59441
2.13964
1.58431
1.47658
1.53111
0
1.54553
1.59855
1.25089
0.352672
1.56094
1.61506
1.61953
0.295343
0.321845
1.5254
1.66409
0.329631
0.305321
1.52456
1.67231
1.5754
0
0.666708
1.53818
0.953481
1.42222
0.56587
1.96575
0
0.341904
1.52877
0.96939
1.41965
0.571089
2.06904
1.38255
1.47776
1.46646
1.52621
1.56104
2.15438
0.283915
0.331904
1.52685
0.992638
1.4205
0.571155
2.06902
1.32981
1.54819
0
1.54614
1.59827
1.60839
0.293024
0.320152
1.52823
1.66398
1.66182
0
1.49847
1.59209
0.363235
1.43583
0.518946
1.55039
1.61407
0.341637
1.44146
0.520949
1.55036
1.61423
0.340262
0
0
0
0
0
0
0
1.59125
0.546231
1.51318
1.60983
0.999714
0.591907
2.11564
1.35178
1.5685
2.15004
1.65373
1.56774
2.14999
0.321534
0.332371
1.5263
1.67293
1.57745
1.55382
1.55501
2.15536
1.3547
1.46221
1.53012
1.56007
2.15415
1.35535
1.46203
1.45507
0
0.689183
1.54
1.67278
1.60476
1.46003
0
0.690318
1.53958
0.339713
0.55294
2.13222
1.33664
1.47954
1.53156
1.55956
2.15387
0.285015
0.331903
1.52681
1.6645
1.66129
1.59041
2.15191
0.343095
0.333482
1.52578
0.342623
0.304466
1.54284
1.61313
0.331765
0
0
0
0
1.58985
0.442146
2.06047
1.34492
1.54831
0
1.54599
1.59826
1.60838
0.293027
0.320154
1.52478
1.16589
1.42038
0.522791
1.55042
1.61408
0.341823
1.44148
0.566313
1.96702
0
0.34192
1.52876
1.67359
1.6069
1.46025
0
0.690371
1.53957
0.339719
0.552939
2.11197
0
0.34049
1.52833
1.66492
0.329497
0.305135
1.52459
1.66309
1.66145
0
1.49816
1.59213
1.62068
1.60735
0
0.667967
1.53837
1.67224
1.60339
1.46007
1.4576
1.52861
1.56036
2.15368
1.61099
1.5635
2.17093
1.35334
1.46076
1.4555
1.44764
1.44382
0
0.688352
1.54035
1.66474
0.325905
0.317197
1.52883
1.14732
1.42584
0.566391
1.96605
1.35936
1.57058
2.14853
0.329778
0.333181
1.52647
0.341725
0.304797
1.54278
1.61314
1.63158
1.6044
1.55274
0
1.54654
1.59825
1.60837
1.59637
0
1.47774
1.60127
0.345155
0
0
1.5454
0.524445
1.53394
1.61083
1.02257
0.281229
1.55661
1.61434
0.316045
0
1.52705
0
2.07615
1.37674
0
0.691631
1.53883
0.340185
0.294344
1.54405
1.61308
1.6177
1.6052
1.56871
2.15747
0.317269
0.333921
1.52946
0.988633
0
1.51684
0.559241
1.51654
1.61068
1.00314
0.595748
2.11593
0
0.340573
1.52832
1.66491
0.329468
0.305146
1.52458
1.67232
1.6036
1.46036
1.45771
1.4534
0
0.68905
1.54005
1.67279
1.60478
1.46003
1.45761
1.5286
1.56036
2.15368
1.61099
0
1.51736
1.59871
1.15195
0.33715
1.55692
1.61466
0.31428
0
1.52713
0
1.92917
1.37037
0
1.52679
1.59657
1.60526
0.294027
0.320391
1.52482
1.66398
1.6618
0
1.49847
1.5921
1.60412
0.294511
0.321075
1.52498
1.66401
0.329699
0.305331
1.52456
0.354047
0.557493
2.13162
1.06023
0
0.687862
1.53842
1.66413
1.65449
1.58891
2.15649
1.6435
0
1.51998
1.59693
1.62093
1.61595
1.47174
0
0.690521
1.53949
0.339779
0.552852
2.11198
0
0.34049
1.52833
1.66492
0.329496
0.305132
1.52459
1.66309
0.329924
0.306418
1.52928
1.66301
0.32991
0.302833
1.52927
1.15458
0
0
1.54671
0.525157
1.53374
1.6108
0.343
0
1.52605
0.853449
1.51785
1.61089
1.63127
1.61885
1.47027
1.45039
1.52869
1.56034
2.15401
0.87836
1.54547
1.55875
2.15511
0.87828
1.54547
1.55876
2.15478
0.285019
0.331925
1.52681
1.6645
0.329429
0.305316
1.52454
1.15838
0
1.51785
0.323365
1.93048
1.36999
0
1.5268
1.59656
0.36285
0
0
1.54644
0.534512
1.94685
0
0.341887
1.52894
0.968843
1.41966
0.571091
2.06904
1.32982
0
0.688641
1.53859
0.340317
0.294371
1.54405
1.61308
1.6177
0.295964
0.32209
1.52543
1.6641
0.32962
0.305328
1.52455
1.67231
1.5754
1.55384
1.55505
2.155
0.284096
0.331933
1.52684
0.338936
0.547545
2.13296
1.02844
0
0.687899
1.53841
1.66412
0.325693
0.317267
1.52878
1.14671
1.42582
0.517801
1.5504
1.61407
1.05556
0.594407
2.11979
1.35147
1.5684
2.15008
0.327459
0.333222
1.52645
0.998414
1.42071
0.571167
2.06902
1.38255
1.47776
1.46646
1.45129
0
0.688895
1.53969
1.66456
0.325834
0.317224
1.52881
1.14712
1.42583
0.566391
2.069
1.32915
1.54818
0
1.54614
1.59827
1.24242
0.589939
2.12399
1.35018
0
1.52637
1.59649
1.62021
1.60393
1.55254
0
1.54653
1.59825
1.24044
0.59
2.12393
0
0.340695
1.52822
1.67356
1.60667
1.46027
1.45767
1.52864
1.56036
2.154
0.878349
1.54547
0
1.54608
1.59838
1.60853
1.5962
0
1.47768
1.60127
0.345144
0
1.52399
0
2.07604
1.37662
0
0.691612
1.53883
1.67245
1.57709
0
0.666749
1.53818
0.340818
0.552619
2.11206
1.35599
0
1.52637
1.59649
0.362888
0
1.52043
0.316689
1.92991
0
0.341721
1.52955
1.66518
0.32953
0.304882
1.52462
1.67233
1.60361
1.46036
1.45771
1.4534
0
0.689047
1.54005
1.66466
1.65484
1.58906
2.15649
1.35237
1.46084
1.45547
1.44763
1.52005
1.56166
2.15287
0.285777
0.331883
1.52678
0.99247
0
0
0
1.58904
0.5457
1.51637
1.61005
0.343277
0
1.52656
0
2.07609
1.37675
0
0.691628
1.53883
1.66435
0.325618
0.317256
1.52877
1.66287
1.6614
0
1.49813
1.59214
1.62068
1.60735
0
0.667968
1.53837
1.66404
0.32571
0.317276
1.52878
1.67213
1.60335
1.46038
1.45771
1.4534
1.52204
1.56147
2.15305
0.285721
0.331886
1.52678
0.99244
1.4205
0.522922
1.55042
1.61409
1.05564
0.291795
1.56022
1.61447
1.06036
0.595321
2.11981
0
0.340827
1.52831
1.6649
0.329468
0.305152
1.52458
1.66309
1.66146
1.59011
2.15353
1.00565
0
0.683192
1.53819
0.951839
1.42218
0.518571
1.55041
1.61409
1.61625
1.60591
1.56875
2.1586
0.938354
0
0.683337
1.53816
1.66405
1.65432
0
1.49743
1.59451
1.08449
0.318546
1.55667
1.61463
1.63197
1.61824
1.46086
0
0.69053
1.53951
1.66453
0.325819
0.317226
1.52881
1.66288
1.6614
0
1.49813
1.59213
0.363187
0
0
1.54692
0.534729
1.9465
1.35698
0
1.52757
1.59652
0.362913
1.42572
0.518099
1.55039
1.61407
1.05559
0.291771
1.56022
1.61447
1.61893
1.60435
1.56866
2.15734
0.317322
0.333925
1.52946
1.67297
1.5776
1.55382
0
1.54658
1.59823
0.355144
0
0
0
1.58909
0.433226
2.06228
1.38966
1.49208
1.53458
0
1.54568
1.59852
0.352596
1.42416
0.566179
1.96611
1.35942
0
1.52749
1.59653
1.60521
1.59812
0
1.47795
1.60126
1.10927
0.311683
1.56041
1.61455
1.63216
1.60329
1.55274
1.55515
2.15501
1.60991
1.56363
2.16971
1.6422
1.56069
2.17003
1.63833
1.56104
2.17051
1.35318
1.46072
1.45549
1.44763
1.44382
1.51907
0
1.54494
1.59875
1.62187
1.61429
1.47139
1.52694
1.56118
2.15344
1.35556
1.46196
1.53007
1.56008
2.15382
0.285347
0.331902
1.52679
1.67313
1.57782
1.55382
0
1.54658
1.59823
1.62184
1.61578
1.4715
1.52697
0
1.54509
1.59866
1.62184
1.61457
1.47142
1.45033
1.45342
1.44689
0
0.688457
1.54028
0.951949
1.42246
0.518679
1.55041
1.61411
0.341523
0
1.52549
0.853104
1.51783
1.61088
1.61736
1.60549
0
1.48039
1.60064
0.350833
1.4353
0.52002
1.55037
1.61418
1.05622
0.594414
2.11984
1.35146
0
1.5264
1.5965
1.60519
0.294057
0.320402
1.52482
1.67277
1.60532
1.46039
1.45768
1.45338
1.44688
1.51983
0
1.54496
1.59874
1.26222
0.589734
2.12442
1.35015
0
1.52637
1.59649
0.362896
1.42601
0.518119
1.55039
1.61407
1.0556
0.59441
2.1198
0
0.340819
1.52831
1.6649
0.329468
0.305151
1.52458
1.15884
1.42592
0.517848
1.5504
1.61407
1.05558
0.291796
1.56022
1.61447
1.61893
1.60435
0
1.4802
1.60064
0.350777
0
0
1.5456
0.524398
1.53393
1.61083
0.342819
0
0
0
0
1.59
0.441622
1.92595
1.36047
0
1.52712
1.59652
1.20491
0.351687
1.56075
1.61488
0.312072
1.44346
0.565847
1.96703
1.35933
0
1.52777
1.59653
0.362912
1.42568
0.518097
1.55039
1.61407
1.63068
1.60459
0
0.669073
1.53833
0.340696
0.552638
2.11205
1.35599
1.56859
2.15031
0.759178
1.54494
1.55959
2.15453
1.61066
0
1.51744
1.59721
1.15862
0.586861
2.14277
1.5815
1.47536
1.46506
1.44979
1.52092
1.5616
2.15294
1.61133
1.56345
2.17027
1.64183
1.56075
2.17
1.63839
1.56103
2.1697
0.313598
0.334022
1.52642
1.66443
1.66134
0
1.49843
1.5921
1.60412
1.59986
0
1.47866
1.60068
0.350319
1.43557
0.566328
1.96666
1.35929
1.57061
2.14848
1.65949
0
1.51992
1.59696
0.362224
1.42823
0.51835
1.55038
1.61408
1.05567
0.59441
2.1198
1.35147
0
1.5264
1.5965
1.62022
1.61525
1.47171
1.44833
1.45349
1.52207
0
1.54508
1.59872
0.353435
0
0
1.54547
0.534419
1.94701
0
0.341885
1.52895
1.66509
0.329455
0.305099
1.52459
1.15896
0
1.51786
0.559192
1.5164
1.61069
1.61704
0.296241
0.322082
1.52543
1.6641
1.66162
1.59044
2.15233
1.0072
0
0.683186
1.53819
1.67224
1.60338
1.46007
0
0.690321
1.53958
0.952661
0
0
1.54613
0.525902
1.53368
1.6108
0.342952
0
0
1.5448
0.534887
1.94708
0
0.341887
1.52894
0.968841
0
0
1.54612
0.526152
1.53365
1.6108
1.61608
0.296437
0.322159
1.52544
1.67284
1.5772
1.55382
0
1.54658
1.59823
1.62184
1.60454
1.55252
0
1.54653
1.59825
1.62184
1.60448
0
0.667672
1.53837
0.340678
0.294405
1.54408
1.61308
1.61769
0.295963
0.32209
1.52543
0.34606
0.305138
1.54277
1.61313
0.33178
0
1.52682
0.85443
1.51795
1.61093
1.00388
0.595808
2.11597
1.35176
1.56849
2.1499
0.327314
0.33322
1.52645
1.67294
1.6056
1.46034
0
0.690386
1.53957
0.952652
1.42239
0.518646
1.55041
1.6141
1.61626
1.60591
0
1.48049
1.60064
1.11037
0.592432
2.14159
1.5826
1.47597
1.46522
1.44984
1.52095
0
1.54501
1.59873
1.62187
1.61436
1.4714
1.52694
1.56118
2.15313
1.61111
0
1.51736
1.59871
0.360197
0
1.5218
0
1.92964
1.37023
1.57154
2.13723
1.65457
1.5679
2.14955
1.64199
1.56801
2.15247
0.959723
0
0.683695
1.53816
0.951714
0
1.51752
0.559128
1.5165
1.6107
1.00316
0.595751
2.11593
1.35176
0
1.52643
1.59649
1.62021
1.61525
1.47171
1.52703
1.56117
2.15314
0.285459
0.331896
1.52679
0.338976
0.547552
2.13295
1.02842
0
0.687903
1.53841
0.340521
0.552606
2.11207
0
0.340488
1.52833
1.66492
0.329496
0.305132
1.52459
1.66309
1.66145
1.59011
2.15304
1.64339
0
1.52434
1.59652
1.60519
1.59824
0
1.47804
1.60126
1.10942
0.592664
2.14155
1.21607
1.54614
1.55996
2.15441
0.878183
0
0.683846
1.53812
0.951636
1.42216
0.565863
2.06901
1.38248
1.47775
1.46645
1.45128
0
0.688889
1.53969
0.952285
0
1.51766
0.559105
1.5165
1.6107
1.61704
0.29624
0.322083
1.52543
0.344793
0.547694
2.11373
0
0.340461
1.52832
0.337328
0.54723
2.1139
0
0.340459
1.52832
1.66492
0.329499
0.305135
1.52459
1.15889
1.42593
0.566382
1.96607
1.35936
0
1.52748
1.59652
1.62019
1.61511
1.4717
1.44833
1.52875
1.56033
2.15401
1.3554
1.46201
1.53008
1.56008
2.15382
1.61092
1.5635
2.17008
1.64195
1.56073
2.17001
1.63837
1.56103
2.17051
0.937216
0
0.683744
1.53815
0.340738
0.294423
1.54406
1.61308
1.63153
1.60443
0
0.669042
1.53833
1.66404
1.65436
1.5889
2.1565
0.341262
0.333442
1.52575
0.342654
0.547785
2.11369
0
0.340462
1.52832
0.337327
0.547232
2.13308
1.33485
1.47907
1.46634
1.4502
0
0.68878
1.53974
1.66457
0.325842
0.317222
1.52881
1.67214
1.57518
1.55384
1.55505
2.15534
0.878867
1.54548
0
1.54608
1.59838
0.35385
1.42444
0.566188
2.06907
1.57923
0
0.688631
1.53859
0.950878
0
0
0
1.58904
0.54572
1.51635
1.61005
1.63077
1.60439
0
0.669086
1.53833
0.953037
0
0
1.54619
0.534365
2.06457
1.63486
1.47751
1.46628
1.4512
1.45084
0
0.688807
1.54014
0.951876
1.42244
0.565844
2.06902
1.32958
1.54819
1.55642
2.15461
1.60992
1.56362
2.17054
1.35336
1.46074
1.4555
0
0.689235
1.53998
1.67277
1.57812
0
0.666747
1.53818
0.340819
0.552619
2.11206
0
0.340488
1.52833
1.67351
1.60675
1.46027
0
0.690375
1.53957
1.67267
1.57793
1.55377
1.555
2.155
1.60982
1.56364
2.17048
0.941984
1.54552
1.55858
2.15483
1.61054
1.56356
2.1707
1.35335
1.46075
0
0.688752
1.5393
0.952155
0
1.51762
0.559111
1.5165
1.6107
0.337106
1.44704
0.566197
1.9672
1.35922
0
1.52776
1.59653
1.20554
0.585997
2.14028
1.58102
1.47429
1.46475
1.44969
1.44568
0
0.688349
1.54033
0.951979
1.42247
0.565844
1.96579
0
0.341905
1.52877
0.336841
0.547104
2.13312
1.33485
1.47908
1.46635
0
0.691101
1.53971
0.952146
0
1.51767
0.324282
1.93064
0
0.341722
1.52954
0.336229
0.547086
2.13315
1.33489
1.4791
1.46636
1.4502
1.45043
1.44574
1.43357
1.43361
1.51887
0
1.54493
1.59875
0.353102
0
1.52111
0.317722
1.92985
0
0.341721
1.52955
0.963979
0
0
0
1.58909
0.436154
2.0623
1.34982
1.54835
1.55633
2.15492
1.35483
1.46217
0
0.688581
1.53933
0.952178
1.42231
0.565851
2.06901
1.38247
1.47774
1.53422
1.55938
2.15412
1.61061
0
1.51742
1.59721
1.1585
0.586864
2.14277
1.19505
1.54608
0
1.54581
1.59837
0.353793
0
0
1.54555
0.53443
1.94699
1.35731
1.56988
2.14886
1.65944
0
1.51991
1.59696
0.362223
0
0
0
1.58895
0.431349
2.06232
1.35092
0
0.68921
1.53876
0.950763
0
1.51758
0.559115
1.5165
1.6107
1.00316
0.595751
2.11593
1.35176
1.56849
2.15042
1.31889
1.45142
1.45241
0
0.688925
1.54009
1.6728
1.6048
1.46003
0
0.690316
1.53958
1.67268
1.60458
1.46004
1.52651
0
1.54503
1.59866
1.60889
1.59582
0
1.47756
1.60127
1.10862
0.592688
2.14152
1.21646
0
0.687872
1.53837
1.66412
1.6545
0
1.49743
1.59451
1.61077
0.293736
0.321056
1.52503
1.01221
0
1.51673
0.326594
1.93083
1.36983
0
1.5268
1.59656
1.62024
1.60381
1.55253
1.55524
2.15531
0.878838
1.54548
0
1.54608
1.59838
0.353848
0
0
0
1.5891
0.545883
1.51619
1.61005
1.61636
1.60594
1.56874
2.15862
0.938372
0
0.68333
1.53816
1.66405
1.65432
0
1.49743
1.59451
1.62643
1.60557
0
0.668077
1.53836
1.66404
1.65438
1.58891
2.15703
1.00147
1.54552
0
1.54614
1.59837
1.60852
0.292973
0.320137
1.52822
1.66398
0.329752
0.305318
1.52456
0.354046
0.557493
2.11065
0
0.340515
1.52833
0.971938
1.41979
0.571105
2.06904
1.38255
1.47776
1.46646
0
0.691524
1.53958
1.66454
0.325833
0.317225
1.52881
0.354433
0.286941
1.54581
1.6131
1.04122
0.278098
1.5602
1.61442
0.314301
1.44353
0.522377
1.55036
1.61429
1.61645
0.296298
0.322138
1.52544
0.344784
0.547694
2.11373
0
0.34046
1.52832
1.67351
1.57888
0
0.666956
1.53817
1.67218
1.5766
1.55376
1.555
2.155
0.284092
0.33193
1.52684
1.67314
1.60592
1.46033
1.52657
0
1.54504
1.59866
1.62184
1.61455
1.47141
0
0.690439
1.53951
1.66453
0.325819
0.317228
1.52881
0.354434
0.286939
1.54581
1.6131
1.04122
0.278099
1.5602
1.61442
0.3143
1.44353
0.565847
2.0691
1.57905
1.54818
0
1.54615
1.59827
1.60839
1.59631
0
1.47771
1.60127
0.345149
1.436
0.566263
1.96669
1.3593
1.57062
2.14847
1.6595
1.56775
2.15057
0.961145
0
0.683718
1.53816
1.66405
0.325668
0.317276
1.52877
1.67213
1.57517
1.55384
1.55505
2.155
0.284097
0.331928
1.52684
0.992192
0
0
1.54635
0.534349
1.94685
0
0.341885
1.52895
1.66509
0.329454
0.305102
1.52459
1.66309
1.66146
1.59011
2.15304
0.342636
0.333477
1.52577
1.67285
1.60543
1.46036
0
0.690385
1.53957
1.66454
1.65474
1.58902
2.1566
1.35237
1.46084
1.53028
1.56004
2.15417
1.35534
1.46203
1.53008
1.56008
2.15382
1.61092
1.5635
2.17008
1.64195
0
1.51963
1.60078
1.61388
1.59626
0
1.47803
1.60126
1.62902
1.60236
0
0.668094
1.53836
0.340684
0.55265
2.11205
0
0.340488
1.52833
1.67351
1.60675
1.46027
1.45767
0
0.688774
1.53948
1.66451
1.65473
0
1.49746
1.59225
1.60426
1.59983
0
1.47869
1.60068
0.35032
0
1.52815
0.851183
1.51625
1.61081
1.00347
0.595784
2.1373
1.27359
0
0.687838
1.53839
0.950523
1.42213
0.518585
1.55041
1.6141
1.63069
1.61977
1.4716
0
0.690556
