1.4604
1.39058
1.37031
1.51666
0.640459
1.52875
1.42255
1.59661
1.54019
1.54384
1.22898
1.47335
1.48565
0
1.50575
1.27013
1.57583
0
1.48471
1.48236
1.53383
1.54211
1.71004
1.36079
1.53496
1.42308
1.61212
0
1.63161
1.50147
1.42237
1.55262
1.41912
1.61257
1.41484
1.37499
0.956735
1.52226
0.893605
1.5446
0.630197
0
0.404288
1.34227
1.26635
1.51421
1.50285
0
1.59183
1.2826
1.52064
1.51937
0
1.61921
1.50398
1.46065
1.45431
1.4266
0
1.56585
1.24414
1.52945
1.42294
1.61207
1.07932
0
1.69782
1.28593
1.46861
1.48136
1.42229
1.35668
1.51673
0.64429
1.52899
1.42255
1.59722
1.55607
1.43158
0
1.57133
1.27918
1.52001
1.5191
0.316314
0
1.68352
1.28425
1.46842
1.48127
0
1.51199
1.27148
1.57043
0
1.48642
1.53087
1.51662
1.51667
1.75427
1.3618
1.43015
1.47463
1.49415
1.33113
1.52501
0.901977
1.54597
1.34584
1.41113
1.517
0.679487
1.5302
0.674081
1.54925
1.24855
1.56343
0
1.55034
0
1.85635
1.39931
1.54869
1.53623
1.2263
1.47415
1.48542
1.43004
1.35859
1.43669
1.3369
1.52632
0.896381
1.54568
0
1.5772
0
1.85936
1.40458
1.5206
1.48518
0
1.57383
1.24823
1.5293
1.42304
1.61207
1.41508
1.37483
1.43402
1.47566
1.24715
0
1.11453
1.11235
1.46714
1.41947
1.54792
1.42387
1.61214
0
1.63143
0.318832
0.320311
1.28848
1.4662
1.45881
1.43009
1.44961
1.62952
1.56764
1.38921
1.45628
1.6502
1.56931
1.35881
1.45865
1.64382
1.53889
1.42271
1.61271
1.07569
1.53404
1.24947
1.57063
0
1.48189
1.52978
1.51658
1.5166
0.321985
0
0.415343
1.13335
1.4842
1.42988
1.54826
1.5384
1.3106
1.51017
1.69489
1.59274
1.40013
1.37765
0
1.36055
1.0688
0
1.57944
1.43798
1.54648
1.53795
1.31033
1.5104
1.56813
1.36835
1.32652
1.52878
1.51546
0
1.59561
1.28872
1.5196
1.51958
1.44977
1.63007
1.56766
1.3918
0
1.49963
1.52068
1.51825
1.51804
1.44991
1.62821
1.54536
1.5461
1.72947
1.29388
1.53268
1.42373
1.61212
0
1.63179
1.50087
1.46597
1.45003
1.4236
0
1.56545
1.24401
1.52945
1.54243
1.70968
1.39321
1.51903
1.492
0.28027
1.50739
1.27073
1.57655
0
1.48489
1.48246
1.53383
1.54212
1.31009
1.51012
1.69813
1.59249
0.96525
0
0.410543
1.34517
1.18322
1.53288
1.42481
1.61223
0
1.60604
1.27863
1.53457
1.42361
1.6121
1.48723
1.60214
1.54697
1.54101
1.73053
1.37874
1.51838
1.49344
0.279693
0
0.414544
1.34576
1.17923
1.53649
1.42482
1.61223
0
1.60603
1.27862
1.53457
1.54301
1.71135
1.35691
1.53146
1.54309
0.299052
0
1.69994
1.4719
1.51702
1.47032
1.45074
1.62847
1.54486
1.42206
1.61253
1.07386
1.53415
1.2494
1.57061
0
1.48189
1.52978
1.51658
1.5166
1.75429
1.3618
1.43015
1.33919
0
1.4223
1.34349
1.42233
1.50291
1.44026
1.6241
1.54775
1.42198
1.61247
1.48652
1.60371
1.54736
1.45585
1.44939
1.63298
1.56842
1.40453
0
1.50261
1.47555
1.5332
1.54213
0.290693
1.414
1.36573
1.5482
1.53754
1.72115
1.38669
1.51754
1.49193
1.70743
1.35897
1.5169
0.70603
1.53156
1.36577
1.39359
0
1.42787
1.31228
1.38087
1.51241
1.43297
1.36255
0.901173
1.52594
0.91884
1.54833
1.42342
1.59486
1.53993
1.54388
0.332372
0
1.67823
1.47125
1.51726
1.46905
0.297606
1.51198
1.26949
1.57578
0.663073
0
0.403386
1.34196
1.26698
1.51412
1.50267
1.70356
1.35533
0
1.42746
1.38121
1.48612
1.71867
1.60341
1.4682
1.60435
1.55635
1.43488
1.72222
1.38376
0.736919
0
0.976204
1.3336
1.25102
1.51826
1.5214
0
1.579
1.25652
1.52925
1.54253
1.22193
1.47331
1.48576
0
1.50611
1.27003
1.57577
0
1.55329
1.16386
1.44315
1.45942
1.43164
1.45004
1.62972
1.5677
1.38887
1.45629
1.64358
1.5391
1.54731
1.72783
1.33887
1.52101
1.4999
1.72354
1.35573
1.51714
0.70459
1.53149
0.67315
1.54945
1.24807
1.56315
1.42629
1.60013
1.54327
1.42168
1.61268
1.48669
1.60357
1.54694
1.54101
0.33683
1.41957
1.37318
1.54517
1.42233
1.61246
1.07958
1.53379
1.24957
1.57065
1.32177
1.41937
1.42659
1.32891
1.52614
0.896567
1.54564
1.35012
1.41236
1.42966
1.46607
1.21452
1.52306
0.90331
1.54622
0
1.58225
0
1.86048
1.38276
1.5498
1.42707
1.61236
0
1.60489
1.27744
1.53464
1.54301
0.293392
1.41219
1.40078
1.50818
1.48035
0
1.57348
1.28129
1.52163
1.5196
1.74848
1.36147
1.43017
1.47464
1.49416
1.33114
1.52501
0.901977
1.54604
0
1.58873
1.16618
1.4452
1.45829
1.43089
0
1.61647
0.252332
0.306585
1.28945
1.46499
1.45876
1.42325
0
0
1.67591
1.28567
1.46865
1.48148
0
1.51152
1.27166
1.57052
0
1.48647
1.48262
1.53383
1.54211
1.71005
1.36077
1.53496
1.42308
1.61212
0
1.63161
1.50147
1.46588
1.45006
1.41434
1.43824
1.391
0.72599
1.52654
0.92207
1.54886
1.4235
1.59497
1.53993
1.4219
1.61266
0
1.63107
1.50247
1.42212
1.55265
1.41913
1.61255
1.48651
1.60247
1.54747
1.45277
1.42393
1.38671
0
1.36275
1.32878
1.26928
1.51379
1.50307
1.71348
1.36496
0.879935
0
1.21825
1.3325
0.999992
1.51951
1.52115
0.317885
1.50534
1.2935
1.57763
0
1.55396
0
0.360883
1.56754
1.47026
1.49026
1.44304
0
1.56878
1.27961
1.52137
1.51945
0.315634
1.50419
1.29549
1.57815
1.32292
1.41625
0
1.34996
1.32888
1.20282
1.5339
1.54094
1.31104
1.5103
1.56826
1.1427
1.4651
1.48545
1.42822
1.36019
1.43618
1.33663
0
1.25413
1.33284
0.922285
1.53976
1.42479
1.6122
0
1.60558
1.30418
1.51707
1.52038
0
1.61916
0.300789
1.83875
1.42076
1.517
1.47783
0.294041
0
0.414338
1.13142
0
1.58229
1.4206
1.54562
1.53796
0.339123
0
0.330169
0.298401
0.668717
0.319084
1.62982
1.44095
1.55051
1.53828
0.345291
0
0.325881
1.75157
1.43988
1.50062
1.46568
0
1.56948
1.28054
1.52154
1.51953
1.44977
1.63008
1.56766
1.39178
0
1.58302
1.17119
1.41187
1.55415
1.53818
0.346019
0
0.325842
1.75253
1.43977
1.50054
1.46561
1.45013
1.62773
1.54489
1.42209
1.61253
1.07385
0
0.411792
1.11165
1.48854
1.44428
1.50932
1.47524
1.71292
1.37076
1.42776
1.46617
1.49315
1.33258
1.52512
0.901824
1.54602
0
1.52198
1.52677
1.51749
1.51712
0.321466
1.50496
1.29438
1.57802
1.42924
1.61719
1.5591
1.42106
0
1.53982
1.2364
1.52991
1.54214
1.30986
1.51016
1.69813
1.59247
1.46544
1.60365
1.55009
1.45567
0
1.57593
1.28006
1.52012
1.51912
1.44981
1.63011
1.56767
1.37532
1.62841
1.40292
1.51696
0.66312
1.5296
0
1.55449
1.16654
1.44379
1.45953
1.42498
0
1.50931
1.26986
1.57133
0.660486
1.55213
1.23548
1.5599
1.42556
1.59859
1.54
1.5438
1.31553
1.51668
1.56786
0
0
1.63101
1.46427
1.54456
1.53708
1.73081
1.34436
1.53415
1.4217
1.61212
0
1.60497
1.27733
1.53465
1.54301
1.22233
1.47331
1.48631
1.43881
1.62283
1.54791
1.42202
1.61246
0
1.63093
1.50288
1.46548
1.45025
1.41456
1.43829
1.3895
0
1.4281
1.3123
1.38045
1.51253
1.43299
1.36257
1.43654
1.33682
0
1.25394
1.10703
1.46499
1.41767
1.54781
1.42382
1.61216
1.07774
0
0.41184
1.11184
1.48853
1.43071
1.54826
1.42397
1.61216
1.4873
1.60222
1.54731
1.45595
0
1.61721
0.283254
0.32779
1.22741
1.90744
1.39165
1.55587
1.42513
1.61239
1.41461
1.37583
1.51683
0.651463
1.52911
0
1.48806
1.53012
1.51654
1.51654
1.75436
1.36182
1.43015
1.47463
1.49415
1.33113
0
1.11085
1.33369
1.17231
1.53931
1.54516
1.31095
1.51165
1.56855
1.36781
1.28258
1.53087
1.54707
1.21363
1.47181
1.48613
0
1.57871
1.27923
1.51914
1.51881
1.44986
1.62817
1.54535
1.42198
1.61249
0
1.63097
1.50284
1.46551
1.45024
1.41454
0
1.51273
1.26841
1.5707
1.4279
1.61676
1.55878
1.42241
0
1.53996
1.23644
1.52991
1.42239
1.61204
1.4151
1.37482
0.956941
0
1.4222
1.34179
1.42238
1.50254
0
1.50632
1.27006
1.57577
1.32585
1.41536
1.5169
0.693565
1.53086
1.36676
1.39288
1.43143
1.46639
1.21646
1.52313
0.903274
1.54615
1.34644
1.4139
1.42948
1.33003
0
1.25713
1.33274
0.92239
1.53978
1.54521
0.30484
1.41897
1.369
1.54843
1.42241
1.61246
1.07964
1.53379
1.24957
1.57065
0.638495
0
1.67929
1.29462
1.4696
1.48277
1.45189
1.63098
1.56824
1.41132
0
1.50253
1.51992
1.51829
1.5181
0
1.58045
1.28954
1.52141
1.51985
1.74779
1.34812
0
1.42741
1.32489
1.43066
1.50076
0
1.618
1.68138
1.40998
1.55119
1.41912
1.61251
0
1.60353
1.27543
1.53476
1.42354
1.61212
1.07903
0
1.69781
1.35809
1.48138
1.75603
1.60071
1.46609
1.60349
1.54626
1.42096
1.61264
1.07788
0
1.69781
1.3581
1.48138
1.75601
1.60073
1.39943
1.37786
0
1.42793
1.31222
1.3807
1.51257
0
1.581
1.24501
1.52977
1.54243
1.70998
1.39298
1.51904
1.49229
0
1.57414
1.24806
1.52933
1.42302
1.61205
0
1.60452
1.27682
1.53468
1.42357
1.6121
0
1.63146
0.318745
1.86404
1.42178
1.51756
1.47777
0.295224
1.50934
1.27055
1.5764
1.42889
1.61135
1.55895
1.41437
0.368594
0
1.66551
1.29527
1.46953
1.4828
0
1.59503
1.26032
1.52951
1.42302
1.61209
1.41505
1.37567
0
1.42803
1.36295
1.47869
1.569
1.14257
1.46514
1.48559
0
1.50755
1.26964
1.57552
0.66399
1.55351
1.22494
1.55891
0.637361
0
1.68556
1.35855
1.48172
1.74248
1.60189
1.46702
1.604
1.55629
1.43511
1.7224
1.38361
1.51635
0.656308
1.52913
0.667379
1.54959
1.24801
1.56305
0.641915
0
0.404044
1.34217
1.17781
1.53228
1.4246
1.61222
1.4885
1.6021
1.54703
1.54104
1.22783
1.47368
1.48559
1.43042
1.35204
1.51704
0.640874
1.52876
0.665192
0
1.69343
1.35729
1.4816
1.57046
1.13463
1.46459
1.48618
0
1.57694
1.27899
1.5191
1.51878
1.44986
1.62817
1.54535
1.42198
1.61252
1.07372
0
0.411791
1.34569
1.18365
1.53297
1.54477
1.31078
1.51184
1.56861
1.14034
1.46494
1.48604
0
1.61646
0.285612
0.345008
1.22181
0.410481
1.62571
1.4668
1.46056
1.42171
0
1.51124
1.26904
1.57096
1.3572
1.41194
0
1.42731
1.32455
1.43081
1.50071
1.44001
1.62561
1.56643
1.38311
1.64667
1.40169
0
1.35969
1.01469
1.4828
1.41037
1.54509
1.5381
1.22524
1.47387
1.48605
0
1.61776
1.43085
1.40945
1.55121
1.41913
1.61254
1.07668
1.53404
1.24942
1.5706
1.32178
1.41649
1.5169
0.694494
1.5309
0.677784
1.54907
1.2489
1.56354
0
1.48332
1.52978
1.51656
1.51658
0.322017
0
1.68367
1.3582
1.48139
1.75627
1.60068
1.46607
1.60348
1.54626
1.54101
0.339314
1.41973
1.40533
1.50816
1.47931
1.7247
1.36225
1.51675
0.708766
1.53178
1.42314
1.59831
1.55629
1.42507
1.73515
1.38309
0.729206
1.52683
0.921825
1.54867
1.35229
1.41239
0.743313
1.52776
0.921773
1.54869
1.42347
1.59493
1.53993
1.42191
1.61269
1.07589
1.53408
1.24942
1.5706
1.32178
1.41649
1.5169
0.694489
1.5309
1.36679
1.39195
0
1.36028
1.06926
0
0.396073
0.669384
0.672518
0.356305
1.60298
1.42671
1.55034
1.53753
1.22824
1.47397
1.48545
1.43017
1.35206
0
1.4281
1.31233
1.38047
1.51252
0
0
0.414088
1.34528
1.17844
1.53641
1.54445
1.21531
1.47211
1.48618
0
1.57866
1.27922
1.51914
1.51881
1.44986
1.62817
1.54535
1.42198
1.61249
0
1.63097
0.319093
0.321626
1.22473
0.411727
1.42614
0.415376
1.61081
1.42742
1.5501
1.53745
1.72803
1.33754
1.53404
1.42307
1.61212
1.48768
1.60229
1.54731
1.45591
1.44936
1.63015
1.54493
1.4217
1.61252
1.48661
1.6037
1.54735
1.45585
0
1.57604
1.24495
1.5297
1.54239
1.22189
1.47331
1.48631
1.4388
1.6244
1.56605
1.38517
0.368237
0
0.400593
1.33937
1.18057
1.53227
1.54814
1.31088
1.51174
1.5685
1.36799
1.32648
1.52887
1.51545
1.45032
1.63065
1.54773
1.42152
1.61252
1.07354
1.53417
1.24939
1.57061
1.42766
1.60177
1.55837
1.41692
1.71397
1.38285
0
1.42804
1.36298
1.4787
1.69972
1.61663
1.47069
1.60483
1.55637
1.43462
0.337573
1.54682
1.24385
1.56319
1.4263
1.60022
1.54327
1.42167
1.61268
1.48669
1.60357
1.54694
1.54101
1.73055
1.37872
1.51838
1.49367
0
1.61656
1.50788
1.461
1.45482
1.41835
1.439
1.39099
0.727862
0
1.41645
1.33786
1.41967
1.50289
1.43048
1.36197
0.9013
0
1.01042
1.14347
0
1.63671
1.42282
1.54593
1.53783
1.7273
1.34755
1.53429
1.4217
1.61215
0.838546
0
1.6978
1.28588
1.46861
1.48219
0
1.59541
1.29183
1.51937
1.51938
1.4498
1.62814
1.54535
1.42198
1.61249
1.48659
1.60371
1.54735
1.45269
1.42391
1.3867
1.51632
0.653431
1.52914
1.42258
1.59658
1.54019
1.54384
1.22898
1.47335
1.48565
1.43063
1.35196
1.51704
0.640811
1.5289
1.42253
1.59655
1.54018
1.54384
1.3155
1.51666
1.67913
1.59942
0
1.57293
1.24217
1.52985
1.42279
1.61207
1.41505
1.37484
1.43401
1.3372
0
1.42194
1.39037
1.48065
1.56996
1.27804
1.51658
1.5692
1.37331
1.3311
1.52909
1.51547
1.45033
1.63066
1.54773
1.54596
1.21628
1.47185
1.48589
1.43877
1.62281
1.5479
1.54609
1.21634
1.47186
1.48591
0
1.61766
1.43068
1.45401
1.45358
1.41908
1.43935
1.391
1.44181
1.46609
1.49317
1.33316
1.52516
0.901821
1.54602
0
1.52197
1.48176
1.53061
1.54231
1.22209
1.4733
1.48631
1.4388
1.6244
1.56605
1.38516
0.36824
1.56678
1.19918
1.55323
1.44019
1.59719
1.53996
1.54402
1.31539
1.51683
1.56792
1.28294
1.51401
1.56935
1.37114
1.33087
1.52909
1.51544
0
1.62669
0.309628
0.310585
1.28977
1.42292
1.54924
1.42307
1.61241
1.07605
0
1.69778
1.28597
1.46862
1.48219
1.45305
1.6293
1.54385
1.4223
1.61252
0
1.60354
1.30218
1.51727
1.52028
0.312381
0
1.68337
1.28423
1.46842
1.48127
0
1.51199
1.27148
1.57043
0
1.55482
1.16414
1.44321
1.45938
1.43156
1.45004
1.62757
1.54455
1.54638
1.31089
1.51284
1.5682
0
0
1.63039
1.48123
1.52629
1.47209
0.300579
1.51212
1.26936
1.57574
0
1.55322
1.16387
1.44314
1.45942
1.43164
0
1.5668
1.24441
1.52944
1.42295
1.61207
1.41507
1.37566
0
1.42803
1.36295
1.47869
1.69961
1.61663
1.4707
1.60482
1.55637
1.43935
1.45217
1.63509
1.56884
1.38917
0.70352
1.56755
0.919736
1.54874
1.44214
1.59737
1.55779
1.40913
1.69525
1.39783
0.724536
0
1.41603
1.33766
1.41955
1.50291
0
0
0.413877
1.34519
1.1783
1.53639
1.54441
1.71428
1.33566
1.5303
1.54586
0.318085
1.41947
1.37026
1.54851
1.53743
1.72146
1.34841
1.53452
1.54299
1.71408
1.38939
1.51916
1.49269
0
1.61645
0.301659
1.8437
1.40449
1.55369
1.53515
1.73278
1.38425
1.51524
1.49082
0.274207
0
0.414476
1.34572
1.26386
1.51573
1.5041
0.275511
1.50555
1.2711
1.57681
1.42899
1.61016
1.54331
1.54368
1.22917
1.47336
1.48618
1.43882
1.62441
1.56605
1.38522
0.368216
0
0.400599
1.06833
1.48827
1.44817
1.50902
1.4749
1.45013
1.6301
1.56773
1.39098
0
1.49972
1.47589
1.53324
1.42222
1.61204
1.07934
0
0.411845
1.34571
1.26678
1.51542
1.5038
0.274954
0
0.414686
1.13151
0
1.58209
1.42052
1.54562
1.4251
1.61227
1.48787
1.60202
1.54698
1.42189
1.61259
1.41493
1.37498
1.43402
1.33721
1.52607
0.898443
1.54576
0.61554
1.55301
1.23287
1.55929
1.42542
1.59841
1.54
1.5438
1.31553
1.51667
1.67894
1.59943
1.46667
1.60392
1.55619
1.43525
0.338226
0
1.67319
1.35915
1.48109
1.74668
1.60159
0.969176
1.53885
1.24578
1.56495
0.633694
0
0.403845
1.34227
1.26631
1.51417
1.50273
1.70361
1.36464
0.879891
1.5226
0.895799
1.54506
0.635232
0
1.68666
1.29203
1.46943
1.48188
0
1.5109
1.27191
1.57063
1.35635
1.41527
1.43364
1.46658
1.49295
1.4936
1.49629
1.49574
1.32085
1.52445
0.902745
1.54606
1.34563
1.41124
0
1.42734
1.381
1.48627
1.5693
1.3482
1.31278
1.52595
1.51646
0
1.61887
1.50383
1.46054
1.45435
1.42666
0
1.56586
1.24415
1.52945
1.42294
1.61204
1.48721
1.60215
1.54697
1.54101
0.336785
0
1.69624
1.4557
1.5487
1.42288
1.61251
0
1.60466
1.30346
1.51714
1.52036
0.312126
1.50382
1.29566
1.57823
1.42929
1.61723
1.55912
1.4133
0.368711
1.5601
1.21993
1.55723
0.626955
0
0.403884
1.34207
1.17761
1.53227
1.54331
1.21604
1.47222
1.48618
0
1.57869
1.27923
1.51914
1.51881
0
1.58024
1.28913
1.52142
1.51985
1.74781
1.36146
0.88211
0
1.21485
1.33253
0.999992
1.51949
1.52115
1.44973
1.63019
1.56769
1.37475
1.62663
1.40571
1.43512
1.46537
1.21264
1.52307
0.903267
1.54614
1.34644
1.41106
1.517
0.679444
1.5302
0.67408
1.54925
1.24856
1.56341
1.35346
1.4148
0.74464
1.52787
0.92193
1.5487
1.42347
1.59493
1.53993
1.54388
1.31548
1.51667
1.67911
1.59943
1.40106
1.37646
0.949521
0
1.42215
1.34175
1.42237
1.50278
0
1.61768
1.68134
1.45435
1.45354
1.42741
0
1.56599
1.24418
1.52945
1.54244
1.22187
1.47331
1.48576
1.43017
1.35876
1.43669
1.46801
1.49341
1.33268
0
1.11248
1.1121
0
0.399747
2.12004
1.40179
1.46429
1.4477
0
0
0.413989
1.34514
1.26355
1.51558
1.50406
1.71183
1.36468
0.880045
0
1.21829
1.12485
0
1.64082
1.42362
1.54608
1.53778
0.34102
0
1.7097
1.46585
1.54565
1.42554
1.61233
1.4878
1.60217
1.54726
1.45596
0
1.61721
1.43891
1.45657
1.45332
1.4274
0
1.61614
0.251451
1.85143
1.4203
1.51702
1.47877
1.45099
1.62847
1.54494
1.42205
1.61253
1.41443
1.37593
1.51683
0.651681
1.52899
0.668263
0
1.69374
1.35725
1.48159
1.57047
1.27698
1.51672
1.56931
1.13296
1.46451
1.48536
0
0
0.413697
1.12983
0
1.58339
1.4208
1.54563
1.42511
1.61227
1.48787
1.60219
1.54726
1.45279
1.42392
1.38668
1.51632
0.653448
1.52915
0
1.48758
1.48152
1.53387
1.5421
0.291446
0
1.7003
1.46773
1.54587
1.53741
0.346933
1.42754
1.37536
1.54519
1.42234
1.61247
1.07956
0
1.69777
1.28593
1.46861
1.48136
1.4223
1.35668
0
1.42812
1.36301
1.47864
1.56866
1.34211
1.31094
1.5255
1.51657
0
1.57973
1.25638
1.52921
1.54252
1.70995
1.39291
1.51904
1.49204
1.71621
1.36765
1.42793
1.46637
1.49318
1.49373
1.49637
1.49576
1.49604
1.49587
1.3217
1.5245
0.902727
1.54614
1.44125
1.59587
1.55729
1.41255
0.367517
1.56061
1.21815
1.55686
0
1.48116
1.52907
1.51654
1.51652
1.75443
1.36181
1.43015
1.33919
0
1.4223
1.34349
1.42233
1.50267
1.43039
1.36213
1.43619
1.46768
1.21305
0
1.4159
1.34248
1.4205
1.50297
0
0
0.413871
1.34519
1.17829
1.53639
1.42479
1.61223
1.48844
1.60209
1.54702
1.42188
1.61259
1.07813
1.53394
1.24948
1.57062
0.638406
1.55385
1.22234
1.55834
0
1.54749
1.16555
1.45247
1.46251
1.43208
0
1.56678
1.24438
1.52944
1.42295
1.61204
0
1.63147
1.50145
1.42228
1.55262
1.53828
0.347473
1.4227
1.40637
1.50832
1.47963
0
1.61616
1.50875
1.42086
1.55322
1.42039
1.61253
1.07669
0
0.411806
1.3457
1.26679
1.51542
1.5038
0.274947
0
0.414686
1.34583
1.17935
1.53651
1.54454
1.2152
1.4721
1.48561
0
1.50654
1.26991
1.5757
0
1.48466
1.53061
1.5166
1.51665
1.45006
1.63032
1.56772
1.3912
0
1.58306
1.17118
1.41187
1.55415
1.41958
1.61251
1.48638
1.60363
1.54693
1.42189
1.61259
1.41493
1.37499
0.95681
0
1.42219
1.34178
1.42237
1.50254
1.4304
1.36207
0.901281
0
1.41738
1.38661
1.48171
1.56995
1.27802
1.51653
1.56921
1.37325
1.28801
1.53093
1.42486
1.61215
0
1.63176
1.50092
1.42246
1.55261
1.41912
1.61255
1.48652
1.6023
1.54692
1.4219
1.61259
1.41493
1.37578
1.51682
0.651384
1.52911
0
1.48806
1.53012
1.51654
1.51653
0
1.61917
0.300399
1.83791
1.4046
1.55369
1.53549
1.22727
1.47421
1.48537
1.43002
1.35858
1.43669
1.46802
1.49341
1.33268
1.52513
0.901856
1.54595
0.605666
1.55335
1.23085
1.55884
1.35274
1.41404
1.4335
1.33015
0
1.25629
1.33276
0.999992
1.51978
1.52105
0
1.61862
0.300895
1.83963
1.42075
1.51701
1.47853
0
1.6158
0.299993
0.29619
1.23646
1.90071
1.39131
1.55587
1.42513
1.61239
1.41462
1.37583
0
1.36152
1.32876
1.20115
1.53876
1.42437
1.61223
1.48799
1.60228
1.54727
1.4559
0
1.57607
1.24496
1.5297
1.54239
1.31
1.51024
1.69733
1.59254
0.965531
0
0.410546
1.34517
1.26689
1.51527
1.50382
1.4482
1.63767
1.56807
1.40957
0
1.50257
1.47549
1.5332
1.42226
1.61205
1.07935
1.53381
1.24951
1.57063
1.32176
1.41937
1.42659
1.32891
1.52613
0.896568
1.54564
1.35012
1.41236
0.738525
0
0.969271
1.14841
1.47816
1.42213
1.54805
1.42393
1.61215
1.48731
1.60222
1.54731
1.45279
0
1.5238
1.26222
1.56824
0
1.48554
1.48224
1.53384
1.42178
1.61204
1.07902
0
0.41184
1.34571
1.18365
1.53297
1.42484
1.61226
0.83746
1.53327
1.24992
1.57077
1.32175
1.4165
0
1.42694
1.38062
1.48644
1.56959
1.27899
1.51608
1.73289
1.58958
0.929091
1.54021
1.24459
1.56453
0
1.48354
1.48164
1.53385
1.54211
1.22198
1.4733
1.48576
0
1.50616
1.27002
1.57576
0
1.48468
1.48235
1.53383
1.42179
1.61201
1.48702
1.60235
1.54737
1.4559
1.44938
1.63297
1.56842
1.40455
1.45793
1.6439
1.53909
1.42267
1.61271
1.07566
1.53405
1.24947
1.57063
1.42767
1.60093
1.54323
1.54372
1.72777
1.36924
1.52014
1.49558
1.71957
1.35744
0
1.42746
1.32494
1.4307
1.50076
1.44002
1.62394
1.54779
1.54609
1.31121
1.51264
1.69611
1.59731
0.963664
0
1.69594
1.28752
1.46876
1.48227
1.45277
1.62927
1.54387
1.54653
1.72895
1.34472
1.52106
1.50088
0
1.61713
1.50667
1.42019
1.5532
1.53847
0.345039
0
1.70022
1.46977
1.51709
1.47041
1.45074
1.62847
1.54487
1.54628
1.21577
1.47179
1.48533
1.42991
1.35881
1.43664
1.46799
1.21342
1.52304
0.903194
1.5462
0
1.5159
1.52681
1.51746
1.51711
0.32149
0
0.415337
1.13334
0
1.58117
1.42028
1.54561
1.53796
0.339099
1.42589
1.37408
1.54844
1.53749
1.72167
1.34799
1.53451
1.543
1.22471
1.47346
1.48579
0
0
1.67899
1.3577
1.48247
1.57066
1.27652
1.51682
1.56924
1.37336
1.28811
1.53094
1.42486
1.61215
0
1.60499
1.27752
1.53464
1.42358
1.6121
1.48723
1.60232
1.54735
1.45275
1.42392
1.38669
0
1.42813
1.31226
1.38039
1.51265
1.44121
1.62658
1.56672
1.38125
1.63983
1.40473
1.43529
1.33191
1.52618
0.895563
1.54548
1.35023
1.41227
0.738563
0
0.969576
1.14838
0
1.63677
1.42264
1.54591
1.53784
0.340242
0
1.70963
1.46588
1.54565
1.42554
1.61235
1.07871
0
0.411852
1.34571
1.18364
1.53297
1.42484
1.61226
1.41269
1.3749
1.43411
1.33721
1.52607
0.898448
1.54576
0.615524
0
0.403889
1.09991
0
1.58846
1.4205
1.54553
1.53815
1.22542
1.47394
1.4855
1.43016
1.35206
0
1.36245
1.32885
1.20148
1.53877
1.54938
1.31163
1.51171
1.56849
1.36799
1.32647
1.52887
1.51545
1.45032
1.63065
1.54773
1.54596
1.21628
1.47185
1.48589
0
1.57887
1.27926
1.51914
1.51882
1.74993
1.34838
0
1.42741
1.38119
1.48611
1.56961
1.13872
1.46488
1.48616
1.43885
1.62288
1.54591
1.42203
1.61249
1.41438
1.37593
1.51683
0.651671
1.52912
0
1.48807
1.53013
1.51654
1.51653
0
1.61917
1.50388
1.46067
1.4543
1.41799
1.4389
1.38948
0
1.42811
1.36301
1.47866
1.69969
1.61666
0.995323
1.53776
1.24641
1.56528
0
1.48389
1.53011
1.5166
1.51661
0.321961
0
0.415343
1.13335
0
1.58115
1.42028
1.54561
1.4251
1.6123
1.41495
1.37496
0.956981
0
1.20472
1.33258
0.999992
1.51944
