1	1	0	1	1.42528
5	4	1	3	1.60282
15	8	3	5	0.486077
20	11	5	0	1.69651
2	2	0	2	1.54505
12	6	2	4	0
17	9	4	3	1.45105
14	7	3	2	1.2332
10	6	2	4	0.556535
18	10	4	5	0
19	11	5	0	1.56927
1	1	0	1	1.35509
5	4	1	3	1.5732
15	8	3	5	0.509276
20	11	5	0	1.73729
2	2	0	2	1.53631
12	6	2	4	0
18	10	4	5	0
19	11	5	0	1.56223
2	2	0	2	1.36114
8	5	2	2	1.35917
11	6	2	4	0.426692
18	10	4	5	0
19	11	5	0	1.5665
2	2	0	2	1.36161
8	5	2	2	1.37363
11	6	2	4	0.415048
18	10	4	5	0
19	11	5	0	1.5667
1	1	0	1	1.34991
4	3	1	1	0
6	4	1	3	1.02029
15	8	3	5	0.289329
20	11	5	0	1.45795
1	1	0	1	1.57382
5	4	1	3	1.50208
13	7	3	2	1.86168
10	6	2	4	0.521035
18	10	4	5	0
19	11	5	0	1.5463
1	1	0	1	1.35012
4	3	1	1	0
6	4	1	3	1.02015
13	7	3	2	1.85491
9	5	2	2	2.0634
11	6	2	4	0.861979
18	10	4	5	0
19	11	5	0	1.51024
1	1	0	1	1.34941
5	4	1	3	1.56403
13	7	3	2	2.07275
9	5	2	2	2.12894
11	6	2	4	0.86372
18	10	4	5	0
19	11	5	0	1.52017
1	1	0	1	1.34952
5	4	1	3	1.56502
13	7	3	2	2.07224
9	5	2	2	2.12953
7	5	2	2	0.931334
7	5	2	2	0.890639
7	5	2	2	0.941254
7	5	2	2	1.24965
11	6	2	4	1.12075
17	9	4	3	1.54081
16	8	3	5	1.32637
20	11	5	0	1.54633
1	1	0	1	1.56066
4	3	1	1	0
3	3	1	1	1.28788
6	4	1	3	0.7093
15	8	3	5	0.471138
20	11	5	0	1.49189
1	1	0	1	1.56005
5	4	1	3	1.5025
15	8	3	5	0.570013
20	11	5	0	1.37207
2	2	0	2	1.57782
12	6	2	4	0
18	10	4	5	0
19	11	5	0	1.56155
1	1	0	1	1.35134
5	4	1	3	1.5838
13	7	3	2	2.05866
10	6	2	4	0.58001
17	9	4	3	1.52303
14	7	3	2	1.26424
10	6	2	4	0.565293
18	10	4	5	0
19	11	5	0	1.57021
1	1	0	1	1.3556
5	4	1	3	1.57378
13	7	3	2	2.06252
10	6	2	4	0.577461
18	10	4	5	0
19	11	5	0	1.55574
2	2	0	2	1.36859
12	6	2	4	0
18	10	4	5	0
19	11	5	0	1.56165
2	2	0	2	1.36057
12	6	2	4	0
18	10	4	5	0
19	11	5	0	1.56164
2	2	0	2	1.36065
12	6	2	4	0
18	10	4	5	0
19	11	5	0	1.56165
2	2	0	2	1.36047
8	5	2	2	1.36299
11	6	2	4	0.420567
18	10	4	5	0
19	11	5	0	1.56649
2	2	0	2	1.36161
8	5	2	2	1.37364
11	6	2	4	0.415048
17	9	4	3	1.45361
16	8	3	5	1.34639
20	11	5	0	1.54782
1	1	0	1	1.55599
4	3	1	1	0
6	4	1	3	0
15	8	3	5	0.284311
20	11	5	0	1.46788
2	2	0	2	1.57293
8	5	2	2	1.36987
11	6	2	4	0.51913
18	10	4	5	0
19	11	5	0	1.56025
1	1	0	1	1.34911
4	3	1	1	0
3	3	1	1	1.39466
3	3	1	1	1.61949
3	3	1	1	1.35627
3	3	1	1	1.45199
3	3	1	1	1.4677
3	3	1	1	1.47021
6	4	1	3	0
15	8	3	5	0.478577
20	11	5	0	1.46615
2	2	0	2	1.57676
8	5	2	2	1.36818
7	5	2	2	0.66989
11	6	2	4	0
18	10	4	5	0
19	11	5	0	1.54154
1	1	0	1	1.35487
4	3	1	1	0
3	3	1	1	1.39422
3	3	1	1	1.61605
3	3	1	1	1.35495
3	3	1	1	1.45196
6	4	1	3	0
13	7	3	2	1.96911
9	5	2	2	1.92482
7	5	2	2	0.896747
7	5	2	2	0.880906
7	5	2	2	0.939343
7	5	2	2	1.24706
11	6	2	4	1.12893
17	9	4	3	1.53473
14	7	3	2	1.18937
10	6	2	4	0.566869
17	9	4	3	1.45492
16	8	3	5	1.34723
20	11	5	0	1.5536
2	2	0	2	1.55014
12	6	2	4	0
18	10	4	5	0
19	11	5	0	1.56006
2	2	0	2	1.36254
8	5	2	2	1.35959
11	6	2	4	0.426326
17	9	4	3	1.45393
14	7	3	2	1.24726
10	6	2	4	0.56067
17	9	4	3	1.46759
16	8	3	5	1.34575
20	11	5	0	1.55282
2	2	0	2	1.55106
8	5	2	2	1.35125
7	5	2	2	0.59604
11	6	2	4	0
18	10	4	5	0
19	11	5	0	1.54089
2	2	0	2	1.36532
8	5	2	2	1.37679
11	6	2	4	0.405932
18	10	4	5	0
19	11	5	0	1.56665
2	2	0	2	1.3618
8	5	2	2	1.37348
7	5	2	2	0.487163
11	6	2	4	0
18	10	4	5	0
19	11	5	0	1.54042
2	2	0	2	1.36508
8	5	2	2	1.37694
7	5	2	2	0.474764
7	5	2	2	1.15743
11	6	2	4	0.966274
17	9	4	3	1.45861
14	7	3	2	1.22896
9	5	2	2	2.01343
7	5	2	2	0.97338
7	5	2	2	0.909178
11	6	2	4	0.456731
17	9	4	3	1.57631
16	8	3	5	1.3252
20	11	5	0	1.54639
2	2	0	2	1.55637
12	6	2	4	0
17	9	4	3	1.45917
14	7	3	2	1.25321
9	5	2	2	2.02324
7	5	2	2	0.971441
7	5	2	2	0.90726
7	5	2	2	0.921348
11	6	2	4	0.579244
18	10	4	5	0
19	11	5	0	1.51846
2	2	0	2	1.36456
12	6	2	4	0
17	9	4	3	1.43902
16	8	3	5	1.34686
20	11	5	0	1.57095
2	2	0	2	1.54673
12	6	2	4	0
17	9	4	3	1.45404
14	7	3	2	1.2344
9	5	2	2	2.024
11	6	2	4	0.875962
18	10	4	5	0
19	11	5	0	1.51263
1	1	0	1	1.3527
5	4	1	3	1.56524
15	8	3	5	0.514303
20	11	5	0	1.7371
1	1	0	1	1.53412
4	3	1	1	0
6	4	1	3	0
15	8	3	5	0
20	11	5	0	1.47562
1	1	0	1	1.56763
5	4	1	3	1.5021
13	7	3	2	1.86158
10	6	2	4	0.521017
17	9	4	3	1.5389
14	7	3	2	1.26749
9	5	2	2	2.02274
11	6	2	4	0.877459
18	10	4	5	0
19	11	5	0	1.51238
2	2	0	2	1.36043
12	6	2	4	0
18	10	4	5	0
19	11	5	0	1.56083
2	2	0	2	1.36008
8	5	2	2	1.36408
11	6	2	4	0.418664
18	10	4	5	0
19	11	5	0	1.56649
2	2	0	2	1.36161
12	6	2	4	0
18	10	4	5	0
19	11	5	0	1.56138
2	2	0	2	1.36036
12	6	2	4	0
18	10	4	5	0
19	11	5	0	1.56163
1	1	0	1	1.35137
5	4	1	3	1.58488
13	7	3	2	2.05849
10	6	2	4	0.580031
17	9	4	3	1.523
14	7	3	2	1.26424
9	5	2	2	2.01561
7	5	2	2	0.971567
11	6	2	4	0.777415
17	9	4	3	1.58751
14	7	3	2	1.19101
10	6	2	4	0.565499
17	9	4	3	1.4555
14	7	3	2	1.2631
9	5	2	2	2.01008
11	6	2	4	0.87657
18	10	4	5	0
19	11	5	0	1.51354
2	2	0	2	1.36086
8	5	2	2	1.38242
7	5	2	2	0.467683
7	5	2	2	1.15745
11	6	2	4	0.965397
18	10	4	5	0
19	11	5	0	1.54537
2	2	0	2	1.37694
8	5	2	2	1.36634
11	6	2	4	0.418747
18	10	4	5	0
19	11	5	0	1.56656
2	2	0	2	1.36168
8	5	2	2	1.37354
7	5	2	2	0.48711
7	5	2	2	1.15662
7	5	2	2	1.39941
11	6	2	4	1.3022
18	10	4	5	0
19	11	5	0	1.53898
2	2	0	2	1.36627
8	5	2	2	1.37976
11	6	2	4	0.402157
17	9	4	3	1.45369
16	8	3	5	1.3464
20	11	5	0	1.54784
2	2	0	2	1.55605
8	5	2	2	1.35366
7	5	2	2	0.601198
7	5	2	2	1.15302
7	5	2	2	1.40077
11	6	2	4	1.30323
18	10	4	5	0
19	11	5	0	1.53897
1	1	0	1	1.35638
4	3	1	1	0
3	3	1	1	1.39498
3	3	1	1	1.61829
3	3	1	1	1.35592
3	3	1	1	1.45207
6	4	1	3	0
13	7	3	2	1.96909
9	5	2	2	1.92482
7	5	2	2	0.896761
11	6	2	4	0.532856
18	10	4	5	0
19	11	5	0	1.51623
1	1	0	1	1.351
5	4	1	3	1.56567
15	8	3	5	0.514487
20	11	5	0	1.73707
1	1	0	1	1.53406
4	3	1	1	0
6	4	1	3	0
15	8	3	5	0
20	11	5	0	1.47562
1	1	0	1	1.56763
5	4	1	3	1.5021
15	8	3	5	0.572689
20	11	5	0	1.36491
1	1	0	1	1.58215
5	4	1	3	1.49101
15	8	3	5	0.570261
20	11	5	0	1.36482
2	2	0	2	1.58307
8	5	2	2	1.38042
11	6	2	4	0.797297
18	10	4	5	0
19	11	5	0	1.55337
2	2	0	2	1.35875
12	6	2	4	0
17	9	4	3	1.43891
16	8	3	5	1.34688
20	11	5	0	1.571
2	2	0	2	1.54674
12	6	2	4	0
17	9	4	3	1.45404
16	8	3	5	1.34644
20	11	5	0	1.5661
2	2	0	2	1.54111
8	5	2	2	1.34806
7	5	2	2	0.649928
7	5	2	2	1.153
7	5	2	2	1.4012
7	5	2	2	1.39883
11	6	2	4	1.31525
17	9	4	3	1.50947
16	8	3	5	1.33354
20	11	5	0	1.54697
1	1	0	1	1.55662
4	3	1	1	0
6	4	1	3	0
15	8	3	5	0.286608
20	11	5	0	1.46749
1	1	0	1	1.57318
4	3	1	1	0
3	3	1	1	1.25355
6	4	1	3	0.500479
15	8	3	5	0.452946
20	11	5	0	1.49395
2	2	0	2	1.5579
8	5	2	2	1.36633
11	6	2	4	0.490136
18	10	4	5	0
19	11	5	0	1.56675
1	1	0	1	1.34999
4	3	1	1	0
6	4	1	3	1.02014
13	7	3	2	1.85548
9	5	2	2	2.06376
11	6	2	4	0.861955
18	10	4	5	0
19	11	5	0	1.51024
2	2	0	2	1.35694
8	5	2	2	1.38472
11	6	2	4	0.392575
17	9	4	3	1.45368
16	8	3	5	1.3464
20	11	5	0	1.54784
1	1	0	1	1.55597
4	3	1	1	0
6	4	1	3	0
13	7	3	2	1.84822
9	5	2	2	2.05489
11	6	2	4	0.863646
18	10	4	5	0
19	11	5	0	1.51039
2	2	0	2	1.35696
8	5	2	2	1.38472
11	6	2	4	0.392591
17	9	4	3	1.45368
14	7	3	2	1.24723
10	6	2	4	0.560708
18	10	4	5	0
19	11	5	0	1.56818
1	1	0	1	1.35345
4	3	1	1	0
6	4	1	3	1.00668
13	7	3	2	1.85607
10	6	2	4	0.448064
17	9	4	3	1.54755
14	7	3	2	1.27106
9	5	2	2	2.01606
11	6	2	4	0.877662
18	10	4	5	0
19	11	5	0	1.51314
1	1	0	1	1.35275
5	4	1	3	1.56531
15	8	3	5	0.514252
20	11	5	0	1.7371
2	2	0	2	1.53433
8	5	2	2	1.3689
7	5	2	2	0.679255
11	6	2	4	0
17	9	4	3	1.5037
16	8	3	5	1.33735
20	11	5	0	1.54746
1	1	0	1	1.55791
4	3	1	1	0
3	3	1	1	1.28733
3	3	1	1	1.27294
3	3	1	1	1.13573
3	3	1	1	1.44462
6	4	1	3	0
15	8	3	5	0.429487
20	11	5	0	1.47365
1	1	0	1	1.57623
5	4	1	3	1.49962
15	8	3	5	0.569741
20	11	5	0	1.37194
2	2	0	2	1.57821
12	6	2	4	0
18	10	4	5	0
19	11	5	0	1.56154
2	2	0	2	1.3614
8	5	2	2	1.35921
7	5	2	2	0.49166
7	5	2	2	1.15792
11	6	2	4	0.968639
18	10	4	5	0
19	11	5	0	1.5454
1	1	0	1	1.36207
4	3	1	1	0
6	4	1	3	0.988729
15	8	3	5	0.289167
20	11	5	0	1.45752
2	2	0	2	1.5741
12	6	2	4	0
17	9	4	3	1.45079
16	8	3	5	1.34731
20	11	5	0	1.56785
2	2	0	2	1.54467
8	5	2	2	1.34761
7	5	2	2	0.648929
7	5	2	2	1.15314
7	5	2	2	1.40119
11	6	2	4	1.30358
18	10	4	5	0
19	11	5	0	1.53897
2	2	0	2	1.36616
12	6	2	4	0
17	9	4	3	1.43881
14	7	3	2	1.22205
9	5	2	2	2.02961
11	6	2	4	0.875176
18	10	4	5	0
19	11	5	0	1.51195
1	1	0	1	1.35259
5	4	1	3	1.56515
13	7	3	2	2.07209
9	5	2	2	2.1297
11	6	2	4	0.86362
17	9	4	3	1.57436
14	7	3	2	1.20569
9	5	2	2	2.01426
7	5	2	2	0.973774
11	6	2	4	0.78284
17	9	4	3	1.58782
14	7	3	2	1.19073
9	5	2	2	2.01535
7	5	2	2	0.973561
7	5	2	2	0.909421
7	5	2	2	0.922232
11	6	2	4	0.579948
18	10	4	5	0
19	11	5	0	1.51825
2	2	0	2	1.3645
12	6	2	4	0
18	10	4	5	0
19	11	5	0	1.56095
2	2	0	2	1.36017
12	6	2	4	0
18	10	4	5	0
19	11	5	0	1.56161
2	2	0	2	1.36063
12	6	2	4	0
17	9	4	3	1.44132
14	7	3	2	1.22546
10	6	2	4	0.555248
17	9	4	3	1.46172
16	8	3	5	1.34453
20	11	5	0	1.55257
2	2	0	2	1.55158
8	5	2	2	1.35089
11	6	2	4	0.462947
18	10	4	5	0
19	11	5	0	1.56649
2	2	0	2	1.36164
8	5	2	2	1.3735
7	5	2	2	0.487156
7	5	2	2	1.15662
7	5	2	2	1.39941
7	5	2	2	1.39824
7	5	2	2	1.38042
11	6	2	4	1.11607
18	10	4	5	0
19	11	5	0	1.52887
1	1	0	1	1.35505
4	3	1	1	0
3	3	1	1	1.39565
6	4	1	3	0.35514
15	8	3	5	0.501973
20	11	5	0	1.49086
1	1	0	1	1.58565
5	4	1	3	1.50807
13	7	3	2	1.88892
9	5	2	2	2.07543
7	5	2	2	0.933652
7	5	2	2	0.894896
7	5	2	2	0.943192
11	6	2	4	1.0161
18	10	4	5	0
19	11	5	0	1.52156
1	1	0	1	1.35572
4	3	1	1	0
6	4	1	3	1.03231
15	8	3	5	0.289848
20	11	5	0	1.458
2	2	0	2	1.57385
12	6	2	4	0
18	10	4	5	0
19	11	5	0	1.56206
1	1	0	1	1.35138
4	3	1	1	0
3	3	1	1	1.39053
6	4	1	3	0.355088
13	7	3	2	2.01983
10	6	2	4	0.30098
17	9	4	3	1.50619
14	7	3	2	1.25527
9	5	2	2	2.01407
7	5	2	2	0.972555
7	5	2	2	0.907317
7	5	2	2	0.921174
11	6	2	4	0.577575
17	9	4	3	1.55519
16	8	3	5	1.32691
20	11	5	0	1.5451
2	2	0	2	1.56242
8	5	2	2	1.35138
7	5	2	2	0.598918
7	5	2	2	1.15356
11	6	2	4	0.99557
18	10	4	5	0
19	11	5	0	1.54596
2	2	0	2	1.37698
12	6	2	4	0
18	10	4	5	0
19	11	5	0	1.56156
2	2	0	2	1.36052
8	5	2	2	1.36323
7	5	2	2	0.484945
11	6	2	4	0
18	10	4	5	0
19	11	5	0	1.54032
1	1	0	1	1.3544
4	3	1	1	0
3	3	1	1	1.39433
3	3	1	1	1.61618
6	4	1	3	0
15	8	3	5	0.429826
20	11	5	0	1.47398
1	1	0	1	1.56709
5	4	1	3	1.50292
13	7	3	2	1.89272
9	5	2	2	2.07543
7	5	2	2	0.933628
11	6	2	4	0.648841
18	10	4	5	0
19	11	5	0	1.51981
1	1	0	1	1.35226
5	4	1	3	1.56687
15	8	3	5	0.514075
20	11	5	0	1.73701
2	2	0	2	1.53452
12	6	2	4	0
18	10	4	5	0
19	11	5	0	1.56224
2	2	0	2	1.36113
12	6	2	4	0
18	10	4	5	0
19	11	5	0	1.56182
1	1	0	1	1.35107
5	4	1	3	1.5848
13	7	3	2	2.05849
9	5	2	2	2.1366
7	5	2	2	0.930571
11	6	2	4	0.631087
18	10	4	5	0
19	11	5	0	1.51962
1	1	0	1	1.35216
4	3	1	1	0
3	3	1	1	1.39242
6	4	1	3	0.354456
15	8	3	5	0.501761
20	11	5	0	1.49087
1	1	0	1	1.58564
5	4	1	3	1.50806
15	8	3	5	0.570148
20	11	5	0	1.36989
1	1	0	1	1.57983
4	3	1	1	0
3	3	1	1	1.2769
6	4	1	3	0.769339
15	8	3	5	0.446367
20	11	5	0	1.49427
2	2	0	2	1.5575
8	5	2	2	1.36635
11	6	2	4	0.489996
17	9	4	3	1.45335
16	8	3	5	1.3462
20	11	5	0	1.54772
1	1	0	1	1.55613
5	4	1	3	1.50589
15	8	3	5	0.573031
20	11	5	0	1.36329
1	1	0	1	1.58493
4	3	1	1	0
6	4	1	3	0
15	8	3	5	0
20	11	5	0	1.47595
1	1	0	1	1.5676
5	4	1	3	1.50205
13	7	3	2	1.86156
10	6	2	4	0.521017
17	9	4	3	1.5389
16	8	3	5	1.34326
20	11	5	0	1.552
2	2	0	2	1.54999
12	6	2	4	0
17	9	4	3	1.45952
14	7	3	2	1.2532
9	5	2	2	2.02319
7	5	2	2	0.97145
7	5	2	2	0.90727
7	5	2	2	0.921351
7	5	2	2	0.970667
11	6	2	4	1.07376
17	9	4	3	1.54382
14	7	3	2	1.19284
10	6	2	4	0.566621
17	9	4	3	1.45497
16	8	3	5	1.34722
20	11	5	0	1.5536
1	1	0	1	1.55006
4	3	1	1	0
3	3	1	1	1.28786
6	4	1	3	0.706758
15	8	3	5	0.471918
20	11	5	0	1.49172
1	1	0	1	1.56019
4	3	1	1	0
6	4	1	3	0
15	8	3	5	0.270793
20	11	5	0	1.4728
2	2	0	2	1.57023
12	6	2	4	0
18	10	4	5	0
19	11	5	0	1.56206
1	1	0	1	1.35139
4	3	1	1	0
3	3	1	1	1.39053
3	3	1	1	1.6171
3	3	1	1	1.35602
6	4	1	3	0
15	8	3	5	0.43291
20	11	5	0	1.47439
1	1	0	1	1.57602
5	4	1	3	1.49944
13	7	3	2	1.89352
10	6	2	4	0.522083
18	10	4	5	0
19	11	5	0	1.5463
1	1	0	1	1.35027
4	3	1	1	0
3	3	1	1	1.3944
6	4	1	3	0.356502
15	8	3	5	0.502776
20	11	5	0	1.49083
1	1	0	1	1.5857
4	3	1	1	0
6	4	1	3	0
13	7	3	2	1.85199
10	6	2	4	0.465016
18	10	4	5	0
19	11	5	0	1.55992
2	2	0	2	1.3732
12	6	2	4	0
17	9	4	3	1.44182
16	8	3	5	1.34698
20	11	5	0	1.56985
1	1	0	1	1.54578
4	3	1	1	0
3	3	1	1	1.56541
6	4	1	3	0.669554
13	7	3	2	2.0027
10	6	2	4	0.316759
17	9	4	3	1.50963
16	8	3	5	1.3447
20	11	5	0	1.552
2	2	0	2	1.55072
8	5	2	2	1.3526
7	5	2	2	0.598111
7	5	2	2	1.15338
11	6	2	4	0.996157
18	10	4	5	0
19	11	5	0	1.54598
1	1	0	1	1.36203
5	4	1	3	1.58876
15	8	3	5	0.504141
20	11	5	0	1.73135
2	2	0	2	1.53954
8	5	2	2	1.36942
7	5	2	2	0.6824
7	5	2	2	1.14954
7	5	2	2	1.40168
7	5	2	2	1.39916
7	5	2	2	1.38083
11	6	2	4	1.11825
17	9	4	3	1.54655
16	8	3	5	1.32592
20	11	5	0	1.54596
2	2	0	2	1.5576
12	6	2	4	0
17	9	4	3	1.45927
14	7	3	2	1.25322
10	6	2	4	0.557652
17	9	4	3	1.46343
16	8	3	5	1.34454
20	11	5	0	1.55259
2	2	0	2	1.55153
12	6	2	4	0
18	10	4	5	0
19	11	5	0	1.56006
1	1	0	1	1.35242
4	3	1	1	0
6	4	1	3	0.988658
13	7	3	2	1.8559
9	5	2	2	2.06004
7	5	2	2	0.915995
7	5	2	2	0.870891
7	5	2	2	0.930112
11	6	2	4	0.972346
18	10	4	5	0
19	11	5	0	1.5225
2	2	0	2	1.36463
12	6	2	4	0
17	9	4	3	1.43906
14	7	3	2	1.22234
9	5	2	2	2.02953
7	5	2	2	0.970066
11	6	2	4	0.778489
18	10	4	5	0
19	11	5	0	1.51652
2	2	0	2	1.36055
12	6	2	4	0
18	10	4	5	0
19	11	5	0	1.56081
2	2	0	2	1.36006
12	6	2	4	0
17	9	4	3	1.44115
14	7	3	2	1.22524
9	5	2	2	2.02603
7	5	2	2	0.970257
11	6	2	4	0.778673
17	9	4	3	1.58713
16	8	3	5	1.32402
20	11	5	0	1.54517
2	2	0	2	1.55767
12	6	2	4	0
18	10	4	5	0
19	11	5	0	1.56
1	1	0	1	1.35243
5	4	1	3	1.58406
15	8	3	5	0.505706
20	11	5	0	1.73988
1	1	0	1	1.53861
5	4	1	3	1.49133
13	7	3	2	1.8691
9	5	2	2	2.07529
11	6	2	4	0.861102
18	10	4	5	0
19	11	5	0	1.51525
2	2	0	2	1.35775
12	6	2	4	0
17	9	4	3	1.4385
16	8	3	5	1.34683
20	11	5	0	1.57114
1	1	0	1	1.54674
4	3	1	1	0
3	3	1	1	1.57193
6	4	1	3	0.665577
13	7	3	2	2.00335
10	6	2	4	0.316071
17	9	4	3	1.50945
16	8	3	5	1.3447
20	11	5	0	1.552
2	2	0	2	1.55073
12	6	2	4	0
18	10	4	5	0
19	11	5	0	1.55998
2	2	0	2	1.36257
12	6	2	4	0
18	10	4	5	0
19	11	5	0	1.5618
2	2	0	2	1.36036
8	5	2	2	1.36276
7	5	2	2	0.485772
11	6	2	4	0
17	9	4	3	1.5082
16	8	3	5	1.33733
20	11	5	0	1.54765
1	1	0	1	1.55769
5	4	1	3	1.51108
15	8	3	5	0.57291
20	11	5	0	1.36346
1	1	0	1	1.58499
5	4	1	3	1.49061
13	7	3	2	1.86968
10	6	2	4	0.52173
18	10	4	5	0
19	11	5	0	1.54637
1	1	0	1	1.3502
5	4	1	3	1.57149
13	7	3	2	2.06674
10	6	2	4	0.576885
18	10	4	5	0
19	11	5	0	1.55563
2	2	0	2	1.36863
8	5	2	2	1.36476
7	5	2	2	0.488382
7	5	2	2	1.15764
11	6	2	4	0.967986
18	10	4	5	0
19	11	5	0	1.5454
1	1	0	1	1.36206
5	4	1	3	1.58875
15	8	3	5	0.504168
20	11	5	0	1.73136
1	1	0	1	1.53938
4	3	1	1	0
6	4	1	3	0
15	8	3	5	0
20	11	5	0	1.47555
2	2	0	2	1.56772
12	6	2	4	0
18	10	4	5	0
19	11	5	0	1.56214
1	1	0	1	1.35136
4	3	1	1	0
3	3	1	1	1.39053
6	4	1	3	0.355086
15	8	3	5	0.502064
20	11	5	0	1.49079
2	2	0	2	1.58574
12	6	2	4	0
18	10	4	5	0
19	11	5	0	1.56049
2	2	0	2	1.36178
12	6	2	4	0
17	9	4	3	1.44174
14	7	3	2	1.22605
9	5	2	2	2.02601
11	6	2	4	0.875446
17	9	4	3	1.57484
14	7	3	2	1.17948
10	6	2	4	0.56592
17	9	4	3	1.45524
14	7	3	2	1.26305
10	6	2	4	0.566582
18	10	4	5	0
19	11	5	0	1.56951
1	1	0	1	1.35516
5	4	1	3	1.57335
15	8	3	5	0.509202
20	11	5	0	1.73728
1	1	0	1	1.53618
4	3	1	1	0
6	4	1	3	0
15	8	3	5	0
20	11	5	0	1.4756
1	1	0	1	1.56765
4	3	1	1	0
6	4	1	3	0
13	7	3	2	1.82744
9	5	2	2	2.08844
11	6	2	4	0.863933
17	9	4	3	1.58523
14	7	3	2	1.18232
10	6	2	4	0.565395
18	10	4	5	0
19	11	5	0	1.5649
2	2	0	2	1.36328
12	6	2	4	0
17	9	4	3	1.44231
16	8	3	5	1.34744
20	11	5	0	1.56966
2	2	0	2	1.54579
12	6	2	4	0
17	9	4	3	1.45416
14	7	3	2	1.23446
10	6	2	4	0.557378
18	10	4	5	0
19	11	5	0	1.56907
1	1	0	1	1.35494
5	4	1	3	1.57307
13	7	3	2	2.06296
10	6	2	4	0.577258
18	10	4	5	0
19	11	5	0	1.55569
2	2	0	2	1.36861
12	6	2	4	0
17	9	4	3	1.44083
14	7	3	2	1.2249
9	5	2	2	2.02615
7	5	2	2	0.970217
7	5	2	2	0.906707
7	5	2	2	0.921303
11	6	2	4	0.579911
18	10	4	5	0
19	11	5	0	1.51853
2	2	0	2	1.36459
8	5	2	2	1.38012
11	6	2	4	0.400353
18	10	4	5	0
19	11	5	0	1.56666
1	1	0	1	1.34989
4	3	1	1	0
3	3	1	1	1.39373
3	3	1	1	1.61791
3	3	1	1	1.35648
3	3	1	1	1.45202
6	4	1	3	0
13	7	3	2	1.9691
10	6	2	4	0.308297
18	10	4	5	0
19	11	5	0	1.58846
1	1	0	1	1.36036
4	3	1	1	0
3	3	1	1	1.38774
6	4	1	3	0.355553
13	7	3	2	2.01992
9	5	2	2	1.90973
11	6	2	4	0.873811
18	10	4	5	0
19	11	5	0	1.50633
2	2	0	2	1.35566
12	6	2	4	0
18	10	4	5	0
19	11	5	0	1.56069
1	1	0	1	1.35099
4	3	1	1	0
6	4	1	3	0.994782
15	8	3	5	0.290433
20	11	5	0	1.45746
1	1	0	1	1.57416
4	3	1	1	0
3	3	1	1	1.28186
6	4	1	3	0.780732
13	7	3	2	1.98278
10	6	2	4	0.333856
18	10	4	5	0
19	11	5	0	1.59301
2	2	0	2	1.37674
12	6	2	4	0
17	9	4	3	1.44255
16	8	3	5	1.34747
20	11	5	0	1.56952
1	1	0	1	1.54556
5	4	1	3	1.50667
15	8	3	5	0.57146
20	11	5	0	1.36578
2	2	0	2	1.58418
8	5	2	2	1.38076
7	5	2	2	0.984812
11	6	2	4	0
18	10	4	5	0
19	11	5	0	1.54214
2	2	0	2	1.36613
12	6	2	4	0
17	9	4	3	1.4396
16	8	3	5	1.3469
20	11	5	0	1.57077
1	1	0	1	1.54647
5	4	1	3	1.50696
13	7	3	2	1.88998
10	6	2	4	0.477728
17	9	4	3	1.53852
16	8	3	5	1.34325
20	11	5	0	1.55203
2	2	0	2	1.54996
8	5	2	2	1.35278
11	6	2	4	0.462826
18	10	4	5	0
19	11	5	0	1.56651
1	1	0	1	1.34982
5	4	1	3	1.56755
13	7	3	2	2.0686
9	5	2	2	2.13111
7	5	2	2	0.931166
7	5	2	2	0.890665
11	6	2	4	0.538054
17	9	4	3	1.56253
14	7	3	2	1.20658
10	6	2	4	0.565659
18	10	4	5	0
19	11	5	0	1.56482
1	1	0	1	1.35098
4	3	1	1	0
3	3	1	1	1.39036
3	3	1	1	1.61325
3	3	1	1	1.35474
6	4	1	3	0
15	8	3	5	0.432985
20	11	5	0	1.47441
2	2	0	2	1.57603
8	5	2	2	1.36878
7	5	2	2	0.671006
11	6	2	4	0
18	10	4	5	0
19	11	5	0	1.54155
2	2	0	2	1.36576
12	6	2	4	0
18	10	4	5	0
19	11	5	0	1.56115
2	2	0	2	1.36028
12	6	2	4	0
18	10	4	5	0
19	11	5	0	1.56162
1	1	0	1	1.35136
5	4	1	3	1.58488
13	7	3	2	2.05848
10	6	2	4	0.580031
17	9	4	3	1.523
16	8	3	5	1.34515
20	11	5	0	1.55243
1	1	0	1	1.54935
5	4	1	3	1.50969
15	8	3	5	0.573098
20	11	5	0	1.36333
2	2	0	2	1.58497
8	5	2	2	1.38111
11	6	2	4	0.798852
17	9	4	3	1.45202
16	8	3	5	1.34513
20	11	5	0	1.54799
1	1	0	1	1.55589
5	4	1	3	1.50214
13	7	3	2	1.86881
10	6	2	4	0.479324
17	9	4	3	1.53872
16	8	3	5	1.34326
20	11	5	0	1.55203
2	2	0	2	1.54995
8	5	2	2	1.35278
7	5	2	2	0.597928
7	5	2	2	1.15334
7	5	2	2	1.40076
7	5	2	2	1.39868
11	6	2	4	1.3153
17	9	4	3	1.50934
16	8	3	5	1.33352
20	11	5	0	1.54696
1	1	0	1	1.55665
5	4	1	3	1.50557
15	8	3	5	0.573114
20	11	5	0	1.36288
2	2	0	2	1.58524
8	5	2	2	1.3814
7	5	2	2	0.987079
7	5	2	2	1.14307
11	6	2	4	1.03265
17	9	4	3	1.45476
16	8	3	5	1.33813
20	11	5	0	1.54725
1	1	0	1	1.55857
4	3	1	1	0
6	4	1	3	0
13	7	3	2	1.84944
10	6	2	4	0.435045
18	10	4	5	0
19	11	5	0	1.55981
1	1	0	1	1.35952
4	3	1	1	0
6	4	1	3	0.975406
15	8	3	5	0.289322
20	11	5	0	1.45757
2	2	0	2	1.57408
8	5	2	2	1.36968
11	6	2	4	0.519442
17	9	4	3	1.45275
16	8	3	5	1.3461
20	11	5	0	1.54765
2	2	0	2	1.55631
12	6	2	4	0
18	10	4	5	0
19	11	5	0	1.56
1	1	0	1	1.35242
4	3	1	1	0
6	4	1	3	0.988656
13	7	3	2	1.8559
10	6	2	4	0.444525
18	10	4	5	0
19	11	5	0	1.5611
2	2	0	2	1.37308
12	6	2	4	0
18	10	4	5	0
19	11	5	0	1.56195
1	1	0	1	1.35107
4	3	1	1	0
3	3	1	1	1.39101
6	4	1	3	0.355429
13	7	3	2	2.02008
9	5	2	2	1.90996
11	6	2	4	0.873784
17	9	4	3	1.59808
16	8	3	5	1.31906
20	11	5	0	1.54339
1	1	0	1	1.56347
4	3	1	1	0
3	3	1	1	1.28766
6	4	1	3	0.711641
13	7	3	2	1.99597
9	5	2	2	1.9376
11	6	2	4	0.872246
17	9	4	3	1.59657
16	8	3	5	1.3194
20	11	5	0	1.5435
2	2	0	2	1.5634
8	5	2	2	1.35253
7	5	2	2	0.601156
11	6	2	4	0
17	9	4	3	1.50584
16	8	3	5	1.33735
20	11	5	0	1.54756
2	2	0	2	1.55787
8	5	2	2	1.35156
7	5	2	2	0.598365
11	6	2	4	0
17	9	4	3	1.5059
16	8	3	5	1.33735
20	11	5	0	1.54757
1	1	0	1	1.55779
4	3	1	1	0
6	4	1	3	0
13	7	3	2	1.84893
9	5	2	2	2.05136
11	6	2	4	0.863626
17	9	4	3	1.58518
14	7	3	2	1.18229
10	6	2	4	0.565383
18	10	4	5	0
19	11	5	0	1.5649
2	2	0	2	1.36328
8	5	2	2	1.35607
7	5	2	2	0.508705
11	6	2	4	0
18	10	4	5	0
19	11	5	0	1.54048
2	2	0	2	1.36507
12	6	2	4	0
17	9	4	3	1.43953
16	8	3	5	1.3469
20	11	5	0	1.5708
2	2	0	2	1.5466
8	5	2	2	1.34618
7	5	2	2	0.645867
11	6	2	4	0
18	10	4	5	0
19	11	5	0	1.54109
1	1	0	1	1.35469
5	4	1	3	1.57378
13	7	3	2	2.06341
10	6	2	4	0.577457
18	10	4	5	0
19	11	5	0	1.55575
1	1	0	1	1.35612
5	4	1	3	1.58804
13	7	3	2	2.05563
10	6	2	4	0.580734
17	9	4	3	1.52247
14	7	3	2	1.26419
9	5	2	2	2.01546
7	5	2	2	0.971715
11	6	2	4	0.777453
18	10	4	5	0
19	11	5	0	1.51637
1	1	0	1	1.35227
4	3	1	1	0
3	3	1	1	1.39254
3	3	1	1	1.61702
3	3	1	1	1.35478
6	4	1	3	0
15	8	3	5	0.432993
20	11	5	0	1.47442
1	1	0	1	1.57602
4	3	1	1	0
6	4	1	3	0
15	8	3	5	0.274184
20	11	5	0	1.47278
1	1	0	1	1.57027
5	4	1	3	1.50268
13	7	3	2	1.8615
10	6	2	4	0.521013
18	10	4	5	0
19	11	5	0	1.54629
2	2	0	2	1.35962
12	6	2	4	0
18	10	4	5	0
19	11	5	0	1.56119
2	2	0	2	1.36023
8	5	2	2	1.3638
11	6	2	4	0.419153
18	10	4	5	0
19	11	5	0	1.56649
1	1	0	1	1.34975
4	3	1	1	0
6	4	1	3	1.02079
13	7	3	2	1.85551
9	5	2	2	2.06381
11	6	2	4	0.861951
17	9	4	3	1.58546
16	8	3	5	1.32131
20	11	5	0	1.54407
2	2	0	2	1.56261
8	5	2	2	1.35232
11	6	2	4	0.465557
17	9	4	3	1.4538
14	7	3	2	1.24656
10	6	2	4	0.560657
18	10	4	5	0
19	11	5	0	1.56819
2	2	0	2	1.36561
8	5	2	2	1.36102
11	6	2	4	0.433571
17	9	4	3	1.45364
14	7	3	2	1.24707
9	5	2	2	2.02094
11	6	2	4	0.877054
18	10	4	5	0
19	11	5	0	1.51406
2	2	0	2	1.36086
8	5	2	2	1.38228
7	5	2	2	0.467916
7	5	2	2	1.15745
11	6	2	4	0.965437
18	10	4	5	0
19	11	5	0	1.54537
1	1	0	1	1.36207
5	4	1	3	1.58875
13	7	3	2	2.05671
9	5	2	2	2.13786
11	6	2	4	0.862359
18	10	4	5	0
19	11	5	0	1.51953
2	2	0	2	1.35736
8	5	2	2	1.38287
7	5	2	2	0.467358
7	5	2	2	1.15734
11	6	2	4	0.965403
17	9	4	3	1.45863
16	8	3	5	1.338
20	11	5	0	1.5475
1	1	0	1	1.55835
4	3	1	1	0
3	3	1	1	1.28738
3	3	1	1	1.27297
6	4	1	3	0
15	8	3	5	0.441379
20	11	5	0	1.47795
1	1	0	1	1.56556
4	3	1	1	0
6	4	1	3	0
13	7	3	2	1.83959
9	5	2	2	2.08575
7	5	2	2	0.913332
11	6	2	4	0.606012
17	9	4	3	1.58129
16	8	3	5	1.3288
20	11	5	0	1.54514
2	2	0	2	1.56068
8	5	2	2	1.35257
11	6	2	4	0.465377
18	10	4	5	0
19	11	5	0	1.56653
1	1	0	1	1.34982
4	3	1	1	0
6	4	1	3	1.02062
13	7	3	2	1.85551
9	5	2	2	2.06379
11	6	2	4	0.861954
18	10	4	5	0
19	11	5	0	1.51024
1	1	0	1	1.34941
4	3	1	1	0
6	4	1	3	1.04788
15	8	3	5	0.290229
20	11	5	0	1.45817
1	1	0	1	1.57374
4	3	1	1	0
3	3	1	1	1.28192
6	4	1	3	0.77837
13	7	3	2	1.98278
9	5	2	2	1.94667
11	6	2	4	0.871707
17	9	4	3	1.59568
14	7	3	2	1.17588
10	6	2	4	0.565122
18	10	4	5	0
19	11	5	0	1.56496
1	1	0	1	1.35106
4	3	1	1	0
3	3	1	1	1.39034
6	4	1	3	0.35284
15	8	3	5	0.50142
20	11	5	0	1.49081
2	2	0	2	1.5857
12	6	2	4	0
17	9	4	3	1.45429
14	7	3	2	1.23781
9	5	2	2	2.02428
7	5	2	2	0.971011
7	5	2	2	0.906998
11	6	2	4	0.445608
18	10	4	5	0
19	11	5	0	1.51796
1	1	0	1	1.35292
4	3	1	1	0
6	4	1	3	1.04117
15	8	3	5	0.290088
20	11	5	0	1.45809
1	1	0	1	1.57378
5	4	1	3	1.50207
15	8	3	5	0.572536
20	11	5	0	1.36467
1	1	0	1	1.58244
5	4	1	3	1.49099
15	8	3	5	0.570248
20	11	5	0	1.36482
2	2	0	2	1.58308
12	6	2	4	0
18	10	4	5	0
19	11	5	0	1.56142
1	1	0	1	1.35138
4	3	1	1	0
6	4	1	3	0.988671
15	8	3	5	0.290593
20	11	5	0	1.4575
1	1	0	1	1.57414
5	4	1	3	1.50219
15	8	3	5	0.572527
20	11	5	0	1.36465
2	2	0	2	1.58249
12	6	2	4	0
18	10	4	5	0
19	11	5	0	1.56143
1	1	0	1	1.35138
5	4	1	3	1.5838
15	8	3	5	0.505853
20	11	5	0	1.73994
2	2	0	2	1.53872
8	5	2	2	1.36929
11	6	2	4	0.523452
17	9	4	3	1.453
14	7	3	2	1.24583
10	6	2	4	0.560633
18	10	4	5	0
19	11	5	0	1.56821
1	1	0	1	1.35347
4	3	1	1	0
3	3	1	1	1.3914
6	4	1	3	0.353829
13	7	3	2	2.01989
10	6	2	4	0.301956
17	9	4	3	1.50641
16	8	3	5	1.3448
20	11	5	0	1.55206
2	2	0	2	1.55069
8	5	2	2	1.35254
7	5	2	2	0.598008
11	6	2	4	0
17	9	4	3	1.50589
14	7	3	2	1.22643
9	5	2	2	2.01169
7	5	2	2	0.974056
7	5	2	2	0.909823
11	6	2	4	0.458019
18	10	4	5	0
19	11	5	0	1.51789
1	1	0	1	1.35295
5	4	1	3	1.56703
15	8	3	5	0.51372
20	11	5	0	1.73704
2	2	0	2	1.53463
12	6	2	4	0
17	9	4	3	1.45026
16	8	3	5	1.3471
20	11	5	0	1.56747
1	1	0	1	1.54449
4	3	1	1	0
3	3	1	1	1.55675
6	4	1	3	0.675052
13	7	3	2	2.00146
9	5	2	2	1.93003
7	5	2	2	0.887092
11	6	2	4	0.493856
18	10	4	5	0
19	11	5	0	1.51592
1	1	0	1	1.35096
4	3	1	1	0
3	3	1	1	1.39254
6	4	1	3	0.354325
15	8	3	5	0.501715
20	11	5	0	1.49087
2	2	0	2	1.58564
8	5	2	2	1.36767
11	6	2	4	0.488806
17	9	4	3	1.45362
16	8	3	5	1.34619
20	11	5	0	1.54774
1	1	0	1	1.55612
4	3	1	1	0
3	3	1	1	1.28734
3	3	1	1	1.26707
3	3	1	1	1.13909
3	3	1	1	1.44442
3	3	1	1	1.46556
3	3	1	1	1.4696
3	3	1	1	1.47129
6	4	1	3	0
13	7	3	2	2.01569
10	6	2	4	0.346752
18	10	4	5	0
19	11	5	0	1.57915
1	1	0	1	1.36267
4	3	1	1	0
6	4	1	3	0.959593
15	8	3	5	0.288877
20	11	5	0	1.45765
1	1	0	1	1.57401
4	3	1	1	0
3	3	1	1	1.28188
6	4	1	3	0.780793
13	7	3	2	1.98278
9	5	2	2	1.94672
11	6	2	4	0.871702
18	10	4	5	0
19	11	5	0	1.50715
1	1	0	1	1.34824
5	4	1	3	1.5628
15	8	3	5	0.515289
20	11	5	0	1.73715
2	2	0	2	1.5336
8	5	2	2	1.36884
11	6	2	4	0.521609
18	10	4	5	0
19	11	5	0	1.56128
2	2	0	2	1.3596
8	5	2	2	1.3779
7	5	2	2	0.480147
11	6	2	4	0
18	10	4	5	0
19	11	5	0	1.5404
2	2	0	2	1.36508
8	5	2	2	1.37694
11	6	2	4	0.405705
18	10	4	5	0
19	11	5	0	1.56665
2	2	0	2	1.3618
8	5	2	2	1.37348
11	6	2	4	0.415184
18	10	4	5	0
19	11	5	0	1.5667
1	1	0	1	1.34991
4	3	1	1	0
6	4	1	3	1.02029
13	7	3	2	1.85549
10	6	2	4	0.448483
18	10	4	5	0
19	11	5	0	1.56053
2	2	0	2	1.37311
8	5	2	2	1.35704
7	5	2	2	0.501016
11	6	2	4	0
18	10	4	5	0
19	11	5	0	1.54042
1	1	0	1	1.35442
5	4	1	3	1.57346
15	8	3	5	0.510207
20	11	5	0	1.73679
1	1	0	1	1.53605
4	3	1	1	0
3	3	1	1	1.28214
3	3	1	1	1.22452
6	4	1	3	0
15	8	3	5	0.435499
20	11	5	0	1.47912
2	2	0	2	1.56423
8	5	2	2	1.36838
7	5	2	2	0.66765
11	6	2	4	0
17	9	4	3	1.50375
14	7	3	2	1.22618
10	6	2	4	0.565048
18	10	4	5	0
19	11	5	0	1.56464
2	2	0	2	1.36304
12	6	2	4	0
18	10	4	5	0
19	11	5	0	1.56199
2	2	0	2	1.36047
12	6	2	4	0
17	9	4	3	1.44143
16	8	3	5	1.34692
20	11	5	0	1.56998
2	2	0	2	1.54604
12	6	2	4	0
18	10	4	5	0
19	11	5	0	1.56081
2	2	0	2	1.36546
12	6	2	4	0
18	10	4	5	0
19	11	5	0	1.56178
1	1	0	1	1.35105
4	3	1	1	0
6	4	1	3	0.992682
15	8	3	5	0.290447
20	11	5	0	1.45747
1	1	0	1	1.57415
4	3	1	1	0
6	4	1	3	0
13	7	3	2	1.828
10	6	2	4	0.477347
18	10	4	5	0
19	11	5	0	1.56006
2	2	0	2	1.37318
12	6	2	4	0
17	9	4	3	1.44176
14	7	3	2	1.22622
9	5	2	2	2.0261
11	6	2	4	0.875463
18	10	4	5	0
19	11	5	0	1.51211
1	1	0	1	1.35262
5	4	1	3	1.56517
13	7	3	2	2.07207
10	6	2	4	0.5754
17	9	4	3	1.52529
14	7	3	2	1.2645
10	6	2	4	0.565139
17	9	4	3	1.45828
16	8	3	5	1.34466
20	11	5	0	1.55263
1	1	0	1	1.55139
5	4	1	3	1.50684
13	7	3	2	1.87056
9	5	2	2	2.04136
7	5	2	2	0.934052
7	5	2	2	0.895802
7	5	2	2	0.94321
7	5	2	2	1.24823
7	5	2	2	1.26317
7	5	2	2	0.977124
11	6	2	4	0.772057
17	9	4	3	1.56119
16	8	3	5	1.32417
20	11	5	0	1.54563
2	2	0	2	1.56142
8	5	2	2	1.3519
11	6	2	4	0.465065
18	10	4	5	0
19	11	5	0	1.56651
2	2	0	2	1.36166
12	6	2	4	0
18	10	4	5	0
19	11	5	0	1.56138
1	1	0	1	1.35119
5	4	1	3	1.58496
15	8	3	5	0.505658
20	11	5	0	1.73982
1	1	0	1	1.53857
5	4	1	3	1.49133
15	8	3	5	0.571263
20	11	5	0	1.36669
2	2	0	2	1.58019
12	6	2	4	0
17	9	4	3	1.45383
16	8	3	5	1.34711
20	11	5	0	1.56668
2	2	0	2	1.54074
12	6	2	4	0
17	9	4	3	1.45436
14	7	3	2	1.23456
10	6	2	4	0.55738
17	9	4	3	1.46318
14	7	3	2	1.25458
10	6	2	4	0.566789
17	9	4	3	1.45406
16	8	3	5	1.34606
20	11	5	0	1.55351
2	2	0	2	1.55069
12	6	2	4	0
17	9	4	3	1.45888
14	7	3	2	1.2531
10	6	2	4	0.557655
18	10	4	5	0
19	11	5	0	1.56897
1	1	0	1	1.35486
5	4	1	3	1.573
15	8	3	5	0.509387
20	11	5	0	1.7373
1	1	0	1	1.53608
5	4	1	3	1.49106
13	7	3	2	1.86915
9	5	2	2	2.07528
11	6	2	4	0.861117
18	10	4	5	0
19	11	5	0	1.51525
1	1	0	1	1.35006
5	4	1	3	1.56502
13	7	3	2	2.07209
9	5	2	2	2.12954
11	6	2	4	0.863646
18	10	4	5	0
19	11	5	0	1.52014
1	1	0	1	1.34952
4	3	1	1	0
3	3	1	1	1.39245
6	4	1	3	0.354414
15	8	3	5	0.501793
20	11	5	0	1.49087
1	1	0	1	1.58564
5	4	1	3	1.50806
13	7	3	2	1.88892
10	6	2	4	0.52183
18	10	4	5	0
19	11	5	0	1.54632
2	2	0	2	1.35982
12	6	2	4	0
17	9	4	3	1.43908
16	8	3	5	1.34687
20	11	5	0	1.57091
2	2	0	2	1.54669
12	6	2	4	0
17	9	4	3	1.45405
16	8	3	5	1.34644
20	11	5	0	1.5661
1	1	0	1	1.541
4	3	1	1	0
3	3	1	1	1.55488
3	3	1	1	1.29455
3	3	1	1	1.28589
6	4	1	3	0
13	7	3	2	1.97007
10	6	2	4	0.306895
18	10	4	5	0
19	11	5	0	1.59015
1	1	0	1	1.35999
4	3	1	1	0
3	3	1	1	1.3878
6	4	1	3	0.355627
15	8	3	5	0.502378
20	11	5	0	1.49075
1	1	0	1	1.58576
5	4	1	3	1.50812
15	8	3	5	0.570147
20	11	5	0	1.36989
1	1	0	1	1.57983
4	3	1	1	0
3	3	1	1	1.27689
3	3	1	1	1.20175
6	4	1	3	0
15	8	3	5	0.435216
20	11	5	0	1.47925
1	1	0	1	1.56411
4	3	1	1	0
3	3	1	1	1.25431
3	3	1	1	0.886358
3	3	1	1	1.16284
6	4	1	3	0
13	7	3	2	1.97105
9	5	2	2	1.92253
11	6	2	4	0.880003
18	10	4	5	0
19	11	5	0	1.50796
1	1	0	1	1.34832
5	4	1	3	1.56285
13	7	3	2	2.07316
9	5	2	2	2.12854
11	6	2	4	0.863786
18	10	4	5	0
19	11	5	0	1.52019
2	2	0	2	1.35746
12	6	2	4	0
18	10	4	5	0
19	11	5	0	1.56083
2	2	0	2	1.36008
8	5	2	2	1.36409
7	5	2	2	0.483378
7	5	2	2	1.15827
11	6	2	4	0.967227
17	9	4	3	1.45862
14	7	3	2	1.22897
9	5	2	2	2.01343
11	6	2	4	0.875084
18	10	4	5	0
19	11	5	0	1.51426
1	1	0	1	1.35298
5	4	1	3	1.56546
13	7	3	2	2.07186
10	6	2	4	0.575507
17	9	4	3	1.52523
16	8	3	5	1.345
20	11	5	0	1.55235
1	1	0	1	1.5494
4	3	1	1	0
6	4	1	3	0
13	7	3	2	1.84948
10	6	2	4	0.436777
18	10	4	5	0
19	11	5	0	1.5598
2	2	0	2	1.37315
12	6	2	4	0
18	10	4	5	0
19	11	5	0	1.56194
2	2	0	2	1.3604
8	5	2	2	1.36263
7	5	2	2	0.486003
7	5	2	2	1.15815
11	6	2	4	0.967664
17	9	4	3	1.4586
16	8	3	5	1.338
20	11	5	0	1.54749
2	2	0	2	1.55843
12	6	2	4	0
18	10	4	5	0
19	11	5	0	1.56008
2	2	0	2	1.36253
12	6	2	4	0
18	10	4	5	0
19	11	5	0	1.5618
1	1	0	1	1.35106
5	4	1	3	1.58481
15	8	3	5	0.505654
20	11	5	0	1.73982
1	1	0	1	1.53858
4	3	1	1	0
6	4	1	3	0
13	7	3	2	1.57361
9	5	2	2	2.10816
7	5	2	2	0.912701
11	6	2	4	0.599021
18	10	4	5	0
19	11	5	0	1.51812
1	1	0	1	1.3516
5	4	1	3	1.56629
15	8	3	5	0.514385
20	11	5	0	1.73704
1	1	0	1	1.53417
5	4	1	3	1.49086
13	7	3	2	1.8692
10	6	2	4	0.521733
17	9	4	3	1.5388
16	8	3	5	1.34326
20	11	5	0	1.55199
1	1	0	1	1.54992
4	3	1	1	0
6	4	1	3	0
13	7	3	2	1.84987
10	6	2	4	0.437283
17	9	4	3	1.54821
16	8	3	5	1.3459
20	11	5	0	1.55346
2	2	0	2	1.54819
8	5	2	2	1.35238
7	5	2	2	0.597005
11	6	2	4	0
17	9	4	3	1.50591
16	8	3	5	1.33735
20	11	5	0	1.54756
2	2	0	2	1.55787
12	6	2	4	0
18	10	4	5	0
19	11	5	0	1.56009
1	1	0	1	1.3524
4	3	1	1	0
6	4	1	3	0.988672
15	8	3	5	0.290486
20	11	5	0	1.4575
1	1	0	1	1.57414
5	4	1	3	1.50218
15	8	3	5	0.572527
20	11	5	0	1.36465
1	1	0	1	1.58247
4	3	1	1	0
6	4	1	3	0
13	7	3	2	1.57339
9	5	2	2	2.11049
11	6	2	4	0.862993
18	10	4	5	0
19	11	5	0	1.51033
2	2	0	2	1.35692
12	6	2	4	0
17	9	4	3	1.43828
14	7	3	2	1.22128
9	5	2	2	2.02961
7	5	2	2	0.970004
11	6	2	4	0.778437
18	10	4	5	0
19	11	5	0	1.51652
1	1	0	1	1.35228
5	4	1	3	1.56616
15	8	3	5	0.514235
20	11	5	0	1.73703
2	2	0	2	1.53438
8	5	2	2	1.36891
11	6	2	4	0.521882
18	10	4	5	0
19	11	5	0	1.56128
1	1	0	1	1.34903
4	3	1	1	0
6	4	1	3	1.02882
15	8	3	5	0.289443
20	11	5	0	1.458
2	2	0	2	1.57382
8	5	2	2	1.36959
7	5	2	2	0.673852
11	6	2	4	0
17	9	4	3	1.5036
14	7	3	2	1.22611
10	6	2	4	0.565042
17	9	4	3	1.45581
16	8	3	5	1.3472
20	11	5	0	1.55361
2	2	0	2	1.55011
8	5	2	2	1.35093
7	5	2	2	0.595359
11	6	2	4	0
18	10	4	5	0
19	11	5	0	1.54089
2	2	0	2	1.36531
12	6	2	4	0
17	9	4	3	1.43955
14	7	3	2	1.22301
9	5	2	2	2.0295
7	5	2	2	0.970098
7	5	2	2	0.906668
11	6	2	4	0.443427
17	9	4	3	1.57614
16	8	3	5	1.32527
20	11	5	0	1.54644
2	2	0	2	1.5563
8	5	2	2	1.3521
11	6	2	4	0.464913
17	9	4	3	1.4538
14	7	3	2	1.24657
10	6	2	4	0.560658
18	10	4	5	0
19	11	5	0	1.56819
2	2	0	2	1.3656
12	6	2	4	0
17	9	4	3	1.44147
16	8	3	5	1.34694
20	11	5	0	1.56996
1	1	0	1	1.54586
4	3	1	1	0
3	3	1	1	1.56599
6	4	1	3	0.669181
13	7	3	2	2.00276
9	5	2	2	1.92892
11	6	2	4	0.873338
17	9	4	3	1.59723
14	7	3	2	1.17455
10	6	2	4	0.56514
18	10	4	5	0
19	11	5	0	1.56495
1	1	0	1	1.35106
5	4	1	3	1.57308
15	8	3	5	0.509663
20	11	5	0	1.73769
2	2	0	2	1.53648
12	6	2	4	0
18	10	4	5	0
19	11	5	0	1.56223
2	2	0	2	1.36114
8	5	2	2	1.35917
7	5	2	2	0.491602
7	5	2	2	1.15793
7	5	2	2	1.39948
7	5	2	2	1.39821
11	6	2	4	1.3154
17	9	4	3	1.50895
16	8	3	5	1.33344
20	11	5	0	1.54693
2	2	0	2	1.55679
12	6	2	4	0
17	9	4	3	1.4592
14	7	3	2	1.25321
9	5	2	2	2.02323
11	6	2	4	0.87629
18	10	4	5	0
19	11	5	0	1.51279
2	2	0	2	1.36066
8	5	2	2	1.38269
11	6	2	4	0.396425
18	10	4	5	0
19	11	5	0	1.56668
1	1	0	1	1.34991
4	3	1	1	0
3	3	1	1	1.39373
6	4	1	3	0.355193
13	7	3	2	2.02036
10	6	2	4	0.30193
18	10	4	5	0
19	11	5	0	1.59125
1	1	0	1	1.36052
5	4	1	3	1.58068
13	7	3	2	2.05641
9	5	2	2	2.13727
7	5	2	2	0.930517
11	6	2	4	0.63099
18	10	4	5	0
19	11	5	0	1.51962
1	1	0	1	1.35216
4	3	1	1	0
6	4	1	3	1.04241
13	7	3	2	1.85632
10	6	2	4	0.448929
18	10	4	5	0
19	11	5	0	1.56052
1	1	0	1	1.35949
5	4	1	3	1.58484
15	8	3	5	0.503756
20	11	5	0	1.73929
2	2	0	2	1.53936
12	6	2	4	0
17	9	4	3	1.45049
14	7	3	2	1.2328
9	5	2	2	2.02567
11	6	2	4	0.875949
17	9	4	3	1.57423
16	8	3	5	1.32067
20	11	5	0	1.54436
1	1	0	1	1.56288
5	4	1	3	1.50904
13	7	3	2	1.86766
10	6	2	4	0.477114
18	10	4	5	0
19	11	5	0	1.54637
2	2	0	2	1.35923
8	5	2	2	1.37783
11	6	2	4	0.406908
18	10	4	5	0
19	11	5	0	1.56669
2	2	0	2	1.36185
12	6	2	4	0
18	10	4	5	0
19	11	5	0	1.56139
2	2	0	2	1.36036
12	6	2	4	0
18	10	4	5	0
19	11	5	0	1.56163
2	2	0	2	1.36065
12	6	2	4	0
18	10	4	5	0
19	11	5	0	1.56165
1	1	0	1	1.35137
4	3	1	1	0
6	4	1	3	0.992974
15	8	3	5	0.290443
20	11	5	0	1.45747
1	1	0	1	1.57415
5	4	1	3	1.50219
13	7	3	2	1.86169
9	5	2	2	2.07499
7	5	2	2	0.933376
7	5	2	2	0.894577
7	5	2	2	0.942918
11	6	2	4	1.01593
18	10	4	5	0
19	11	5	0	1.52157
1	1	0	1	1.35571
4	3	1	1	0
6	4	1	3	1.0323
13	7	3	2	1.85592
9	5	2	2	2.06349
7	5	2	2	0.915827
11	6	2	4	0.619213
17	9	4	3	1.58126
16	8	3	5	1.32877
20	11	5	0	1.54513
2	2	0	2	1.5607
8	5	2	2	1.35257
7	5	2	2	0.600582
7	5	2	2	1.15326
11	6	2	4	0.996264
18	10	4	5	0
19	11	5	0	1.54598
1	1	0	1	1.36203
5	4	1	3	1.58876
13	7	3	2	2.05668
9	5	2	2	2.13787
7	5	2	2	0.930441
7	5	2	2	0.890749
11	6	2	4	0.53677
17	9	4	3	1.56269
16	8	3	5	1.33126
20	11	5	0	1.54676
2	2	0	2	1.55914
8	5	2	2	1.35212
11	6	2	4	0.464852
17	9	4	3	1.4538
14	7	3	2	1.24657
10	6	2	4	0.560657
17	9	4	3	1.46759
16	8	3	5	1.34575
20	11	5	0	1.55282
1	1	0	1	1.55098
4	3	1	1	0
6	4	1	3	0
13	7	3	2	1.84972
9	5	2	2	2.0515
7	5	2	2	0.915252
11	6	2	4	0.616966
18	10	4	5	0
19	11	5	0	1.51804
2	2	0	2	1.36
12	6	2	4	0
18	10	4	5	0
19	11	5	0	1.56081
1	1	0	1	1.35103
4	3	1	1	0
3	3	1	1	1.39136
3	3	1	1	1.61819
6	4	1	3	0
13	7	3	2	1.96462
10	6	2	4	0.318785
18	10	4	5	0
19	11	5	0	1.59202
2	2	0	2	1.37615
8	5	2	2	1.35021
7	5	2	2	0.511415
11	6	2	4	0
18	10	4	5	0
19	11	5	0	1.54046
2	2	0	2	1.36504
8	5	2	2	1.37693
11	6	2	4	0.405723
18	10	4	5	0
19	11	5	0	1.56665
1	1	0	1	1.34988
4	3	1	1	0
3	3	1	1	1.39373
3	3	1	1	1.61791
3	3	1	1	1.35647
6	4	1	3	0
13	7	3	2	1.9686
9	5	2	2	1.92554
7	5	2	2	0.893645
11	6	2	4	0.515901
18	10	4	5	0
19	11	5	0	1.51596
2	2	0	2	1.35894
12	6	2	4	0
18	10	4	5	0
19	11	5	0	1.5608
2	2	0	2	1.36006
8	5	2	2	1.36413
7	5	2	2	0.483315
11	6	2	4	0
17	9	4	3	1.50825
16	8	3	5	1.33733
20	11	5	0	1.54765
1	1	0	1	1.55769
4	3	1	1	0
6	4	1	3	0
13	7	3	2	1.84891
10	6	2	4	0.435495
17	9	4	3	1.54818
16	8	3	5	1.3459
20	11	5	0	1.55346
2	2	0	2	1.54819
12	6	2	4	0
17	9	4	3	1.45923
16	8	3	5	1.34538
20	11	5	0	1.5655
1	1	0	1	1.54389
4	3	1	1	0
3	3	1	1	1.54496
6	4	1	3	0.678272
13	7	3	2	2.00067
9	5	2	2	1.93057
11	6	2	4	0.873168
17	9	4	3	1.5971
16	8	3	5	1.31928
20	11	5	0	1.54345
1	1	0	1	1.5634
4	3	1	1	0
6	4	1	3	0
13	7	3	2	1.85019
9	5	2	2	2.05213
7	5	2	2	0.915206
11	6	2	4	0.616787
17	9	4	3	1.58137
16	8	3	5	1.32876
20	11	5	0	1.54512
1	1	0	1	1.56064
4	3	1	1	0
3	3	1	1	1.28772
3	3	1	1	1.26816
6	4	1	3	0
15	8	3	5	0.44116
20	11	5	0	1.47801
1	1	0	1	1.56551
5	4	1	3	1.50291
15	8	3	5	0.569904
20	11	5	0	1.37171
2	2	0	2	1.57824
12	6	2	4	0
17	9	4	3	1.45357
14	7	3	2	1.23529
10	6	2	4	0.55684
18	10	4	5	0
19	11	5	0	1.56927
1	1	0	1	1.35509
4	3	1	1	0
3	3	1	1	1.39109
3	3	1	1	1.61506
3	3	1	1	1.35549
3	3	1	1	1.45194
3	3	1	1	1.46769
3	3	1	1	1.4702
6	4	1	3	0
13	7	3	2	2.01525
10	6	2	4	0.346374
17	9	4	3	1.52246
14	7	3	2	1.26174
9	5	2	2	2.01367
11	6	2	4	0.87743
17	9	4	3	1.57142
14	7	3	2	1.18124
10	6	2	4	0.565945
17	9	4	3	1.45521
16	8	3	5	1.34723
20	11	5	0	1.5536
1	1	0	1	1.55004
5	4	1	3	1.50682
15	8	3	5	0.573005
20	11	5	0	1.36344
2	2	0	2	1.58499
8	5	2	2	1.3811
11	6	2	4	0.798863
18	10	4	5	0
19	11	5	0	1.55337
1	1	0	1	1.34897
4	3	1	1	0
3	3	1	1	1.39504
3	3	1	1	1.61972
6	4	1	3	0
15	8	3	5	0.429861
20	11	5	0	1.47398
2	2	0	2	1.56714
12	6	2	4	0
18	10	4	5	0
19	11	5	0	1.5621
1	1	0	1	1.35139
5	4	1	3	1.58425
13	7	3	2	2.05856
10	6	2	4	0.580031
18	10	4	5	0
19	11	5	0	1.55626
2	2	0	2	1.36833
8	5	2	2	1.36502
7	5	2	2	0.487931
7	5	2	2	1.15766
7	5	2	2	1.39942
7	5	2	2	1.3982
7	5	2	2	1.38037
7	5	2	2	1.22958
7	5	2	2	0.948123
11	6	2	4	0.608179
17	9	4	3	1.56517
14	7	3	2	1.1937
9	5	2	2	2.01343
7	5	2	2	0.973593
7	5	2	2	0.909506
7	5	2	2	0.922213
11	6	2	4	0.579588
18	10	4	5	0
19	11	5	0	1.51825
1	1	0	1	1.3559
4	3	1	1	0
3	3	1	1	1.39537
3	3	1	1	1.61546
6	4	1	3	0
13	7	3	2	1.96499
9	5	2	2	1.9312
7	5	2	2	0.888409
11	6	2	4	0.482122
17	9	4	3	1.58206
14	7	3	2	1.19728
10	6	2	4	0.565718
17	9	4	3	1.45539
16	8	3	5	1.3472
20	11	5	0	1.55361
2	2	0	2	1.55012
8	5	2	2	1.35093
7	5	2	2	0.595365
7	5	2	2	1.1538
11	6	2	4	0.994933
17	9	4	3	1.45725
16	8	3	5	1.33804
20	11	5	0	1.54742
1	1	0	1	1.55843
4	3	1	1	0
6	4	1	3	0
13	7	3	2	1.84944
9	5	2	2	2.05082
7	5	2	2	0.915285
11	6	2	4	0.617123
18	10	4	5	0
19	11	5	0	1.51803
1	1	0	1	1.35163
4	3	1	1	0
6	4	1	3	1.04392
13	7	3	2	1.8564
10	6	2	4	0.449055
17	9	4	3	1.54756
16	8	3	5	1.34604
20	11	5	0	1.55351
1	1	0	1	1.54807
4	3	1	1	0
6	4	1	3	0
13	7	3	2	1.84899
10	6	2	4	0.437664
17	9	4	3	1.54817
14	7	3	2	1.27092
9	5	2	2	2.01647
7	5	2	2	0.971793
11	6	2	4	0.778363
17	9	4	3	1.58745
14	7	3	2	1.19104
10	6	2	4	0.565495
18	10	4	5	0
19	11	5	0	1.56486
2	2	0	2	1.36325
8	5	2	2	1.35608
7	5	2	2	0.508695
7	5	2	2	1.15655
7	5	2	2	1.39962
11	6	2	4	1.30245
18	10	4	5	0
19	11	5	0	1.53898
2	2	0	2	1.36627
8	5	2	2	1.37976
7	5	2	2	0.472678
7	5	2	2	1.15737
7	5	2	2	1.39927
7	5	2	2	1.39819
7	5	2	2	1.38039
11	6	2	4	1.11594
17	9	4	3	1.54685
14	7	3	2	1.19482
10	6	2	4	0.566034
17	9	4	3	1.45513
14	7	3	2	1.26302
9	5	2	2	2.01004
7	5	2	2	0.972416
11	6	2	4	0.779901
17	9	4	3	1.58758
14	7	3	2	1.19093
9	5	2	2	2.01535
11	6	2	4	0.875186
17	9	4	3	1.56947
14	7	3	2	1.18224
10	6	2	4	0.565982
17	9	4	3	1.45518
16	8	3	5	1.34723
20	11	5	0	1.5536
2	2	0	2	1.55012
8	5	2	2	1.35093
11	6	2	4	0.462666
17	9	4	3	1.45386
14	7	3	2	1.24662
9	5	2	2	2.02105
11	6	2	4	0.877034
18	10	4	5	0
19	11	5	0	1.51405
1	1	0	1	1.35289
4	3	1	1	0
6	4	1	3	1.04243
15	8	3	5	0.290049
20	11	5	0	1.45811
1	1	0	1	1.57377
5	4	1	3	1.50207
13	7	3	2	1.86168
9	5	2	2	2.07499
7	5	2	2	0.933372
11	6	2	4	0.650068
18	10	4	5	0
19	11	5	0	1.51982
1	1	0	1	1.35225
5	4	1	3	1.56687
15	8	3	5	0.514079
20	11	5	0	1.73701
1	1	0	1	1.53433
5	4	1	3	1.49088
15	8	3	5	0.571295
20	11	5	0	1.36683
1	1	0	1	1.58002
5	4	1	3	1.49121
15	8	3	5	0.570355
20	11	5	0	1.36484
2	2	0	2	1.58297
12	6	2	4	0
17	9	4	3	1.45411
16	8	3	5	1.34711
20	11	5	0	1.56662
1	1	0	1	1.54399
4	3	1	1	0
3	3	1	1	1.55477
3	3	1	1	1.29439
3	3	1	1	1.28575
3	3	1	1	1.44634
6	4	1	3	0
13	7	3	2	1.96975
9	5	2	2	1.92455
7	5	2	2	0.896251
7	5	2	2	0.880737
7	5	2	2	0.939407
7	5	2	2	1.24715
7	5	2	2	1.26992
7	5	2	2	0.977656
7	5	2	2	0.96043
7	5	2	2	0.959936
11	6	2	4	0.680484
17	9	4	3	1.55848
16	8	3	5	1.32412
20	11	5	0	1.54575
1	1	0	1	1.56149
4	3	1	1	0
6	4	1	3	0
15	8	3	5	0.286855
20	11	5	0	1.46745
1	1	0	1	1.5732
4	3	1	1	0
6	4	1	3	0
15	8	3	5	0.270003
20	11	5	0	1.47357
2	2	0	2	1.56973
12	6	2	4	0
17	9	4	3	1.45068
14	7	3	2	1.23165
10	6	2	4	0.556261
18	10	4	5	0
19	11	5	0	1.5693
1	1	0	1	1.35513
4	3	1	1	0
6	4	1	3	1.0036
15	8	3	5	0.289968
20	11	5	0	1.45796
2	2	0	2	1.57389
8	5	2	2	1.36962
7	5	2	2	0.673971
7	5	2	2	1.14878
7	5	2	2	1.40166
7	5	2	2	1.39915
11	6	2	4	1.3152
18	10	4	5	0
19	11	5	0	1.54098
1	1	0	1	1.35798
4	3	1	1	0
3	3	1	1	1.3947
6	4	1	3	0.355295
13	7	3	2	2.02012
10	6	2	4	0.301945
18	10	4	5	0
19	11	5	0	1.59125
1	1	0	1	1.36052
4	3	1	1	0
3	3	1	1	1.38775
6	4	1	3	0.355591
13	7	3	2	2.01992
10	6	2	4	0.300632
18	10	4	5	0
19	11	5	0	1.59119
2	2	0	2	1.37725
12	6	2	4	0
17	9	4	3	1.44262
14	7	3	2	1.22573
9	5	2	2	2.02602
7	5	2	2	0.970366
7	5	2	2	0.906748
7	5	2	2	0.921299
7	5	2	2	0.970898
7	5	2	2	1.24515
7	5	2	2	0.981725
7	5	2	2	0.968478
11	6	2	4	0.705381
18	10	4	5	0
19	11	5	0	1.52324
1	1	0	1	1.3562
5	4	1	3	1.57331
15	8	3	5	0.512556
20	11	5	0	1.73701
1	1	0	1	1.53484
4	3	1	1	0
3	3	1	1	1.28224
3	3	1	1	1.22481
6	4	1	3	0
15	8	3	5	0.435505
20	11	5	0	1.47911
1	1	0	1	1.56419
5	4	1	3	1.50245
13	7	3	2	1.89198
10	6	2	4	0.522013
18	10	4	5	0
19	11	5	0	1.54629
1	1	0	1	1.35026
4	3	1	1	0
3	3	1	1	1.3944
3	3	1	1	1.62003
6	4	1	3	0
13	7	3	2	1.9647
9	5	2	2	1.9318
7	5	2	2	0.88865
11	6	2	4	0.483499
18	10	4	5	0
19	11	5	0	1.51534
1	1	0	1	1.35082
5	4	1	3	1.56552
15	8	3	5	0.514555
20	11	5	0	1.73709
1	1	0	1	1.53403
4	3	1	1	0
6	4	1	3	0
13	7	3	2	1.57373
9	5	2	2	2.10835
7	5	2	2	0.912707
7	5	2	2	0.867212
11	6	2	4	0.457652
17	9	4	3	1.56293
14	7	3	2	1.20771
10	6	2	4	0.565672
17	9	4	3	1.45541
14	7	3	2	1.26307
10	6	2	4	0.566577
17	9	4	3	1.45451
14	7	3	2	1.25514
10	6	2	4	0.566827
17	9	4	3	1.45404
14	7	3	2	1.26035
9	5	2	2	2.00859
11	6	2	4	0.876227
17	9	4	3	1.57106
16	8	3	5	1.32109
20	11	5	0	1.54452
1	1	0	1	1.56275
5	4	1	3	1.50903
13	7	3	2	1.86776
10	6	2	4	0.477112
17	9	4	3	1.53874
14	7	3	2	1.26774
9	5	2	2	2.02272
11	6	2	4	0.877469
18	10	4	5	0
19	11	5	0	1.51238
1	1	0	1	1.35254
4	3	1	1	0
6	4	1	3	1.0435
13	7	3	2	1.85627
10	6	2	4	0.448962
18	10	4	5	0
19	11	5	0	1.56053
1	1	0	1	1.35948
4	3	1	1	0
6	4	1	3	0.975327
13	7	3	2	1.85493
10	6	2	4	0.445808
18	10	4	5	0
19	11	5	0	1.56101
2	2	0	2	1.37309
8	5	2	2	1.35696
7	5	2	2	0.501114
11	6	2	4	0
18	10	4	5	0
19	11	5	0	1.54042
1	1	0	1	1.35442
5	4	1	3	1.57346
15	8	3	5	0.510206
20	11	5	0	1.73679
2	2	0	2	1.53623
8	5	2	2	1.36909
11	6	2	4	0.522566
17	9	4	3	1.45304
14	7	3	2	1.24585
10	6	2	4	0.560634
18	10	4	5	0
19	11	5	0	1.56821
2	2	0	2	1.36562
8	5	2	2	1.36101
7	5	2	2	0.505284
7	5	2	2	1.15634
7	5	2	2	1.39958
7	5	2	2	1.39828
11	6	2	4	1.31538
17	9	4	3	1.50902
14	7	3	2	1.20712
9	5	2	2	2.01439
7	5	2	2	0.973145
11	6	2	4	0.78113
17	9	4	3	1.58779
16	8	3	5	1.32387
20	11	5	0	1.54515
1	1	0	1	1.55764
4	3	1	1	0
6	4	1	3	0
13	7	3	2	1.84964
10	6	2	4	0.436996
18	10	4	5	0
19	11	5	0	1.5598
2	2	0	2	1.37315
12	6	2	4	0
17	9	4	3	1.44193
16	8	3	5	1.34698
20	11	5	0	1.5698
2	2	0	2	1.54587
8	5	2	2	1.34669
11	6	2	4	0.483057
17	9	4	3	1.45383
16	8	3	5	1.34624
20	11	5	0	1.54777
2	2	0	2	1.55616
12	6	2	4	0
17	9	4	3	1.45929
16	8	3	5	1.3454
20	11	5	0	1.56551
1	1	0	1	1.54387
4	3	1	1	0
6	4	1	3	0.258108
13	7	3	2	1.84907
10	6	2	4	0.432534
17	9	4	3	1.54818
14	7	3	2	1.271
9	5	2	2	2.01643
11	6	2	4	0.877687
17	9	4	3	1.57249
14	7	3	2	1.18099
10	6	2	4	0.565922
17	9	4	3	1.45522
14	7	3	2	1.26305
10	6	2	4	0.566583
18	10	4	5	0
19	11	5	0	1.56951
2	2	0	2	1.36764
12	6	2	4	0
18	10	4	5	0
19	11	5	0	1.5619
2	2	0	2	1.36037
8	5	2	2	1.36262
7	5	2	2	0.485999
7	5	2	2	1.15815
11	6	2	4	0.967672
17	9	4	3	1.4586
16	8	3	5	1.338
20	11	5	0	1.54749
2	2	0	2	1.55843
8	5	2	2	1.3514
7	5	2	2	0.598158
11	6	2	4	0
17	9	4	3	1.50591
16	8	3	5	1.33735
20	11	5	0	1.54757
2	2	0	2	1.55786
8	5	2	2	1.35156
11	6	2	4	0.464699
18	10	4	5	0
19	11	5	0	1.56652
2	2	0	2	1.36166
12	6	2	4	0
18	10	4	5	0
19	11	5	0	1.56138
2	2	0	2	1.36036
12	6	2	4	0
18	10	4	5	0
19	11	5	0	1.56163
1	1	0	1	1.35137
5	4	1	3	1.58488
15	8	3	5	0.505647
20	11	5	0	1.73982
2	2	0	2	1.53874
8	5	2	2	1.36929
11	6	2	4	0.523463
18	10	4	5	0
19	11	5	0	1.56017
1	1	0	1	1.34904
4	3	1	1	0
6	4	1	3	1.02879
15	8	3	5	0.28944
20	11	5	0	1.458
2	2	0	2	1.57382
12	6	2	4	0
17	9	4	3	1.45074
14	7	3	2	1.23175
10	6	2	4	0.55626
18	10	4	5	0
19	11	5	0	1.56931
1	1	0	1	1.35513
5	4	1	3	1.57323
13	7	3	2	2.06286
9	5	2	2	2.13275
7	5	2	2	0.931025
7	5	2	2	0.890711
11	6	2	4	0.537802
18	10	4	5	0
19	11	5	0	1.52382
2	2	0	2	1.3624
12	6	2	4	0
18	10	4	5	0
19	11	5	0	1.56092
1	1	0	1	1.35108
5	4	1	3	1.58507
15	8	3	5	0.505655
20	11	5	0	1.73981
1	1	0	1	1.53857
5	4	1	3	1.49133
15	8	3	5	0.571262
20	11	5	0	1.36669
1	1	0	1	1.58017
4	3	1	1	0
3	3	1	1	1.27683
6	4	1	3	0.768769
13	7	3	2	1.97682
9	5	2	2	1.94333
11	6	2	4	0.871639
17	9	4	3	1.59528
16	8	3	5	1.31969
20	11	5	0	1.54362
1	1	0	1	1.56323
4	3	1	1	0
3	3	1	1	1.28766
6	4	1	3	0.711676
15	8	3	5	0.470219
20	11	5	0	1.49202
1	1	0	1	1.55994
5	4	1	3	1.50248
15	8	3	5	0.570016
20	11	5	0	1.37207
1	1	0	1	1.57779
5	4	1	3	1.49092
15	8	3	5	0.570432
20	11	5	0	1.36497
1	1	0	1	1.58279
5	4	1	3	1.49109
15	8	3	5	0.570253
20	11	5	0	1.36481
2	2	0	2	1.58309
12	6	2	4	0
17	9	4	3	1.45412
16	8	3	5	1.34711
20	11	5	0	1.56662
1	1	0	1	1.54399
5	4	1	3	1.50646
13	7	3	2	1.88501
10	6	2	4	0.478893
17	9	4	3	1.53859
16	8	3	5	1.34325
20	11	5	0	1.55202
1	1	0	1	1.54988
4	3	1	1	0
6	4	1	3	0
13	7	3	2	1.84985
10	6	2	4	0.437294
18	10	4	5	0
19	11	5	0	1.55979
1	1	0	1	1.35953
4	3	1	1	0
6	4	1	3	0.975453
15	8	3	5	0.289315
20	11	5	0	1.45757
1	1	0	1	1.57406
5	4	1	3	1.50216
13	7	3	2	1.86169
9	5	2	2	2.07499
11	6	2	4	0.860623
18	10	4	5	0
19	11	5	0	1.51519
2	2	0	2	1.35774
8	5	2	2	1.38348
7	5	2	2	0.466267
11	6	2	4	0
17	9	4	3	1.5088
14	7	3	2	1.2263
10	6	2	4	0.565125
17	9	4	3	1.45578
14	7	3	2	1.26311
9	5	2	2	2.01011
11	6	2	4	0.876567
18	10	4	5	0
19	11	5	0	1.51361
