2	2	0	2	1.5577
8	5	2	2	0
7	5	2	2	0
7	5	2	2	0.306557
7	5	2	2	0.607025
7	5	2	2	0.363522
7	5	2	2	0.400014
11	6	2	4	1.58362
17	9	4	3	1.74373
14	7	3	2	1.52167
10	6	2	4	1.51144
17	9	4	3	1.26707
14	7	3	2	1.83719
10	6	2	4	1.54043
18	10	4	5	1.52496
19	11	5	0	2.03227
2	2	0	2	1.51663
8	5	2	2	0.416281
11	6	2	4	0.412025
17	9	4	3	1.47105
16	8	3	5	0
20	11	5	0	1.66484
1	1	0	1	1.62969
4	3	1	1	1.45284
3	3	1	1	1.62781
3	3	1	1	1.66511
6	4	1	3	1.97992
15	8	3	5	1.51998
20	11	5	0	2.15384
1	1	0	1	1.57905
4	3	1	1	1.38869
3	3	1	1	1.62122
3	3	1	1	1.65208
6	4	1	3	1.98158
13	7	3	2	1.51856
10	6	2	4	1.59517
17	9	4	3	1.27008
14	7	3	2	1.7829
10	6	2	4	1.5396
18	10	4	5	1.52561
19	11	5	0	1.99532
2	2	0	2	1.53531
12	6	2	4	0.492889
18	10	4	5	2.03405
19	11	5	0	1.95885
1	1	0	1	1.52009
5	4	1	3	1.72164
15	8	3	5	1.48589
20	11	5	0	1.65259
1	1	0	1	1.61161
4	3	1	1	1.40475
6	4	1	3	1.62185
13	7	3	2	1.51242
10	6	2	4	1.59561
17	9	4	3	1.2608
16	8	3	5	0.484339
20	11	5	0	1.6725
1	1	0	1	1.63096
4	3	1	1	1.45059
6	4	1	3	1.62982
15	8	3	5	1.49107
20	11	5	0	1.9885
2	2	0	2	1.5999
8	5	2	2	0
7	5	2	2	0
7	5	2	2	0.337173
7	5	2	2	0.34604
7	5	2	2	0.380381
7	5	2	2	0.368369
11	6	2	4	1.58839
17	9	4	3	1.47905
14	7	3	2	1.52165
10	6	2	4	1.51138
18	10	4	5	1.52562
19	11	5	0	1.99416
2	2	0	2	1.53587
12	6	2	4	0.491252
17	9	4	3	2.0299
14	7	3	2	1.82214
10	6	2	4	1.54601
17	9	4	3	1.29217
16	8	3	5	0.46816
20	11	5	0	1.67454
2	2	0	2	1.63073
8	5	2	2	0.818151
7	5	2	2	0.398046
11	6	2	4	0.551206
18	10	4	5	1.88036
19	11	5	0	2.03512
2	2	0	2	1.52309
12	6	2	4	0.501297
18	10	4	5	2.03631
19	11	5	0	1.94906
2	2	0	2	1.5166
8	5	2	2	0.459481
7	5	2	2	0.373946
7	5	2	2	0
11	6	2	4	1.79273
17	9	4	3	1.47251
14	7	3	2	1.53742
10	6	2	4	1.51067
17	9	4	3	1.25662
16	8	3	5	0.481061
20	11	5	0	1.67431
2	2	0	2	1.63104
8	5	2	2	0.813929
7	5	2	2	0.397346
11	6	2	4	0.558307
17	9	4	3	1.80199
14	7	3	2	1.55209
10	6	2	4	1.5144
17	9	4	3	1.26063
16	8	3	5	0.480781
20	11	5	0	1.67437
1	1	0	1	1.6309
4	3	1	1	1.45012
3	3	1	1	1.62991
6	4	1	3	1.66478
13	7	3	2	1.4968
9	5	2	2	0
11	6	2	4	1.49336
18	10	4	5	1.57983
19	11	5	0	2.13545
2	2	0	2	1.50844
12	6	2	4	0.502479
17	9	4	3	2.03113
16	8	3	5	0.525724
20	11	5	0	1.68549
1	1	0	1	1.63166
4	3	1	1	1.42726
3	3	1	1	1.63661
3	3	1	1	1.66619
3	3	1	1	1.97647
6	4	1	3	2.00484
15	8	3	5	1.51943
20	11	5	0	2.15405
2	2	0	2	1.58462
8	5	2	2	0
11	6	2	4	1.03639
18	10	4	5	1.58378
19	11	5	0	1.9924
1	1	0	1	1.51978
4	3	1	1	1.75424
6	4	1	3	1.64524
13	7	3	2	1.48665
9	5	2	2	0
11	6	2	4	1.50845
18	10	4	5	1.58677
19	11	5	0	2.14769
1	1	0	1	1.50906
5	4	1	3	1.69423
15	8	3	5	1.48759
20	11	5	0	1.66176
1	1	0	1	1.61748
5	4	1	3	1.4379
13	7	3	2	1.47655
9	5	2	2	0
7	5	2	2	0
11	6	2	4	1.35385
18	10	4	5	1.84678
19	11	5	0	1.98282
2	2	0	2	1.51204
12	6	2	4	0.499503
18	10	4	5	2.02459
19	11	5	0	1.97678
1	1	0	1	1.52077
4	3	1	1	1.71009
6	4	1	3	1.64196
15	8	3	5	1.48163
20	11	5	0	1.62393
2	2	0	2	1.60542
12	6	2	4	1.45475
18	10	4	5	1.89764
19	11	5	0	1.96102
2	2	0	2	1.51283
12	6	2	4	0.500466
18	10	4	5	2.0328
19	11	5	0	1.95691
2	2	0	2	1.51967
12	6	2	4	0.494945
18	10	4	5	2.03029
19	11	5	0	1.9821
1	1	0	1	1.52746
4	3	1	1	1.71937
6	4	1	3	1.64213
15	8	3	5	1.48204
20	11	5	0	1.6239
1	1	0	1	1.60472
5	4	1	3	1.38885
15	8	3	5	1.45544
20	11	5	0	1.62915
2	2	0	2	1.61158
8	5	2	2	0
7	5	2	2	0
7	5	2	2	0.311154
7	5	2	2	0.588706
11	6	2	4	1.71102
17	9	4	3	1.47041
14	7	3	2	1.52152
10	6	2	4	1.51147
18	10	4	5	1.52569
19	11	5	0	1.99417
2	2	0	2	1.53591
8	5	2	2	0.427121
11	6	2	4	0.410957
18	10	4	5	1.82645
19	11	5	0	2.03261
1	1	0	1	1.52208
5	4	1	3	1.75019
13	7	3	2	1.50954
10	6	2	4	1.56757
17	9	4	3	1.40195
16	8	3	5	0.473591
20	11	5	0	1.67445
1	1	0	1	1.63076
5	4	1	3	1.45244
15	8	3	5	1.45253
20	11	5	0	1.65587
1	1	0	1	1.61009
5	4	1	3	1.40271
15	8	3	5	1.4433
20	11	5	0	1.6293
2	2	0	2	1.6052
8	5	2	2	0
7	5	2	2	0
7	5	2	2	0.312373
11	6	2	4	1.33197
17	9	4	3	1.48109
16	8	3	5	0
20	11	5	0	1.66511
1	1	0	1	1.62964
5	4	1	3	1.45439
15	8	3	5	1.44858
20	11	5	0	1.65613
1	1	0	1	1.61775
5	4	1	3	1.40444
13	7	3	2	1.47985
10	6	2	4	1.57111
18	10	4	5	1.54822
19	11	5	0	2.00518
1	1	0	1	1.51981
4	3	1	1	1.69571
6	4	1	3	1.64956
13	7	3	2	1.48862
9	5	2	2	0
7	5	2	2	0
11	6	2	4	1.3383
18	10	4	5	1.86504
19	11	5	0	1.99859
2	2	0	2	1.51249
8	5	2	2	0.341846
7	5	2	2	0.348929
7	5	2	2	0
7	5	2	2	0.395985
7	5	2	2	0.344065
7	5	2	2	0.422168
7	5	2	2	0.318199
11	6	2	4	1.71663
18	10	4	5	1.57857
19	11	5	0	1.95022
1	1	0	1	1.51263
4	3	1	1	1.76752
6	4	1	3	1.63923
15	8	3	5	1.48286
20	11	5	0	1.62376
2	2	0	2	1.60513
8	5	2	2	0
11	6	2	4	1.04367
18	10	4	5	1.5747
19	11	5	0	1.98263
2	2	0	2	1.51744
12	6	2	4	0.496742
18	10	4	5	2.0381
19	11	5	0	1.94899
1	1	0	1	1.51795
5	4	1	3	1.72499
15	8	3	5	1.48569
20	11	5	0	1.65271
2	2	0	2	1.61168
12	6	2	4	1.13599
18	10	4	5	2.02547
19	11	5	0	1.9473
1	1	0	1	1.5135
4	3	1	1	1.73934
6	4	1	3	1.64027
15	8	3	5	1.4826
20	11	5	0	1.62357
1	1	0	1	1.60431
5	4	1	3	1.38937
15	8	3	5	1.45536
20	11	5	0	1.62917
1	1	0	1	1.61134
4	3	1	1	1.35195
6	4	1	3	1.61933
15	8	3	5	1.51886
20	11	5	0	2.14265
1	1	0	1	1.58028
5	4	1	3	1.39084
15	8	3	5	1.45802
20	11	5	0	1.63083
1	1	0	1	1.61187
4	3	1	1	1.3599
3	3	1	1	1.61987
3	3	1	1	1.65445
6	4	1	3	1.97633
13	7	3	2	1.51843
9	5	2	2	0
7	5	2	2	0
7	5	2	2	0
7	5	2	2	0.465778
11	6	2	4	1.65576
17	9	4	3	1.72826
14	7	3	2	1.5225
10	6	2	4	1.52371
17	9	4	3	1.287
14	7	3	2	1.84331
9	5	2	2	0
11	6	2	4	1.37601
18	10	4	5	1.57438
19	11	5	0	1.92424
2	2	0	2	1.50074
12	6	2	4	0.490897
18	10	4	5	2.02469
19	11	5	0	1.95889
1	1	0	1	1.52418
4	3	1	1	1.71595
6	4	1	3	1.6418
13	7	3	2	1.48569
9	5	2	2	0
7	5	2	2	0
11	6	2	4	1.33781
18	10	4	5	1.86
19	11	5	0	1.99801
2	2	0	2	1.51234
12	6	2	4	0.497048
17	9	4	3	2.02611
16	8	3	5	0.527739
20	11	5	0	1.6858
2	2	0	2	1.63171
8	5	2	2	0.987834
11	6	2	4	0.430818
18	10	4	5	1.54692
19	11	5	0	2.03805
2	2	0	2	1.5334
8	5	2	2	0.259855
7	5	2	2	0
7	5	2	2	0
11	6	2	4	1.69927
17	9	4	3	1.48108
14	7	3	2	1.5212
10	6	2	4	1.51151
18	10	4	5	1.52567
19	11	5	0	1.99416
1	1	0	1	1.5359
5	4	1	3	1.73024
15	8	3	5	1.48734
20	11	5	0	1.65647
1	1	0	1	1.61739
5	4	1	3	1.4263
13	7	3	2	1.47741
10	6	2	4	1.56519
18	10	4	5	1.5462
19	11	5	0	2.00481
2	2	0	2	1.51985
8	5	2	2	0.419548
7	5	2	2	0.329603
7	5	2	2	0
7	5	2	2	0.389715
11	6	2	4	1.66808
18	10	4	5	1.57725
19	11	5	0	1.94596
2	2	0	2	1.51267
12	6	2	4	0.493339
18	10	4	5	2.0201
19	11	5	0	1.97901
1	1	0	1	1.52353
4	3	1	1	1.70951
3	3	1	1	1.64185
6	4	1	3	1.66707
15	8	3	5	1.4993
20	11	5	0	1.9995
1	1	0	1	1.59621
4	3	1	1	1.3774
3	3	1	1	1.62015
6	4	1	3	1.65188
13	7	3	2	1.50243
10	6	2	4	1.59283
18	10	4	5	1.55648
19	11	5	0	2.00509
1	1	0	1	1.51666
5	4	1	3	1.41638
15	8	3	5	1.49236
20	11	5	0	1.66263
2	2	0	2	1.61731
8	5	2	2	0.412064
7	5	2	2	0.358089
11	6	2	4	0.762114
17	9	4	3	1.75736
14	7	3	2	1.54328
9	5	2	2	0
11	6	2	4	1.35301
17	9	4	3	1.24232
16	8	3	5	0
20	11	5	0	1.66425
2	2	0	2	1.62988
8	5	2	2	0.747354
11	6	2	4	0.412025
17	9	4	3	1.43709
16	8	3	5	0.361155
20	11	5	0	1.66407
1	1	0	1	1.63047
4	3	1	1	1.44984
3	3	1	1	1.62692
3	3	1	1	1.66487
6	4	1	3	1.97995
15	8	3	5	1.51994
20	11	5	0	2.15391
2	2	0	2	1.58456
12	6	2	4	1.10605
17	9	4	3	1.76644
14	7	3	2	1.9325
10	6	2	4	1.54218
17	9	4	3	1.28882
14	7	3	2	1.86129
10	6	2	4	1.54051
18	10	4	5	1.52466
19	11	5	0	2.02912
1	1	0	1	1.51766
5	4	1	3	1.72792
13	7	3	2	1.50128
10	6	2	4	1.56887
18	10	4	5	1.55219
19	11	5	0	2.02512
1	1	0	1	1.51147
4	3	1	1	1.71241
6	4	1	3	1.64632
15	8	3	5	1.47727
20	11	5	0	1.6253
1	1	0	1	1.60535
4	3	1	1	1.36921
3	3	1	1	1.61924
3	3	1	1	1.65501
3	3	1	1	1.98078
6	4	1	3	2.00872
13	7	3	2	1.51898
10	6	2	4	1.59514
18	10	4	5	1.55594
19	11	5	0	2.00247
1	1	0	1	1.51721
4	3	1	1	1.68999
3	3	1	1	1.65202
6	4	1	3	1.66598
13	7	3	2	1.50373
9	5	2	2	0
11	6	2	4	1.49459
17	9	4	3	0.905346
14	7	3	2	1.52078
10	6	2	4	1.52068
17	9	4	3	1.30753
16	8	3	5	0.479522
20	11	5	0	1.67444
2	2	0	2	1.63101
12	6	2	4	0.903024
17	9	4	3	2.02315
14	7	3	2	1.80397
9	5	2	2	0
11	6	2	4	1.37364
18	10	4	5	1.5862
19	11	5	0	2.00985
1	1	0	1	1.50632
5	4	1	3	1.75448
15	8	3	5	1.48182
20	11	5	0	1.65188
2	2	0	2	1.60908
12	6	2	4	1.42355
18	10	4	5	2.01827
19	11	5	0	1.95087
2	2	0	2	1.51348
8	5	2	2	0.407528
11	6	2	4	0.411742
18	10	4	5	1.82744
19	11	5	0	2.03234
1	1	0	1	1.5238
4	3	1	1	1.7381
6	4	1	3	1.63916
15	8	3	5	1.48397
20	11	5	0	1.62343
2	2	0	2	1.60496
12	6	2	4	1.45035
18	10	4	5	1.8944
19	11	5	0	1.96088
2	2	0	2	1.51284
12	6	2	4	0.500466
18	10	4	5	2.03281
19	11	5	0	1.95691
1	1	0	1	1.51966
4	3	1	1	1.71329
3	3	1	1	1.6417
3	3	1	1	1.66735
6	4	1	3	1.64783
15	8	3	5	1.51589
20	11	5	0	2.11537
2	2	0	2	1.58193
12	6	2	4	1.09588
18	10	4	5	1.78079
19	11	5	0	1.96459
2	2	0	2	1.51014
12	6	2	4	0.496245
17	9	4	3	2.03384
14	7	3	2	1.80794
9	5	2	2	0
7	5	2	2	0
7	5	2	2	0
7	5	2	2	0.483133
7	5	2	2	0.322969
11	6	2	4	1.84434
17	9	4	3	1.45978
16	8	3	5	0
20	11	5	0	1.66453
1	1	0	1	1.63079
5	4	1	3	1.45435
15	8	3	5	1.44999
20	11	5	0	1.65617
1	1	0	1	1.6116
4	3	1	1	1.39072
3	3	1	1	1.6202
3	3	1	1	1.66166
3	3	1	1	1.98049
6	4	1	3	2.00556
13	7	3	2	1.51895
10	6	2	4	1.59513
18	10	4	5	1.55594
19	11	5	0	2.00247
1	1	0	1	1.51721
4	3	1	1	1.68999
3	3	1	1	1.65202
3	3	1	1	1.66615
3	3	1	1	1.65625
6	4	1	3	2.01055
13	7	3	2	1.52119
10	6	2	4	1.58919
18	10	4	5	1.5555
19	11	5	0	2.00231
2	2	0	2	1.51682
12	6	2	4	0.508161
18	10	4	5	2.03354
19	11	5	0	1.96204
2	2	0	2	1.51258
8	5	2	2	0.430142
7	5	2	2	0.346302
11	6	2	4	1.14392
18	10	4	5	1.88597
19	11	5	0	2.01791
1	1	0	1	1.5216
4	3	1	1	1.74521
6	4	1	3	1.63968
15	8	3	5	1.48341
20	11	5	0	1.62371
1	1	0	1	1.60443
5	4	1	3	1.38933
13	7	3	2	1.48218
10	6	2	4	1.57417
18	10	4	5	1.54942
19	11	5	0	2.00517
2	2	0	2	1.51957
8	5	2	2	0.418971
11	6	2	4	0.401729
17	9	4	3	1.4714
14	7	3	2	1.53355
10	6	2	4	1.51525
17	9	4	3	1.25758
14	7	3	2	1.83265
9	5	2	2	0
11	6	2	4	1.37625
17	9	4	3	1.40228
16	8	3	5	0
20	11	5	0	1.66432
2	2	0	2	1.62981
12	6	2	4	0.845925
17	9	4	3	2.0337
14	7	3	2	1.81247
9	5	2	2	0
11	6	2	4	1.37254
17	9	4	3	1.4489
16	8	3	5	0
20	11	5	0	1.66617
2	2	0	2	1.62944
12	6	2	4	0.855454
17	9	4	3	2.03396
14	7	3	2	1.81211
10	6	2	4	1.54497
17	9	4	3	1.2475
16	8	3	5	0.468239
20	11	5	0	1.67449
1	1	0	1	1.63058
4	3	1	1	1.44996
3	3	1	1	1.63018
3	3	1	1	1.66567
6	4	1	3	1.97908
13	7	3	2	1.52009
9	5	2	2	0
7	5	2	2	0
7	5	2	2	0
11	6	2	4	1.90029
17	9	4	3	1.47048
14	7	3	2	1.52202
9	5	2	2	0
7	5	2	2	0
11	6	2	4	1.24228
17	9	4	3	1.87037
16	8	3	5	0
20	11	5	0	1.66852
1	1	0	1	1.63033
4	3	1	1	1.45243
6	4	1	3	1.62966
15	8	3	5	1.49132
20	11	5	0	1.99129
1	1	0	1	1.59818
5	4	1	3	1.39171
13	7	3	2	1.4829
10	6	2	4	1.57241
18	10	4	5	1.54893
19	11	5	0	2.00507
2	2	0	2	1.51963
8	5	2	2	0.419551
7	5	2	2	0.328486
7	5	2	2	0
11	6	2	4	1.75422
18	10	4	5	1.57062
19	11	5	0	1.9451
1	1	0	1	1.51402
4	3	1	1	1.76811
6	4	1	3	1.63928
15	8	3	5	1.48292
20	11	5	0	1.62375
1	1	0	1	1.6044
4	3	1	1	1.37274
3	3	1	1	1.61936
6	4	1	3	1.65264
15	8	3	5	1.50158
20	11	5	0	2.0531
2	2	0	2	1.59607
8	5	2	2	0
7	5	2	2	0
11	6	2	4	1.76481
18	10	4	5	1.5768
19	11	5	0	1.97814
2	2	0	2	1.51636
12	6	2	4	0.495904
18	10	4	5	2.02655
19	11	5	0	1.98233
1	1	0	1	1.51941
4	3	1	1	1.71036
3	3	1	1	1.64171
3	3	1	1	1.66734
3	3	1	1	1.64932
3	3	1	1	2.00913
6	4	1	3	2.00138
15	8	3	5	1.5197
20	11	5	0	2.15379
1	1	0	1	1.57922
4	3	1	1	1.38892
3	3	1	1	1.62121
3	3	1	1	1.65215
3	3	1	1	1.9849
3	3	1	1	2.01281
6	4	1	3	2.00712
15	8	3	5	1.51929
20	11	5	0	2.15871
2	2	0	2	1.58463
12	6	2	4	1.09992
17	9	4	3	1.76579
16	8	3	5	0.448383
20	11	5	0	1.6723
2	2	0	2	1.63271
12	6	2	4	0.889626
18	10	4	5	2.02515
19	11	5	0	1.987
1	1	0	1	1.5404
4	3	1	1	1.70928
6	4	1	3	1.64262
15	8	3	5	1.48307
20	11	5	0	1.62376
2	2	0	2	1.60543
8	5	2	2	0
7	5	2	2	0
7	5	2	2	0.338361
11	6	2	4	1.63806
18	10	4	5	1.57436
19	11	5	0	1.94214
1	1	0	1	1.51345
4	3	1	1	1.76659
3	3	1	1	1.63905
6	4	1	3	1.6694
15	8	3	5	1.49697
20	11	5	0	1.99572
1	1	0	1	1.59633
4	3	1	1	1.37727
3	3	1	1	1.62014
3	3	1	1	1.65398
6	4	1	3	1.9804
15	8	3	5	1.51855
20	11	5	0	2.16178
2	2	0	2	1.58456
8	5	2	2	0
7	5	2	2	0
11	6	2	4	1.76053
17	9	4	3	1.48633
14	7	3	2	1.54334
10	6	2	4	1.50959
17	9	4	3	1.25459
14	7	3	2	1.82747
9	5	2	2	0
7	5	2	2	0
7	5	2	2	0
11	6	2	4	1.89059
18	10	4	5	1.57567
19	11	5	0	1.94656
2	2	0	2	1.51108
12	6	2	4	0.496008
17	9	4	3	2.02523
14	7	3	2	1.8113
10	6	2	4	1.54622
18	10	4	5	1.54795
19	11	5	0	1.99432
1	1	0	1	1.52271
5	4	1	3	1.70046
13	7	3	2	1.5008
10	6	2	4	1.57715
17	9	4	3	1.45433
16	8	3	5	0.465883
20	11	5	0	1.67423
1	1	0	1	1.6306
4	3	1	1	1.4501
3	3	1	1	1.63003
3	3	1	1	1.66564
6	4	1	3	1.9791
13	7	3	2	1.52008
10	6	2	4	1.59497
18	10	4	5	1.55584
19	11	5	0	2.00244
2	2	0	2	1.51674
8	5	2	2	0.361252
11	6	2	4	0.641566
18	10	4	5	1.58401
19	11	5	0	2.03382
1	1	0	1	1.52013
4	3	1	1	1.74519
3	3	1	1	1.63762
6	4	1	3	1.66372
13	7	3	2	1.50284
10	6	2	4	1.59822
17	9	4	3	1.3093
16	8	3	5	0.482531
20	11	5	0	1.67248
1	1	0	1	1.63094
5	4	1	3	1.45266
13	7	3	2	1.48516
9	5	2	2	0
11	6	2	4	1.53892
17	9	4	3	1.43363
14	7	3	2	1.5385
10	6	2	4	1.51018
17	9	4	3	1.25971
16	8	3	5	0.480884
20	11	5	0	1.67434
1	1	0	1	1.63091
4	3	1	1	1.45013
6	4	1	3	1.63024
13	7	3	2	1.49205
10	6	2	4	1.58735
17	9	4	3	1.30087
14	7	3	2	1.7864
9	5	2	2	0
11	6	2	4	1.37472
17	9	4	3	1.3746
16	8	3	5	0
20	11	5	0	1.66426
2	2	0	2	1.62982
8	5	2	2	0.749316
7	5	2	2	0.386309
7	5	2	2	0.274353
11	6	2	4	1.77197
17	9	4	3	1.47504
16	8	3	5	0
20	11	5	0	1.66538
2	2	0	2	1.62975
12	6	2	4	0.842512
17	9	4	3	2.03346
16	8	3	5	0.527803
20	11	5	0	1.68595
1	1	0	1	1.63132
4	3	1	1	1.42979
3	3	1	1	1.6375
6	4	1	3	1.66563
15	8	3	5	1.49861
20	11	5	0	1.9933
1	1	0	1	1.59779
5	4	1	3	1.38835
15	8	3	5	1.45645
20	11	5	0	1.62935
1	1	0	1	1.60555
5	4	1	3	1.37894
15	8	3	5	1.45502
20	11	5	0	1.62884
2	2	0	2	1.61163
8	5	2	2	0
7	5	2	2	0
7	5	2	2	0.311076
7	5	2	2	0.588841
11	6	2	4	1.71123
17	9	4	3	1.47037
16	8	3	5	0
20	11	5	0	1.66462
2	2	0	2	1.63092
12	6	2	4	0.860024
18	10	4	5	2.03546
19	11	5	0	1.9865
1	1	0	1	1.53683
4	3	1	1	1.71602
3	3	1	1	1.64226
6	4	1	3	1.66716
15	8	3	5	1.49914
20	11	5	0	1.99277
1	1	0	1	1.59695
5	4	1	3	1.38835
13	7	3	2	1.48366
9	5	2	2	0
7	5	2	2	0
7	5	2	2	0
11	6	2	4	1.86714
17	9	4	3	1.46606
14	7	3	2	1.52184
10	6	2	4	1.51137
17	9	4	3	1.26681
14	7	3	2	1.83696
9	5	2	2	0
11	6	2	4	1.37611
17	9	4	3	1.40271
14	7	3	2	1.52015
9	5	2	2	0
11	6	2	4	1.34132
18	10	4	5	1.5624
19	11	5	0	1.92982
1	1	0	1	1.50101
5	4	1	3	1.72678
13	7	3	2	1.50112
9	5	2	2	0
11	6	2	4	1.53931
17	9	4	3	1.4459
16	8	3	5	0
20	11	5	0	1.66556
1	1	0	1	1.62959
4	3	1	1	1.45261
3	3	1	1	1.62811
3	3	1	1	1.66522
3	3	1	1	1.98246
3	3	1	1	2.01162
6	4	1	3	2.0037
15	8	3	5	1.51925
20	11	5	0	2.15872
2	2	0	2	1.58462
8	5	2	2	0
7	5	2	2	0
11	6	2	4	1.76077
18	10	4	5	1.57767
19	11	5	0	1.98473
1	1	0	1	1.51662
4	3	1	1	1.76029
6	4	1	3	1.64524
13	7	3	2	1.48661
9	5	2	2	0
11	6	2	4	1.50847
17	9	4	3	1.0189
16	8	3	5	0
20	11	5	0	1.66377
2	2	0	2	1.63001
8	5	2	2	0.741156
11	6	2	4	0.411858
17	9	4	3	1.43759
14	7	3	2	1.87417
9	5	2	2	0
7	5	2	2	0
11	6	2	4	1.24746
18	10	4	5	1.94864
19	11	5	0	2.01993
2	2	0	2	1.51152
8	5	2	2	0.332171
7	5	2	2	0.34496
7	5	2	2	0
7	5	2	2	0.396256
7	5	2	2	0.344115
11	6	2	4	1.80389
18	10	4	5	1.57512
19	11	5	0	1.94622
1	1	0	1	1.51326
5	4	1	3	1.77412
15	8	3	5	1.4868
20	11	5	0	1.654
1	1	0	1	1.61727
5	4	1	3	1.4119
13	7	3	2	1.4794
10	6	2	4	1.56818
17	9	4	3	1.41186
14	7	3	2	1.87242
9	5	2	2	0
11	6	2	4	1.37354
18	10	4	5	1.57844
19	11	5	0	1.92444
1	1	0	1	1.50068
5	4	1	3	1.72821
15	8	3	5	1.48669
20	11	5	0	1.6598
1	1	0	1	1.61768
4	3	1	1	1.41855
3	3	1	1	1.61686
6	4	1	3	1.66139
15	8	3	5	1.49506
20	11	5	0	1.99537
1	1	0	1	1.59853
4	3	1	1	1.37628
6	4	1	3	1.61998
15	8	3	5	1.51132
20	11	5	0	2.11914
2	2	0	2	1.58561
12	6	2	4	1.09103
17	9	4	3	1.76807
14	7	3	2	1.93226
9	5	2	2	0
7	5	2	2	0
7	5	2	2	0
11	6	2	4	1.90143
18	10	4	5	1.56648
19	11	5	0	1.94856
2	2	0	2	1.51144
8	5	2	2	0.34556
7	5	2	2	0.351199
7	5	2	2	0
11	6	2	4	1.77562
17	9	4	3	1.47342
14	7	3	2	1.53443
10	6	2	4	1.51093
18	10	4	5	1.5244
19	11	5	0	1.99404
1	1	0	1	1.53607
5	4	1	3	1.73042
13	7	3	2	1.50059
10	6	2	4	1.57365
17	9	4	3	1.46102
14	7	3	2	1.90732
9	5	2	2	0
11	6	2	4	1.37308
17	9	4	3	1.40603
16	8	3	5	0
20	11	5	0	1.66434
1	1	0	1	1.62966
5	4	1	3	1.45445
13	7	3	2	1.48503
10	6	2	4	1.56367
18	10	4	5	1.54285
19	11	5	0	2.00202
2	2	0	2	1.52045
8	5	2	2	0.410165
11	6	2	4	0.399766
18	10	4	5	1.57872
19	11	5	0	2.03429
1	1	0	1	1.52159
4	3	1	1	1.74423
6	4	1	3	1.64454
13	7	3	2	1.48689
9	5	2	2	0
11	6	2	4	1.50832
17	9	4	3	1.01549
14	7	3	2	1.52184
9	5	2	2	0
11	6	2	4	1.34101
18	10	4	5	1.56334
19	11	5	0	1.92934
2	2	0	2	1.50091
12	6	2	4	0.490345
18	10	4	5	2.0248
19	11	5	0	1.95771
2	2	0	2	1.52456
12	6	2	4	0.491804
17	9	4	3	2.03051
14	7	3	2	1.80347
10	6	2	4	1.54588
18	10	4	5	1.54795
19	11	5	0	1.99439
1	1	0	1	1.52235
5	4	1	3	1.6979
15	8	3	5	1.48806
20	11	5	0	1.66016
2	2	0	2	1.61768
8	5	2	2	0.276755
7	5	2	2	0.316684
11	6	2	4	0.853
17	9	4	3	1.49934
14	7	3	2	1.54205
10	6	2	4	1.50912
18	10	4	5	1.5228
19	11	5	0	1.9939
1	1	0	1	1.536
4	3	1	1	1.72785
6	4	1	3	1.64834
15	8	3	5	1.4774
20	11	5	0	1.62544
1	1	0	1	1.60578
5	4	1	3	1.38583
15	8	3	5	1.45552
20	11	5	0	1.62912
1	1	0	1	1.61137
5	4	1	3	1.37889
15	8	3	5	1.4552
20	11	5	0	1.62882
2	2	0	2	1.61165
8	5	2	2	0
7	5	2	2	0
7	5	2	2	0.311046
11	6	2	4	1.33217
17	9	4	3	1.48107
16	8	3	5	0
20	11	5	0	1.66511
2	2	0	2	1.62979
12	6	2	4	0.840507
17	9	4	3	2.03424
14	7	3	2	1.81316
10	6	2	4	1.54503
17	9	4	3	1.24986
14	7	3	2	1.91151
9	5	2	2	0
7	5	2	2	0
11	6	2	4	1.26947
17	9	4	3	1.86405
14	7	3	2	1.54165
9	5	2	2	0
11	6	2	4	1.3553
18	10	4	5	1.55998
19	11	5	0	1.93045
1	1	0	1	1.50028
4	3	1	1	1.71829
6	4	1	3	1.64704
15	8	3	5	1.47689
20	11	5	0	1.62527
2	2	0	2	1.60608
8	5	2	2	0
11	6	2	4	1.04358
18	10	4	5	1.5744
19	11	5	0	1.98284
2	2	0	2	1.51756
12	6	2	4	0.496629
18	10	4	5	2.03808
19	11	5	0	1.94887
1	1	0	1	1.51793
4	3	1	1	1.71808
6	4	1	3	1.64185
15	8	3	5	1.48144
20	11	5	0	1.62395
2	2	0	2	1.60542
8	5	2	2	0
7	5	2	2	0
11	6	2	4	1.76512
17	9	4	3	1.47298
16	8	3	5	0
20	11	5	0	1.66563
1	1	0	1	1.62957
5	4	1	3	1.45412
15	8	3	5	1.45008
20	11	5	0	1.65612
2	2	0	2	1.6178
12	6	2	4	1.42265
17	9	4	3	1.99457
16	8	3	5	0.500996
20	11	5	0	1.68086
1	1	0	1	1.63161
4	3	1	1	1.44173
3	3	1	1	1.63955
3	3	1	1	1.6663
3	3	1	1	1.97887
6	4	1	3	2.00605
13	7	3	2	1.51936
10	6	2	4	1.59495
17	9	4	3	1.26593
14	7	3	2	1.7823
9	5	2	2	0
11	6	2	4	1.37519
18	10	4	5	1.57746
19	11	5	0	1.92487
1	1	0	1	1.50046
5	4	1	3	1.72748
13	7	3	2	1.50103
9	5	2	2	0
7	5	2	2	0
7	5	2	2	0
7	5	2	2	0.462388
7	5	2	2	0.338955
11	6	2	4	1.833
17	9	4	3	1.45548
14	7	3	2	1.52165
9	5	2	2	0
7	5	2	2	0
11	6	2	4	1.24227
18	10	4	5	1.94992
19	11	5	0	2.02297
1	1	0	1	1.51231
4	3	1	1	1.76598
6	4	1	3	1.64292
13	7	3	2	1.48204
10	6	2	4	1.58511
18	10	4	5	1.55388
19	11	5	0	2.00523
1	1	0	1	1.51722
4	3	1	1	1.41088
3	3	1	1	1.65139
6	4	1	3	1.66599
15	8	3	5	1.50298
20	11	5	0	2.02781
1	1	0	1	1.59257
5	4	1	3	1.38876
15	8	3	5	1.45638
20	11	5	0	1.62946
1	1	0	1	1.6054
5	4	1	3	1.37899
15	8	3	5	1.45494
20	11	5	0	1.62884
1	1	0	1	1.61138
4	3	1	1	1.35114
6	4	1	3	1.61928
15	8	3	5	1.51884
20	11	5	0	2.14264
2	2	0	2	1.58545
12	6	2	4	1.1011
17	9	4	3	1.76697
16	8	3	5	0.448169
20	11	5	0	1.67232
2	2	0	2	1.6327
8	5	2	2	0.801913
11	6	2	4	0.416727
17	9	4	3	1.43347
14	7	3	2	1.88054
10	6	2	4	1.52782
18	10	4	5	1.53036
19	11	5	0	1.99456
2	2	0	2	1.53663
12	6	2	4	0.496525
17	9	4	3	2.02962
14	7	3	2	1.82521
10	6	2	4	1.546
17	9	4	3	1.29666
16	8	3	5	0.468155
20	11	5	0	1.67454
2	2	0	2	1.63074
8	5	2	2	0.818116
11	6	2	4	0.417368
18	10	4	5	1.56003
19	11	5	0	2.04
2	2	0	2	1.5306
12	6	2	4	0.516341
17	9	4	3	2.01896
16	8	3	5	0.516797
20	11	5	0	1.68209
2	2	0	2	1.6318
8	5	2	2	0.944956
7	5	2	2	0.420796
11	6	2	4	0.278862
17	9	4	3	1.81324
16	8	3	5	0
20	11	5	0	1.66619
2	2	0	2	1.62958
8	5	2	2	0.748253
7	5	2	2	0.38571
11	6	2	4	0.642947
17	9	4	3	1.79796
14	7	3	2	1.55058
10	6	2	4	1.50885
17	9	4	3	1.26083
14	7	3	2	1.82945
10	6	2	4	1.54044
18	10	4	5	1.52505
19	11	5	0	2.03308
1	1	0	1	1.51654
4	3	1	1	1.72001
6	4	1	3	1.64567
15	8	3	5	1.47822
20	11	5	0	1.62492
1	1	0	1	1.6051
4	3	1	1	1.36941
3	3	1	1	1.61927
3	3	1	1	1.655
6	4	1	3	1.97741
15	8	3	5	1.51843
20	11	5	0	2.16192
1	1	0	1	1.57903
5	4	1	3	1.39063
15	8	3	5	1.45819
20	11	5	0	1.64104
1	1	0	1	1.61197
4	3	1	1	1.36027
6	4	1	3	1.62004
15	8	3	5	1.5188
20	11	5	0	2.14201
1	1	0	1	1.58034
4	3	1	1	1.38836
3	3	1	1	1.62118
6	4	1	3	1.65
13	7	3	2	1.50384
9	5	2	2	0
7	5	2	2	0
11	6	2	4	1.33914
18	10	4	5	1.86658
19	11	5	0	1.9919
2	2	0	2	1.51042
8	5	2	2	0.350818
11	6	2	4	0.419042
17	9	4	3	1.71625
14	7	3	2	1.53062
9	5	2	2	0
7	5	2	2	0
7	5	2	2	0
7	5	2	2	0.471468
11	6	2	4	1.63202
17	9	4	3	1.75524
14	7	3	2	1.52243
9	5	2	2	0
7	5	2	2	0
11	6	2	4	1.27485
17	9	4	3	1.87234
16	8	3	5	0
20	11	5	0	1.66856
2	2	0	2	1.63046
8	5	2	2	0.786454
7	5	2	2	0.393189
11	6	2	4	0.591524
18	10	4	5	1.87615
19	11	5	0	2.03363
2	2	0	2	1.52261
8	5	2	2	0.297203
7	5	2	2	0.315554
7	5	2	2	0
11	6	2	4	1.8149
17	9	4	3	1.46831
16	8	3	5	0
20	11	5	0	1.66513
2	2	0	2	1.62981
12	6	2	4	0.840389
17	9	4	3	2.03402
14	7	3	2	1.81304
9	5	2	2	0
7	5	2	2	0
7	5	2	2	0
11	6	2	4	1.90627
18	10	4	5	1.56943
19	11	5	0	1.95181
2	2	0	2	1.51162
12	6	2	4	0.496226
18	10	4	5	2.02749
19	11	5	0	1.9756
1	1	0	1	1.51996
5	4	1	3	1.71769
15	8	3	5	1.48573
20	11	5	0	1.6526
2	2	0	2	1.61167
8	5	2	2	0
11	6	2	4	0.688412
17	9	4	3	1.49626
16	8	3	5	0
20	11	5	0	1.66396
2	2	0	2	1.6301
8	5	2	2	0.725752
11	6	2	4	0.411453
18	10	4	5	1.56276
19	11	5	0	2.03917
1	1	0	1	1.52928
4	3	1	1	1.72446
6	4	1	3	1.63937
13	7	3	2	1.48787
10	6	2	4	1.58469
18	10	4	5	1.55373
19	11	5	0	2.00498
1	1	0	1	1.51732
5	4	1	3	1.41177
15	8	3	5	1.49234
20	11	5	0	1.66256
1	1	0	1	1.6172
5	4	1	3	1.43674
13	7	3	2	1.47642
10	6	2	4	1.55981
17	9	4	3	1.41114
16	8	3	5	0.473943
20	11	5	0	1.67406
2	2	0	2	1.63091
8	5	2	2	0.805456
7	5	2	2	0.39585
7	5	2	2	0.279799
11	6	2	4	1.76866
17	9	4	3	1.47509
14	7	3	2	1.53965
9	5	2	2	0
7	5	2	2	0
11	6	2	4	1.24127
17	9	4	3	1.87094
14	7	3	2	1.54204
9	5	2	2	0
11	6	2	4	1.35443
18	10	4	5	1.55479
19	11	5	0	1.93045
1	1	0	1	1.5003
4	3	1	1	1.71832
3	3	1	1	1.64692
3	3	1	1	1.66672
3	3	1	1	1.65313
3	3	1	1	2.01229
6	4	1	3	1.99986
15	8	3	5	1.51964
20	11	5	0	2.15371
2	2	0	2	1.58462
12	6	2	4	1.09927
18	10	4	5	1.79966
19	11	5	0	1.96253
2	2	0	2	1.51098
12	6	2	4	0.496451
17	9	4	3	2.03412
16	8	3	5	0.528677
20	11	5	0	1.686
1	1	0	1	1.63157
5	4	1	3	1.43567
13	7	3	2	1.48334
9	5	2	2	0
11	6	2	4	1.53233
17	9	4	3	1.41557
16	8	3	5	0
20	11	5	0	1.66525
2	2	0	2	1.62999
12	6	2	4	0.840523
18	10	4	5	2.03733
19	11	5	0	1.98565
2	2	0	2	1.5354
12	6	2	4	0.495419
17	9	4	3	2.03522
16	8	3	5	0.527165
20	11	5	0	1.68576
1	1	0	1	1.6316
5	4	1	3	1.43622
15	8	3	5	1.45364
20	11	5	0	1.65286
2	2	0	2	1.60858
12	6	2	4	1.46503
17	9	4	3	1.97417
16	8	3	5	0.491492
20	11	5	0	1.67976
1	1	0	1	1.63171
5	4	1	3	1.44721
15	8	3	5	1.45322
20	11	5	0	1.65467
2	2	0	2	1.60934
8	5	2	2	0
7	5	2	2	0
7	5	2	2	0.299412
7	5	2	2	0.335116
7	5	2	2	0.334382
7	5	2	2	0.385008
11	6	2	4	1.32995
18	10	4	5	1.57861
19	11	5	0	1.95478
1	1	0	1	1.51262
4	3	1	1	1.76725
3	3	1	1	1.63905
6	4	1	3	1.6694
15	8	3	5	1.49696
20	11	5	0	1.99569
1	1	0	1	1.59633
4	3	1	1	1.37726
3	3	1	1	1.62014
6	4	1	3	1.65188
15	8	3	5	1.50222
20	11	5	0	2.05596
2	2	0	2	1.59573
12	6	2	4	1.35705
17	9	4	3	1.78028
14	7	3	2	1.92887
10	6	2	4	1.5419
17	9	4	3	1.2886
14	7	3	2	1.86081
9	5	2	2	0
11	6	2	4	1.37649
17	9	4	3	1.40595
16	8	3	5	0
20	11	5	0	1.66433
1	1	0	1	1.62966
5	4	1	3	1.45445
15	8	3	5	1.44986
20	11	5	0	1.65608
2	2	0	2	1.61779
8	5	2	2	0
11	6	2	4	0.945917
17	9	4	3	1.50925
16	8	3	5	0
20	11	5	0	1.66428
2	2	0	2	1.63004
12	6	2	4	0.825363
17	9	4	3	2.03401
16	8	3	5	0.527517
20	11	5	0	1.68589
1	1	0	1	1.63134
4	3	1	1	1.42489
6	4	1	3	1.63715
15	8	3	5	1.49226
20	11	5	0	1.96437
1	1	0	1	1.60013
4	3	1	1	1.37631
3	3	1	1	1.61975
6	4	1	3	1.65226
15	8	3	5	1.50178
20	11	5	0	2.05383
2	2	0	2	1.59596
12	6	2	4	1.3611
17	9	4	3	1.78112
14	7	3	2	1.92864
9	5	2	2	0
7	5	2	2	0
11	6	2	4	1.24374
17	9	4	3	1.86831
14	7	3	2	1.54174
9	5	2	2	0
11	6	2	4	1.3549
17	9	4	3	1.29328
14	7	3	2	1.51698
9	5	2	2	0
11	6	2	4	1.34151
17	9	4	3	1.24476
14	7	3	2	1.52033
9	5	2	2	0
11	6	2	4	1.34155
17	9	4	3	1.24563
16	8	3	5	0
20	11	5	0	1.66435
1	1	0	1	1.6297
5	4	1	3	1.45445
15	8	3	5	1.44987
20	11	5	0	1.65609
2	2	0	2	1.6178
12	6	2	4	1.42298
17	9	4	3	1.99448
14	7	3	2	1.91493
9	5	2	2	0
7	5	2	2	0
11	6	2	4	1.28254
18	10	4	5	1.95381
19	11	5	0	2.01732
1	1	0	1	1.51104
5	4	1	3	1.77324
15	8	3	5	1.48243
20	11	5	0	1.65143
1	1	0	1	1.60888
5	4	1	3	1.40322
15	8	3	5	1.44235
20	11	5	0	1.62923
1	1	0	1	1.61265
5	4	1	3	1.38176
15	8	3	5	1.45435
20	11	5	0	1.62887
2	2	0	2	1.61162
8	5	2	2	0
7	5	2	2	0
11	6	2	4	1.69217
17	9	4	3	1.48092
14	7	3	2	1.54153
9	5	2	2	0
7	5	2	2	0
11	6	2	4	1.24119
18	10	4	5	1.95034
19	11	5	0	2.02402
2	2	0	2	1.51258
12	6	2	4	0.506663
18	10	4	5	2.0384
19	11	5	0	1.94903
2	2	0	2	1.51783
12	6	2	4	0.494504
17	9	4	3	2.02835
16	8	3	5	0.530401
20	11	5	0	1.68632
2	2	0	2	1.63159
12	6	2	4	1.06823
18	10	4	5	1.97952
19	11	5	0	1.93516
2	2	0	2	1.55072
12	6	2	4	0.487602
17	9	4	3	2.03278
14	7	3	2	1.79934
10	6	2	4	1.54578
18	10	4	5	1.53656
19	11	5	0	1.99435
2	2	0	2	1.52209
8	5	2	2	0.427299
7	5	2	2	0.34101
7	5	2	2	0
7	5	2	2	0.390021
11	6	2	4	1.66478
17	9	4	3	1.47252
16	8	3	5	0
20	11	5	0	1.6648
2	2	0	2	1.62977
8	5	2	2	0.742967
11	6	2	4	0.411791
18	10	4	5	1.56197
19	11	5	0	2.03915
1	1	0	1	1.52966
5	4	1	3	1.73048
13	7	3	2	1.50913
10	6	2	4	1.56809
18	10	4	5	1.54426
19	11	5	0	2.00333
1	1	0	1	1.52158
4	3	1	1	1.72037
3	3	1	1	1.64874
3	3	1	1	1.66678
6	4	1	3	1.65262
13	7	3	2	1.51195
10	6	2	4	1.59695
18	10	4	5	1.55525
19	11	5	0	2.00326
1	1	0	1	1.51695
4	3	1	1	1.68631
3	3	1	1	1.65191
3	3	1	1	1.66618
3	3	1	1	1.65618
6	4	1	3	2.01057
13	7	3	2	1.52118
9	5	2	2	0
7	5	2	2	0
7	5	2	2	0
11	6	2	4	1.90039
18	10	4	5	1.58122
19	11	5	0	1.95867
2	2	0	2	1.50913
8	5	2	2	0.363961
7	5	2	2	0.358571
11	6	2	4	1.15955
18	10	4	5	1.88058
19	11	5	0	2.01844
1	1	0	1	1.52122
5	4	1	3	1.75197
13	7	3	2	1.50927
10	6	2	4	1.56873
18	10	4	5	1.54411
19	11	5	0	2.00312
1	1	0	1	1.52164
4	3	1	1	1.7198
6	4	1	3	1.64886
13	7	3	2	1.49098
10	6	2	4	1.58477
17	9	4	3	1.30164
16	8	3	5	0.482631
20	11	5	0	1.67244
1	1	0	1	1.63095
5	4	1	3	1.45267
13	7	3	2	1.48516
10	6	2	4	1.56437
17	9	4	3	1.38683
16	8	3	5	0.477264
20	11	5	0	1.67407
2	2	0	2	1.63093
12	6	2	4	0.897365
18	10	4	5	2.02653
19	11	5	0	1.98754
2	2	0	2	1.54083
12	6	2	4	0.494745
18	10	4	5	2.03722
19	11	5	0	1.97675
2	2	0	2	1.5218
12	6	2	4	0.492165
18	10	4	5	2.03006
19	11	5	0	1.98204
1	1	0	1	1.52745
5	4	1	3	1.72877
13	7	3	2	1.50105
10	6	2	4	1.5759
18	10	4	5	1.54545
19	11	5	0	2.00319
1	1	0	1	1.52137
5	4	1	3	1.71451
13	7	3	2	1.50311
10	6	2	4	1.57597
17	9	4	3	1.45768
14	7	3	2	1.90305
10	6	2	4	1.54004
17	9	4	3	1.36401
16	8	3	5	0.473459
20	11	5	0	1.6746
2	2	0	2	1.63084
12	6	2	4	0.908008
18	10	4	5	2.02519
19	11	5	0	1.98752
1	1	0	1	1.5417
5	4	1	3	1.72324
15	8	3	5	1.48662
20	11	5	0	1.6496
1	1	0	1	1.61151
4	3	1	1	1.40771
6	4	1	3	1.62147
13	7	3	2	1.51254
9	5	2	2	0
7	5	2	2	0
11	6	2	4	1.3846
17	9	4	3	1.7293
16	8	3	5	0
20	11	5	0	1.66807
1	1	0	1	1.63056
5	4	1	3	1.45423
15	8	3	5	1.4514
20	11	5	0	1.656
2	2	0	2	1.61042
12	6	2	4	1.42763
17	9	4	3	1.99263
14	7	3	2	1.92264
10	6	2	4	1.54809
17	9	4	3	1.37943
16	8	3	5	0.473137
20	11	5	0	1.67445
1	1	0	1	1.63068
4	3	1	1	1.44997
3	3	1	1	1.63012
3	3	1	1	1.66566
3	3	1	1	1.98153
6	4	1	3	2.00761
15	8	3	5	1.51926
20	11	5	0	2.1542
2	2	0	2	1.58461
12	6	2	4	1.09983
17	9	4	3	1.7659
16	8	3	5	0.448369
20	11	5	0	1.6723
2	2	0	2	1.63271
12	6	2	4	0.889624
17	9	4	3	2.02251
14	7	3	2	1.8055
10	6	2	4	1.54481
17	9	4	3	1.27242
16	8	3	5	0.468154
20	11	5	0	1.67448
2	2	0	2	1.6307
8	5	2	2	0.81842
7	5	2	2	0.398118
7	5	2	2	0.281723
11	6	2	4	1.76699
17	9	4	3	1.47519
14	7	3	2	1.5398
9	5	2	2	0
7	5	2	2	0
11	6	2	4	1.24126
17	9	4	3	1.87095
14	7	3	2	1.54204
9	5	2	2	0
7	5	2	2	0
11	6	2	4	1.24223
18	10	4	5	1.95167
19	11	5	0	2.0237
2	2	0	2	1.51253
12	6	2	4	0.506619
18	10	4	5	2.03841
19	11	5	0	1.94902
1	1	0	1	1.51784
4	3	1	1	1.71799
3	3	1	1	1.64164
6	4	1	3	1.66699
15	8	3	5	1.49929
20	11	5	0	2.00142
2	2	0	2	1.59804
12	6	2	4	1.40974
17	9	4	3	1.81237
16	8	3	5	0.4366
20	11	5	0	1.672
2	2	0	2	1.63255
8	5	2	2	0.799749
11	6	2	4	0.416565
18	10	4	5	1.56085
19	11	5	0	2.04006
2	2	0	2	1.53027
8	5	2	2	0.263434
11	6	2	4	0.651613
17	9	4	3	1.49011
16	8	3	5	0
20	11	5	0	1.66572
1	1	0	1	1.62941
5	4	1	3	1.45425
13	7	3	2	1.48505
10	6	2	4	1.56376
17	9	4	3	1.38808
16	8	3	5	0.477226
20	11	5	0	1.67408
2	2	0	2	1.63093
8	5	2	2	0.80786
7	5	2	2	0.396289
7	5	2	2	0.280087
11	6	2	4	1.76847
18	10	4	5	1.57377
19	11	5	0	1.95797
2	2	0	2	1.51635
8	5	2	2	0.436832
7	5	2	2	0.353503
7	5	2	2	0
11	6	2	4	1.77835
18	10	4	5	1.57098
19	11	5	0	1.94665
2	2	0	2	1.51437
8	5	2	2	0.380293
11	6	2	4	0.417263
17	9	4	3	1.71308
14	7	3	2	1.52967
10	6	2	4	1.51958
17	9	4	3	1.25877
16	8	3	5	0.480584
20	11	5	0	1.67445
1	1	0	1	1.63089
4	3	1	1	1.45009
3	3	1	1	1.62993
3	3	1	1	1.66561
6	4	1	3	1.97963
15	8	3	5	1.52008
20	11	5	0	2.15364
1	1	0	1	1.57906
5	4	1	3	1.3907
13	7	3	2	1.48473
10	6	2	4	1.56954
17	9	4	3	1.41419
14	7	3	2	1.87674
9	5	2	2	0
11	6	2	4	1.37361
18	10	4	5	1.57859
19	11	5	0	1.92442
2	2	0	2	1.50065
12	6	2	4	0.490834
17	9	4	3	2.02375
14	7	3	2	1.79193
9	5	2	2	0
7	5	2	2	0
11	6	2	4	1.28207
17	9	4	3	1.8731
14	7	3	2	1.54189
9	5	2	2	0
11	6	2	4	1.35519
18	10	4	5	1.56008
19	11	5	0	1.9304
1	1	0	1	1.50028
5	4	1	3	1.72149
15	8	3	5	1.4864
20	11	5	0	1.65987
1	1	0	1	1.61768
5	4	1	3	1.42598
13	7	3	2	1.47725
9	5	2	2	0
7	5	2	2	0
11	6	2	4	1.35272
17	9	4	3	1.72234
14	7	3	2	1.52261
10	6	2	4	1.51056
17	9	4	3	1.26926
16	8	3	5	0.480201
20	11	5	0	1.67443
1	1	0	1	1.63089
4	3	1	1	1.45011
3	3	1	1	1.62992
3	3	1	1	1.66561
6	4	1	3	1.97963
13	7	3	2	1.52008
9	5	2	2	0
11	6	2	4	1.48934
18	10	4	5	1.90574
19	11	5	0	2.0832
2	2	0	2	1.49397
8	5	2	2	0.427146
7	5	2	2	0
11	6	2	4	1.34769
17	9	4	3	1.50197
16	8	3	5	0
20	11	5	0	1.66587
1	1	0	1	1.62945
4	3	1	1	1.4526
6	4	1	3	1.62863
13	7	3	2	1.49177
10	6	2	4	1.58731
17	9	4	3	1.29936
16	8	3	5	0.48293
20	11	5	0	1.67248
2	2	0	2	1.63108
12	6	2	4	0.900125
17	9	4	3	2.02425
14	7	3	2	1.80516
9	5	2	2	0
7	5	2	2	0
11	6	2	4	1.28178
17	9	4	3	1.87359
16	8	3	5	0
20	11	5	0	1.66782
1	1	0	1	1.63033
4	3	1	1	1.45239
3	3	1	1	1.62929
3	3	1	1	1.66547
3	3	1	1	1.98221
3	3	1	1	2.01116
6	4	1	3	2.00338
13	7	3	2	1.51926
9	5	2	2	0
7	5	2	2	0
11	6	2	4	1.38812
18	10	4	5	1.85294
19	11	5	0	1.9956
2	2	0	2	1.50698
8	5	2	2	0.348715
7	5	2	2	0.355938
11	6	2	4	1.17049
18	10	4	5	1.87983
19	11	5	0	2.01831
2	2	0	2	1.52106
12	6	2	4	0.50335
17	9	4	3	2.02567
14	7	3	2	1.84365
10	6	2	4	1.54596
18	10	4	5	1.54422
19	11	5	0	1.9952
2	2	0	2	1.52431
8	5	2	2	0.429383
7	5	2	2	0.341634
11	6	2	4	1.17572
17	9	4	3	1.8107
16	8	3	5	0
20	11	5	0	1.6661
2	2	0	2	1.62946
12	6	2	4	0.850344
17	9	4	3	2.03302
14	7	3	2	1.81189
9	5	2	2	0
11	6	2	4	1.37261
17	9	4	3	1.44896
16	8	3	5	0
20	11	5	0	1.66617
1	1	0	1	1.6293
4	3	1	1	1.45283
6	4	1	3	1.62912
13	7	3	2	1.49196
9	5	2	2	0
7	5	2	2	0
11	6	2	4	1.3351
18	10	4	5	1.87813
19	11	5	0	2.00203
2	2	0	2	1.51215
12	6	2	4	0.501693
18	10	4	5	2.02842
19	11	5	0	1.98211
1	1	0	1	1.51895
4	3	1	1	1.71044
3	3	1	1	1.64168
3	3	1	1	1.66734
3	3	1	1	1.64934
6	4	1	3	2.0068
13	7	3	2	1.52039
10	6	2	4	1.58936
18	10	4	5	1.55563
19	11	5	0	2.00235
2	2	0	2	1.5168
8	5	2	2	0.361008
7	5	2	2	0
7	5	2	2	0
7	5	2	2	0.349095
11	6	2	4	1.68126
18	10	4	5	1.57547
19	11	5	0	1.93747
2	2	0	2	1.51223
12	6	2	4	0.496308
18	10	4	5	2.01904
19	11	5	0	1.97947
2	2	0	2	1.52413
12	6	2	4	0.491503
18	10	4	5	2.02943
19	11	5	0	1.98212
1	1	0	1	1.5277
4	3	1	1	1.71912
6	4	1	3	1.64215
15	8	3	5	1.48205
20	11	5	0	1.6239
1	1	0	1	1.60472
5	4	1	3	1.38885
15	8	3	5	1.45544
20	11	5	0	1.62915
1	1	0	1	1.61135
5	4	1	3	1.3789
13	7	3	2	1.4816
9	5	2	2	0
7	5	2	2	0
11	6	2	4	1.35137
17	9	4	3	1.72834
16	8	3	5	0
20	11	5	0	1.66516
1	1	0	1	1.63062
5	4	1	3	1.45427
13	7	3	2	1.48499
9	5	2	2	0
11	6	2	4	1.53923
18	10	4	5	1.59638
19	11	5	0	1.96376
1	1	0	1	1.51074
5	4	1	3	1.77333
15	8	3	5	1.48334
20	11	5	0	1.65186
1	1	0	1	1.6092
5	4	1	3	1.40486
15	8	3	5	1.44141
20	11	5	0	1.62911
2	2	0	2	1.61284
12	6	2	4	1.50334
17	9	4	3	1.92556
16	8	3	5	0.480092
20	11	5	0	1.67774
2	2	0	2	1.63196
8	5	2	2	0.88269
11	6	2	4	0.420603
17	9	4	3	1.41143
14	7	3	2	1.91337
9	5	2	2	0
11	6	2	4	1.36405
18	10	4	5	1.56556
19	11	5	0	1.92473
1	1	0	1	1.5025
5	4	1	3	1.72499
15	8	3	5	1.48651
20	11	5	0	1.65981
2	2	0	2	1.61775
8	5	2	2	0
11	6	2	4	0.382971
17	9	4	3	1.4644
16	8	3	5	0.320815
20	11	5	0	1.66432
2	2	0	2	1.63043
8	5	2	2	0.725928
11	6	2	4	0.411825
18	10	4	5	1.56292
19	11	5	0	2.03923
1	1	0	1	1.5292
5	4	1	3	1.73159
15	8	3	5	1.49597
20	11	5	0	1.65201
2	2	0	2	1.61142
8	5	2	2	0
11	6	2	4	0.755323
17	9	4	3	1.5084
14	7	3	2	1.52481
10	6	2	4	1.51709
18	10	4	5	1.52554
19	11	5	0	1.99418
1	1	0	1	1.5362
5	4	1	3	1.72959
13	7	3	2	1.50056
10	6	2	4	1.57374
17	9	4	3	1.46088
14	7	3	2	1.90719
10	6	2	4	1.53982
18	10	4	5	1.52442
19	11	5	0	2.03094
1	1	0	1	1.51698
4	3	1	1	1.72246
3	3	1	1	1.6455
3	3	1	1	1.66655
6	4	1	3	1.65048
15	8	3	5	1.51364
20	11	5	0	2.1112
2	2	0	2	1.58196
8	5	2	2	0
11	6	2	4	1.03584
17	9	4	3	1.49482
16	8	3	5	0
20	11	5	0	1.66606
1	1	0	1	1.62953
4	3	1	1	1.45253
6	4	1	3	1.62864
15	8	3	5	1.49096
20	11	5	0	1.99431
1	1	0	1	1.59788
5	4	1	3	1.39196
13	7	3	2	1.48292
9	5	2	2	0
7	5	2	2	0
11	6	2	4	1.35137
17	9	4	3	1.72692
16	8	3	5	0
20	11	5	0	1.66515
2	2	0	2	1.63077
8	5	2	2	0.771672
11	6	2	4	0.413548
17	9	4	3	1.43538
14	7	3	2	1.87832
10	6	2	4	1.52769
17	9	4	3	1.26006
14	7	3	2	1.84303
10	6	2	4	1.54048
18	10	4	5	1.52484
19	11	5	0	2.03086
1	1	0	1	1.51702
4	3	1	1	1.72245
3	3	1	1	1.64552
3	3	1	1	1.66655
6	4	1	3	1.65048
13	7	3	2	1.51365
10	6	2	4	1.59672
18	10	4	5	1.55538
19	11	5	0	2.00311
1	1	0	1	1.51699
5	4	1	3	1.69265
15	8	3	5	1.49348
20	11	5	0	1.66276
1	1	0	1	1.61725
4	3	1	1	1.43316
3	3	1	1	1.6236
6	4	1	3	1.66219
13	7	3	2	1.4953
9	5	2	2	0
11	6	2	4	1.49278
17	9	4	3	0.923421
16	8	3	5	0
20	11	5	0	1.66366
2	2	0	2	1.63002
8	5	2	2	0.741374
11	6	2	4	0.411858
17	9	4	3	1.43757
14	7	3	2	1.87419
10	6	2	4	1.52737
17	9	4	3	1.2599
14	7	3	2	1.84268
9	5	2	2	0
11	6	2	4	1.37646
17	9	4	3	1.4041
14	7	3	2	1.52015
9	5	2	2	0
7	5	2	2	0
7	5	2	2	0
11	6	2	4	1.90682
17	9	4	3	1.46823
16	8	3	5	0
20	11	5	0	1.66448
2	2	0	2	1.63097
12	6	2	4	0.859133
18	10	4	5	2.03543
19	11	5	0	1.98644
1	1	0	1	1.53677
5	4	1	3	1.72928
13	7	3	2	1.50105
9	5	2	2	0
7	5	2	2	0
7	5	2	2	0
11	6	2	4	1.86416
18	10	4	5	1.57359
19	11	5	0	1.94084
1	1	0	1	1.51208
4	3	1	1	1.76589
3	3	1	1	1.63897
3	3	1	1	1.66988
3	3	1	1	1.64831
3	3	1	1	2.01026
6	4	1	3	2.00195
15	8	3	5	1.51966
20	11	5	0	2.15379
2	2	0	2	1.58462
12	6	2	4	1.09949
17	9	4	3	1.76589
14	7	3	2	1.93255
9	5	2	2	0
11	6	2	4	1.34382
18	10	4	5	1.57324
19	11	5	0	1.92496
1	1	0	1	1.50304
4	3	1	1	1.723
6	4	1	3	1.64714
15	8	3	5	1.47709
20	11	5	0	1.62526
1	1	0	1	1.60545
5	4	1	3	1.38617
15	8	3	5	1.45509
20	11	5	0	1.62914
1	1	0	1	1.61137
4	3	1	1	1.35187
3	3	1	1	1.61918
3	3	1	1	1.65446
6	4	1	3	1.97686
13	7	3	2	1.51839
9	5	2	2	0
11	6	2	4	1.48911
17	9	4	3	0.565648
16	8	3	5	0
20	11	5	0	1.66291
1	1	0	1	1.62999
5	4	1	3	1.45452
13	7	3	2	1.48453
9	5	2	2	0
11	6	2	4	1.53959
17	9	4	3	1.43544
14	7	3	2	1.53881
10	6	2	4	1.51014
17	9	4	3	1.25956
16	8	3	5	0.480891
20	11	5	0	1.67433
2	2	0	2	1.63104
8	5	2	2	0.813967
7	5	2	2	0.397353
7	5	2	2	0.280732
11	6	2	4	1.7679
18	10	4	5	1.5738
19	11	5	0	1.95816
2	2	0	2	1.51637
12	6	2	4	0.496736
17	9	4	3	2.02224
16	8	3	5	0.528993
20	11	5	0	1.68601
1	1	0	1	1.6316
5	4	1	3	1.43569
13	7	3	2	1.48334
10	6	2	4	1.56343
17	9	4	3	1.37917
14	7	3	2	1.85481
10	6	2	4	1.53976
17	9	4	3	1.35897
14	7	3	2	1.88447
10	6	2	4	1.54049
18	10	4	5	1.52426
19	11	5	0	2.01562
1	1	0	1	1.52613
5	4	1	3	1.73103
15	8	3	5	1.48916
20	11	5	0	1.65718
2	2	0	2	1.61749
8	5	2	2	0
11	6	2	4	0.379342
18	10	4	5	1.56873
19	11	5	0	2.02756
1	1	0	1	1.52543
5	4	1	3	1.7395
15	8	3	5	1.49558
20	11	5	0	1.65223
2	2	0	2	1.61147
8	5	2	2	0
11	6	2	4	0.741211
17	9	4	3	1.50677
16	8	3	5	0
20	11	5	0	1.66416
1	1	0	1	1.6299
5	4	1	3	1.45428
13	7	3	2	1.47875
10	6	2	4	1.54904
18	10	4	5	1.54177
19	11	5	0	2.00284
1	1	0	1	1.5207
5	4	1	3	1.69488
13	7	3	2	1.50304
10	6	2	4	1.57181
18	10	4	5	1.55486
19	11	5	0	1.99188
2	2	0	2	1.50242
8	5	2	2	0.432674
7	5	2	2	0.316467
11	6	2	4	1.19084
17	9	4	3	1.80783
16	8	3	5	0
20	11	5	0	1.66609
1	1	0	1	1.62933
5	4	1	3	1.4541
15	8	3	5	1.45086
20	11	5	0	1.65605
1	1	0	1	1.61773
5	4	1	3	1.40414
13	7	3	2	1.47987
10	6	2	4	1.57117
18	10	4	5	1.54824
19	11	5	0	2.00518
1	1	0	1	1.51981
5	4	1	3	1.6972
15	8	3	5	1.49136
20	11	5	0	1.6619
2	2	0	2	1.61713
12	6	2	4	0.565862
18	10	4	5	2.01955
19	11	5	0	1.9832
1	1	0	1	1.52561
4	3	1	1	1.73279
3	3	1	1	1.64053
6	4	1	3	1.6669
15	8	3	5	1.49901
20	11	5	0	1.99958
1	1	0	1	1.59627
4	3	1	1	1.37737
6	4	1	3	1.62025
13	7	3	2	1.51034
10	6	2	4	1.59628
17	9	4	3	1.2627
16	8	3	5	0.484284
20	11	5	0	1.6725
1	1	0	1	1.63095
5	4	1	3	1.45264
15	8	3	5	1.45245
20	11	5	0	1.65596
2	2	0	2	1.61021
12	6	2	4	1.42832
17	9	4	3	1.99214
14	7	3	2	1.92296
9	5	2	2	0
11	6	2	4	1.37322
17	9	4	3	1.43522
14	7	3	2	1.53065
9	5	2	2	0
11	6	2	4	1.34154
18	10	4	5	1.56246
19	11	5	0	1.92968
1	1	0	1	1.50003
5	4	1	3	1.71743
15	8	3	5	1.4864
20	11	5	0	1.65987
2	2	0	2	1.61775
12	6	2	4	0.835348
17	9	4	3	1.99678
16	8	3	5	0.516323
20	11	5	0	1.68207
1	1	0	1	1.63135
5	4	1	3	1.44274
15	8	3	5	1.45361
20	11	5	0	1.65372
2	2	0	2	1.60892
12	6	2	4	1.45685
17	9	4	3	1.97327
14	7	3	2	1.92564
10	6	2	4	1.54779
18	10	4	5	1.53659
19	11	5	0	2.02393
2	2	0	2	1.51436
8	5	2	2	0.407615
7	5	2	2	0.299167
11	6	2	4	1.21312
18	10	4	5	1.8642
19	11	5	0	2.01271
1	1	0	1	1.51985
4	3	1	1	1.74949
3	3	1	1	1.63946
6	4	1	3	1.66948
13	7	3	2	1.4976
10	6	2	4	1.59825
18	10	4	5	1.55522
19	11	5	0	2.00519
1	1	0	1	1.51687
5	4	1	3	1.41601
13	7	3	2	1.5029
9	5	2	2	0
7	5	2	2	0
7	5	2	2	0
11	6	2	4	1.84648
18	10	4	5	1.57105
19	11	5	0	1.93652
2	2	0	2	1.51226
8	5	2	2	0.380786
11	6	2	4	0.41824
18	10	4	5	1.8281
19	11	5	0	2.03292
1	1	0	1	1.52402
5	4	1	3	1.74437
13	7	3	2	1.50904
9	5	2	2	0
11	6	2	4	1.54078
17	9	4	3	1.43934
16	8	3	5	0
20	11	5	0	1.66546
1	1	0	1	1.62962
4	3	1	1	1.45266
3	3	1	1	1.62809
3	3	1	1	1.66521
3	3	1	1	1.98246
3	3	1	1	2.01163
6	4	1	3	2.00371
13	7	3	2	1.51925
10	6	2	4	1.59499
17	9	4	3	1.26605
16	8	3	5	0.484388
20	11	5	0	1.67251
2	2	0	2	1.63109
12	6	2	4	0.893382
18	10	4	5	2.02665
19	11	5	0	1.9875
2	2	0	2	1.54073
8	5	2	2	0.415299
11	6	2	4	0.412892
17	9	4	3	1.71348
16	8	3	5	0
20	11	5	0	1.66545
1	1	0	1	1.62992
4	3	1	1	1.45271
3	3	1	1	1.62778
6	4	1	3	1.66421
13	7	3	2	1.496
10	6	2	4	1.59309
17	9	4	3	1.32372
14	7	3	2	1.79061
10	6	2	4	1.53931
17	9	4	3	1.35603
16	8	3	5	0.476706
20	11	5	0	1.67412
1	1	0	1	1.63079
5	4	1	3	1.45228
13	7	3	2	1.48515
9	5	2	2	0
11	6	2	4	1.53961
17	9	4	3	1.43276
16	8	3	5	0
20	11	5	0	1.66544
2	2	0	2	1.62977
12	6	2	4	0.84457
18	10	4	5	2.03746
19	11	5	0	1.98595
2	2	0	2	1.5357
8	5	2	2	0.420086
7	5	2	2	0.352011
11	6	2	4	1.14991
17	9	4	3	1.8321
14	7	3	2	1.55576
9	5	2	2	0
11	6	2	4	1.35166
17	9	4	3	1.25352
16	8	3	5	0
20	11	5	0	1.66426
1	1	0	1	1.62973
4	3	1	1	1.45295
6	4	1	3	1.62847
13	7	3	2	1.49172
10	6	2	4	1.5873
18	10	4	5	1.55443
19	11	5	0	2.00417
2	2	0	2	1.51697
8	5	2	2	0.373059
7	5	2	2	0.262741
11	6	2	4	1.35792
18	10	4	5	1.57949
19	11	5	0	2.00446
1	1	0	1	1.51853
5	4	1	3	1.75898
15	8	3	5	1.49486
20	11	5	0	1.65309
2	2	0	2	1.61725
12	6	2	4	1.17743
18	10	4	5	2.02905
19	11	5	0	1.94824
1	1	0	1	1.51354
5	4	1	3	1.7452
13	7	3	2	1.49952
9	5	2	2	0
7	5	2	2	0
7	5	2	2	0
7	5	2	2	0.46313
7	5	2	2	0.33903
11	6	2	4	1.83173
18	10	4	5	1.57579
19	11	5	0	1.94677
2	2	0	2	1.51289
8	5	2	2	0.379398
11	6	2	4	0.417632
18	10	4	5	1.82826
19	11	5	0	2.03316
1	1	0	1	1.52391
5	4	1	3	1.74463
15	8	3	5	1.49526
20	11	5	0	1.65238
2	2	0	2	1.61149
12	6	2	4	1.24057
17	9	4	3	1.99605
16	8	3	5	0.507014
20	11	5	0	1.68129
1	1	0	1	1.63159
4	3	1	1	1.44086
3	3	1	1	1.6398
6	4	1	3	1.66561
13	7	3	2	1.49833
10	6	2	4	1.59823
18	10	4	5	1.55559
19	11	5	0	2.00533
2	2	0	2	1.51629
12	6	2	4	0.506238
17	9	4	3	2.02605
16	8	3	5	0.520283
20	11	5	0	1.68255
2	2	0	2	1.63182
12	6	2	4	1.0284
18	10	4	5	1.99396
19	11	5	0	1.94803
2	2	0	2	1.55041
12	6	2	4	0.491502
18	10	4	5	2.03522
19	11	5	0	1.98166
1	1	0	1	1.52684
4	3	1	1	1.71971
6	4	1	3	1.64216
13	7	3	2	1.4857
10	6	2	4	1.58461
18	10	4	5	1.55376
19	11	5	0	2.0052
2	2	0	2	1.51679
8	5	2	2	0.378694
7	5	2	2	0.272641
7	5	2	2	0
7	5	2	2	0.379227
7	5	2	2	0.351617
7	5	2	2	0.400449
11	6	2	4	1.58412
17	9	4	3	1.47703
14	7	3	2	1.52173
10	6	2	4	1.51132
18	10	4	5	1.52562
19	11	5	0	1.99417
2	2	0	2	1.53587
12	6	2	4	0.491249
18	10	4	5	2.03407
19	11	5	0	1.95847
2	2	0	2	1.52029
8	5	2	2	0.449403
11	6	2	4	0.403286
18	10	4	5	1.82599
19	11	5	0	2.04149
1	1	0	1	1.52662
4	3	1	1	1.7325
3	3	1	1	1.63894
6	4	1	3	1.66951
15	8	3	5	1.49679
20	11	5	0	1.99102
2	2	0	2	1.59875
12	6	2	4	1.41622
18	10	4	5	1.84302
19	11	5	0	1.95858
2	2	0	2	1.51319
8	5	2	2	0.405819
11	6	2	4	0.410488
17	9	4	3	1.71563
16	8	3	5	0
20	11	5	0	1.66565
2	2	0	2	1.63
8	5	2	2	0.745165
11	6	2	4	0.41239
17	9	4	3	1.43745
16	8	3	5	0.359991
20	11	5	0	1.6641
2	2	0	2	1.63062
8	5	2	2	0.721424
11	6	2	4	0.41186
18	10	4	5	1.56327
19	11	5	0	2.03923
2	2	0	2	1.52916
12	6	2	4	0.512801
17	9	4	3	2.01935
16	8	3	5	0.520422
20	11	5	0	1.68218
1	1	0	1	1.63169
5	4	1	3	1.44311
13	7	3	2	1.48408
9	5	2	2	0
7	5	2	2	0
7	5	2	2	0
11	6	2	4	1.83843
17	9	4	3	1.4658
16	8	3	5	0
20	11	5	0	1.66452
1	1	0	1	1.63081
5	4	1	3	1.45435
15	8	3	5	1.44999
20	11	5	0	1.65617
2	2	0	2	1.61166
12	6	2	4	1.42516
17	9	4	3	1.99364
16	8	3	5	0.50388
20	11	5	0	1.68083
1	1	0	1	1.63161
4	3	1	1	1.44179
3	3	1	1	1.63953
3	3	1	1	1.6663
6	4	1	3	1.97675
13	7	3	2	1.52023
10	6	2	4	1.59488
18	10	4	5	1.5558
19	11	5	0	2.00242
2	2	0	2	1.51675
12	6	2	4	0.50814
17	9	4	3	2.02497
16	8	3	5	0.518875
20	11	5	0	1.6823
2	2	0	2	1.63184
8	5	2	2	0.948078
11	6	2	4	0.426803
17	9	4	3	1.40901
16	8	3	5	0.406177
20	11	5	0	1.66365
1	1	0	1	1.62095
5	4	1	3	1.45286
13	7	3	2	1.48062
9	5	2	2	0
11	6	2	4	1.54119
18	10	4	5	1.60191
19	11	5	0	1.96738
1	1	0	1	1.51112
4	3	1	1	1.76915
3	3	1	1	1.64286
3	3	1	1	1.66467
3	3	1	1	1.64978
6	4	1	3	2.00829
15	8	3	5	1.52043
20	11	5	0	2.15099
1	1	0	1	1.57929
5	4	1	3	1.39107
15	8	3	5	1.45807
20	11	5	0	1.63087
2	2	0	2	1.6122
12	6	2	4	1.5042
18	10	4	5	1.96385
19	11	5	0	1.95955
1	1	0	1	1.51347
5	4	1	3	1.74527
13	7	3	2	1.49975
10	6	2	4	1.57234
17	9	4	3	1.39294
16	8	3	5	0.474627
20	11	5	0	1.67443
2	2	0	2	1.6309
8	5	2	2	0.809564
11	6	2	4	0.416981
18	10	4	5	1.56034
19	11	5	0	2.03996
2	2	0	2	1.53046
8	5	2	2	0.26319
7	5	2	2	0
7	5	2	2	0
11	6	2	4	1.72126
17	9	4	3	1.47928
14	7	3	2	1.52118
10	6	2	4	1.51151
17	9	4	3	1.26614
14	7	3	2	1.83679
9	5	2	2	0
7	5	2	2	0
7	5	2	2	0
11	6	2	4	1.89064
17	9	4	3	1.47078
14	7	3	2	1.52133
10	6	2	4	1.5116
17	9	4	3	1.26625
14	7	3	2	1.83687
9	5	2	2	0
7	5	2	2	0
11	6	2	4	1.26773
17	9	4	3	1.86361
14	7	3	2	1.54164
10	6	2	4	1.50502
18	10	4	5	1.52298
19	11	5	0	1.99402
1	1	0	1	1.53498
4	3	1	1	1.72982
3	3	1	1	1.64823
6	4	1	3	1.66663
13	7	3	2	1.5009
9	5	2	2	0
7	5	2	2	0
7	5	2	2	0
7	5	2	2	0.460863
7	5	2	2	0.342198
7	5	2	2	0.445497
7	5	2	2	0.313662
7	5	2	2	0.42751
11	6	2	4	1.32759
18	10	4	5	1.8612
19	11	5	0	1.95258
1	1	0	1	1.51213
4	3	1	1	1.7657
6	4	1	3	1.63929
13	7	3	2	1.48636
9	5	2	2	0
7	5	2	2	0
7	5	2	2	0
11	6	2	4	1.86728
18	10	4	5	1.57489
19	11	5	0	1.95054
1	1	0	1	1.50928
4	3	1	1	1.76266
6	4	1	3	1.64271
13	7	3	2	1.48188
10	6	2	4	1.58502
18	10	4	5	1.55385
19	11	5	0	2.00519
2	2	0	2	1.5168
8	5	2	2	0.378635
11	6	2	4	0.386815
18	10	4	5	1.58259
19	11	5	0	2.03573
2	2	0	2	1.52064
8	5	2	2	0.30292
7	5	2	2	0.322506
11	6	2	4	1.21584
17	9	4	3	1.81781
14	7	3	2	1.55143
9	5	2	2	0
11	6	2	4	1.3522
17	9	4	3	1.25026
14	7	3	2	1.52003
9	5	2	2	0
7	5	2	2	0
11	6	2	4	1.27334
17	9	4	3	1.8741
14	7	3	2	1.54256
9	5	2	2	0
7	5	2	2	0
11	6	2	4	1.2425
17	9	4	3	1.87237
14	7	3	2	1.54217
10	6	2	4	1.50488
17	9	4	3	1.2835
16	8	3	5	0.480013
20	11	5	0	1.67438
2	2	0	2	1.63103
8	5	2	2	0.813794
7	5	2	2	0.39732
7	5	2	2	0.280731
7	5	2	2	0.370172
11	6	2	4	1.57356
17	9	4	3	1.4831
16	8	3	5	0
20	11	5	0	1.66474
2	2	0	2	1.63089
8	5	2	2	0.765932
7	5	2	2	0.389228
11	6	2	4	0.622297
17	9	4	3	1.79849
14	7	3	2	1.5509
9	5	2	2	0
11	6	2	4	1.3511
18	10	4	5	1.56222
19	11	5	0	1.92863
2	2	0	2	1.5012
8	5	2	2	0.470226
7	5	2	2	0.375013
7	5	2	2	0.252278
7	5	2	2	0.390023
7	5	2	2	0.324522
7	5	2	2	0.410402
7	5	2	2	0.31823
11	6	2	4	1.65411
18	10	4	5	1.57801
19	11	5	0	1.9526
2	2	0	2	1.51254
8	5	2	2	0.369498
11	6	2	4	0.417409
18	10	4	5	1.82832
19	11	5	0	2.03326
1	1	0	1	1.52387
4	3	1	1	1.73858
3	3	1	1	1.63892
3	3	1	1	1.66999
3	3	1	1	1.64756
3	3	1	1	2.00951
6	4	1	3	2.00206
15	8	3	5	1.51967
20	11	5	0	2.1538
2	2	0	2	1.58462
12	6	2	4	1.09956
18	10	4	5	1.79964
19	11	5	0	1.96253
2	2	0	2	1.51098
8	5	2	2	0.438159
7	5	2	2	0.362934
11	6	2	4	1.13751
17	9	4	3	1.83279
16	8	3	5	0
20	11	5	0	1.6663
1	1	0	1	1.62927
5	4	1	3	1.45409
13	7	3	2	1.48516
9	5	2	2	0
7	5	2	2	0
11	6	2	4	1.35705
17	9	4	3	1.73038
16	8	3	5	0
20	11	5	0	1.66509
2	2	0	2	1.63078
12	6	2	4	0.866101
17	9	4	3	2.03109
16	8	3	5	0.528361
20	11	5	0	1.68606
2	2	0	2	1.63136
12	6	2	4	1.04385
17	9	4	3	1.96995
14	7	3	2	2.16934
9	5	2	2	0
7	5	2	2	0
7	5	2	2	0
11	6	2	4	1.91008
18	10	4	5	1.5693
19	11	5	0	1.95103
1	1	0	1	1.51164
4	3	1	1	1.76394
6	4	1	3	1.64301
13	7	3	2	1.48226
10	6	2	4	1.58507
18	10	4	5	1.55387
19	11	5	0	2.0052
2	2	0	2	1.51679
8	5	2	2	0.378642
7	5	2	2	0.272551
11	6	2	4	1.34786
17	9	4	3	1.76239
16	8	3	5	0
20	11	5	0	1.66597
2	2	0	2	1.62953
8	5	2	2	0.752661
11	6	2	4	0.4123
17	9	4	3	1.43673
16	8	3	5	0.361723
20	11	5	0	1.66407
1	1	0	1	1.63047
4	3	1	1	1.44984
3	3	1	1	1.62692
3	3	1	1	1.66487
3	3	1	1	1.98263
6	4	1	3	2.00881
15	8	3	5	1.51918
20	11	5	0	2.15429
2	2	0	2	1.58461
12	6	2	4	1.09988
18	10	4	5	1.79965
19	11	5	0	1.96252
1	1	0	1	1.51095
4	3	1	1	1.72348
6	4	1	3	1.64843
15	8	3	5	1.4777
20	11	5	0	1.6254
2	2	0	2	1.60638
8	5	2	2	0
7	5	2	2	0
11	6	2	4	1.76373
17	9	4	3	1.4727
14	7	3	2	1.54276
9	5	2	2	0
11	6	2	4	1.35388
18	10	4	5	1.56216
19	11	5	0	1.92807
2	2	0	2	1.5001
12	6	2	4	0.492028
17	9	4	3	2.02174
14	7	3	2	1.78671
10	6	2	4	1.5459
18	10	4	5	1.53878
19	11	5	0	1.99397
2	2	0	2	1.52174
12	6	2	4	0.493091
17	9	4	3	2.03018
14	7	3	2	1.82217
10	6	2	4	1.54599
17	9	4	3	1.29151
14	7	3	2	1.90859
10	6	2	4	1.54019
18	10	4	5	1.52456
19	11	5	0	2.02832
2	2	0	2	1.51756
8	5	2	2	0.418097
7	5	2	2	0.310639
7	5	2	2	0
7	5	2	2	0.390301
7	5	2	2	0.34529
11	6	2	4	1.79756
18	10	4	5	1.57498
19	11	5	0	1.94646
2	2	0	2	1.51319
8	5	2	2	0.379297
11	6	2	4	0.417614
18	10	4	5	1.82819
19	11	5	0	2.03315
1	1	0	1	1.5239
5	4	1	3	1.74464
15	8	3	5	1.49526
20	11	5	0	1.65238
2	2	0	2	1.61149
8	5	2	2	0
7	5	2	2	0
7	5	2	2	0.284482
7	5	2	2	0.334035
7	5	2	2	0.334354
7	5	2	2	0.385306
11	6	2	4	1.32934
17	9	4	3	1.47735
14	7	3	2	1.52174
10	6	2	4	1.51138
18	10	4	5	1.52564
19	11	5	0	1.99416
1	1	0	1	1.53586
4	3	1	1	1.72698
3	3	1	1	1.64827
6	4	1	3	1.66678
13	7	3	2	1.50095
10	6	2	4	1.59822
18	10	4	5	1.55521
19	11	5	0	2.00489
1	1	0	1	1.51691
4	3	1	1	1.41526
3	3	1	1	1.65154
3	3	1	1	1.66628
3	3	1	1	1.65594
6	4	1	3	2.01052
15	8	3	5	1.52115
20	11	5	0	2.14975
1	1	0	1	1.57938
5	4	1	3	1.39106
13	7	3	2	1.48467
10	6	2	4	1.56967
17	9	4	3	1.41419
14	7	3	2	1.87678
9	5	2	2	0
7	5	2	2	0
7	5	2	2	0
11	6	2	4	1.89054
18	10	4	5	1.57562
19	11	5	0	1.94645
1	1	0	1	1.51109
5	4	1	3	1.7688
15	8	3	5	1.48288
20	11	5	0	1.6518
1	1	0	1	1.60904
5	4	1	3	1.40422
15	8	3	5	1.44179
20	11	5	0	1.62925
2	2	0	2	1.61285
8	5	2	2	0
11	6	2	4	0.993657
17	9	4	3	1.51194
16	8	3	5	0
20	11	5	0	1.66484
