2	2	0	2	1.35398
12	6	2	4	1.81696
17	9	4	3	1.41349
16	8	3	5	1.49284
20	11	5	0	1.71406
2	2	0	2	1.80185
12	6	2	4	1.75514
18	10	4	5	1.38526
19	11	5	0	1.30429
2	2	0	2	1.26847
12	6	2	4	1.82099
17	9	4	3	1.41427
16	8	3	5	1.49053
20	11	5	0	1.71418
2	2	0	2	1.80155
8	5	2	2	0.461336
7	5	2	2	0
11	6	2	4	1.59487
17	9	4	3	1.81461
14	7	3	2	1.45901
9	5	2	2	1.5416
7	5	2	2	0.389707
7	5	2	2	0.395783
7	5	2	2	0
7	5	2	2	0.299797
7	5	2	2	0
7	5	2	2	0
7	5	2	2	0
7	5	2	2	0
7	5	2	2	0
11	6	2	4	1.56763
17	9	4	3	1.8548
16	8	3	5	1.79491
20	11	5	0	1.70941
2	2	0	2	1.786
12	6	2	4	1.75084
17	9	4	3	1.38336
16	8	3	5	1.48842
20	11	5	0	1.71438
1	1	0	1	1.80116
5	4	1	3	0.986336
15	8	3	5	1.62904
20	11	5	0	1.7191
1	1	0	1	1.467
5	4	1	3	0.929014
15	8	3	5	1.63405
20	11	5	0	1.7174
2	2	0	2	1.46607
12	6	2	4	1.85377
17	9	4	3	1.39392
16	8	3	5	1.48553
20	11	5	0	1.71452
1	1	0	1	1.80105
4	3	1	1	1.52614
6	4	1	3	1.70648
15	8	3	5	1.61371
20	11	5	0	1.72276
2	2	0	2	1.47781
8	5	2	2	0.453495
11	6	2	4	1.85089
18	10	4	5	1.6556
19	11	5	0	1.41669
1	1	0	1	1.10541
5	4	1	3	1.56273
15	8	3	5	1.57492
20	11	5	0	1.71679
2	2	0	2	1.46406
8	5	2	2	0.450761
11	6	2	4	1.60092
18	10	4	5	1.65603
19	11	5	0	1.41424
2	2	0	2	1.26642
8	5	2	2	0.35224
11	6	2	4	1.6219
17	9	4	3	1.36524
14	7	3	2	1.49546
9	5	2	2	1.54691
7	5	2	2	0.414919
7	5	2	2	0.392348
11	6	2	4	1.55362
17	9	4	3	1.85467
14	7	3	2	1.72127
9	5	2	2	1.53166
11	6	2	4	1.93393
18	10	4	5	1.87785
19	11	5	0	1.50431
1	1	0	1	1.1143
4	3	1	1	1.62069
3	3	1	1	0
3	3	1	1	0
3	3	1	1	0
6	4	1	3	1.72715
13	7	3	2	1.63764
9	5	2	2	1.60963
7	5	2	2	1.26083
11	6	2	4	1.88004
18	10	4	5	1.84744
19	11	5	0	1.54079
1	1	0	1	0.868499
5	4	1	3	1.79305
15	8	3	5	1.57816
20	11	5	0	1.7174
2	2	0	2	1.46476
8	5	2	2	0.450733
7	5	2	2	0
11	6	2	4	1.60335
18	10	4	5	1.80583
19	11	5	0	1.5331
1	1	0	1	1.12877
4	3	1	1	1.8784
3	3	1	1	0
3	3	1	1	0
6	4	1	3	1.727
13	7	3	2	1.63741
9	5	2	2	1.60981
11	6	2	4	1.7783
18	10	4	5	1.71675
19	11	5	0	1.50707
1	1	0	1	0.834473
5	4	1	3	1.54401
15	8	3	5	1.57522
20	11	5	0	1.71739
1	1	0	1	1.46479
5	4	1	3	0.937412
13	7	3	2	1.63563
10	6	2	4	1.60606
18	10	4	5	1.43226
19	11	5	0	1.53675
1	1	0	1	1.17567
5	4	1	3	1.57923
13	7	3	2	1.58467
10	6	2	4	1.59939
17	9	4	3	1.41141
16	8	3	5	1.49174
20	11	5	0	1.71799
1	1	0	1	1.80192
4	3	1	1	1.5116
3	3	1	1	0
3	3	1	1	0
3	3	1	1	0
6	4	1	3	1.72712
15	8	3	5	1.63598
20	11	5	0	1.72084
1	1	0	1	1.47664
4	3	1	1	1.9332
3	3	1	1	0
3	3	1	1	0
3	3	1	1	0
6	4	1	3	1.72712
13	7	3	2	1.63767
10	6	2	4	1.61094
17	9	4	3	1.42884
14	7	3	2	1.48466
10	6	2	4	1.59746
18	10	4	5	1.32544
19	11	5	0	1.86955
1	1	0	1	1.15865
5	4	1	3	1.56477
15	8	3	5	1.57879
20	11	5	0	1.71759
1	1	0	1	1.46503
5	4	1	3	0.937418
13	7	3	2	1.63567
10	6	2	4	1.60608
17	9	4	3	1.42113
16	8	3	5	1.48796
20	11	5	0	1.7181
2	2	0	2	1.80089
12	6	2	4	1.71857
18	10	4	5	1.38225
19	11	5	0	1.30412
2	2	0	2	1.26913
8	5	2	2	0.353689
7	5	2	2	0
7	5	2	2	0
11	6	2	4	1.57994
17	9	4	3	1.85459
16	8	3	5	1.78451
20	11	5	0	1.70967
1	1	0	1	1.78875
4	3	1	1	1.77173
6	4	1	3	1.70704
15	8	3	5	1.61344
20	11	5	0	1.7228
1	1	0	1	1.47811
5	4	1	3	1.26545
13	7	3	2	1.63667
9	5	2	2	1.60603
11	6	2	4	1.78105
18	10	4	5	1.71754
19	11	5	0	1.50926
1	1	0	1	0.834794
4	3	1	1	1.62062
3	3	1	1	0
6	4	1	3	1.72502
15	8	3	5	1.6302
20	11	5	0	1.72133
1	1	0	1	1.47707
5	4	1	3	1.2556
15	8	3	5	1.63469
20	11	5	0	1.71736
2	2	0	2	1.46602
12	6	2	4	1.8539
18	10	4	5	1.39445
19	11	5	0	1.30513
2	2	0	2	1.2649
8	5	2	2	0.354262
7	5	2	2	0
7	5	2	2	0
7	5	2	2	0
7	5	2	2	0
11	6	2	4	1.56904
17	9	4	3	1.85468
16	8	3	5	1.79289
20	11	5	0	1.7095
1	1	0	1	1.7871
5	4	1	3	0.513015
13	7	3	2	1.63144
9	5	2	2	1.6073
11	6	2	4	1.78079
17	9	4	3	1.71251
14	7	3	2	1.5197
10	6	2	4	1.59816
17	9	4	3	1.51634
16	8	3	5	1.5421
20	11	5	0	1.71419
2	2	0	2	1.80822
12	6	2	4	1.72959
17	9	4	3	1.38258
14	7	3	2	1.4886
9	5	2	2	1.54578
11	6	2	4	2.28781
17	9	4	3	1.8202
16	8	3	5	1.49379
20	11	5	0	1.70718
2	2	0	2	1.79108
12	6	2	4	1.74943
18	10	4	5	1.38459
19	11	5	0	1.30393
2	2	0	2	1.26798
12	6	2	4	1.82078
18	10	4	5	1.41464
19	11	5	0	1.30503
2	2	0	2	1.25738
8	5	2	2	0.352848
11	6	2	4	1.60925
17	9	4	3	1.36484
14	7	3	2	1.50676
9	5	2	2	1.54714
11	6	2	4	1.92986
17	9	4	3	2.1701
14	7	3	2	1.49253
9	5	2	2	1.53719
11	6	2	4	1.93573
17	9	4	3	2.173
14	7	3	2	1.48838
9	5	2	2	1.53712
7	5	2	2	0.392045
11	6	2	4	1.93797
17	9	4	3	1.84195
14	7	3	2	1.71777
9	5	2	2	1.54089
7	5	2	2	0.424439
11	6	2	4	1.95871
18	10	4	5	1.83627
19	11	5	0	1.5402
2	2	0	2	0.97213
12	6	2	4	1.83498
17	9	4	3	1.41094
14	7	3	2	1.48742
10	6	2	4	1.60312
17	9	4	3	1.25416
14	7	3	2	1.54038
10	6	2	4	1.5906
17	9	4	3	1.22824
16	8	3	5	1.54462
20	11	5	0	1.71407
1	1	0	1	1.80909
5	4	1	3	0.807868
13	7	3	2	1.63223
9	5	2	2	1.60778
7	5	2	2	1.20984
11	6	2	4	1.86875
18	10	4	5	1.84879
19	11	5	0	1.54058
2	2	0	2	0.970178
8	5	2	2	0.376594
7	5	2	2	0.285505
7	5	2	2	0
7	5	2	2	0
7	5	2	2	0
7	5	2	2	0
7	5	2	2	0
11	6	2	4	1.56835
17	9	4	3	1.85477
14	7	3	2	1.7946
10	6	2	4	1.60659
18	10	4	5	1.60603
19	11	5	0	1.87091
2	2	0	2	1.31557
8	5	2	2	0.430352
11	6	2	4	1.91402
18	10	4	5	1.63418
19	11	5	0	1.41476
2	2	0	2	1.26316
12	6	2	4	1.8185
18	10	4	5	1.41636
19	11	5	0	1.5599
2	2	0	2	1.25762
8	5	2	2	0.35219
11	6	2	4	1.60933
18	10	4	5	1.36923
19	11	5	0	1.39693
1	1	0	1	1.09531
5	4	1	3	1.56347
13	7	3	2	1.5746
9	5	2	2	1.59598
11	6	2	4	2.14491
18	10	4	5	1.71428
19	11	5	0	1.51269
2	2	0	2	0.990427
12	6	2	4	1.84392
17	9	4	3	1.41005
14	7	3	2	1.48721
9	5	2	2	1.54604
11	6	2	4	2.28606
18	10	4	5	1.83185
19	11	5	0	1.50287
2	2	0	2	1.27382
8	5	2	2	0.409471
11	6	2	4	1.60729
17	9	4	3	1.62006
14	7	3	2	1.49642
10	6	2	4	1.60747
18	10	4	5	1.60943
19	11	5	0	1.87879
2	2	0	2	1.31627
8	5	2	2	0.437461
11	6	2	4	1.61133
18	10	4	5	1.63088
19	11	5	0	1.41489
1	1	0	1	1.09697
4	3	1	1	1.62581
3	3	1	1	0
3	3	1	1	0
6	4	1	3	1.72694
13	7	3	2	1.63743
9	5	2	2	1.6098
11	6	2	4	1.77831
17	9	4	3	1.71078
14	7	3	2	1.52075
9	5	2	2	1.55127
11	6	2	4	2.26
17	9	4	3	2.11819
16	8	3	5	1.49453
20	11	5	0	1.70692
2	2	0	2	1.79052
8	5	2	2	0.466195
7	5	2	2	0
11	6	2	4	1.59361
18	10	4	5	1.81713
19	11	5	0	1.53178
2	2	0	2	1.23512
12	6	2	4	1.8385
18	10	4	5	1.4104
19	11	5	0	1.30346
1	1	0	1	1.08978
5	4	1	3	1.56217
15	8	3	5	1.56953
20	11	5	0	1.71667
2	2	0	2	1.46394
8	5	2	2	0.450795
11	6	2	4	1.60092
18	10	4	5	1.65601
19	11	5	0	1.41424
1	1	0	1	1.10446
5	4	1	3	1.56277
13	7	3	2	1.57596
10	6	2	4	1.59655
18	10	4	5	1.42408
19	11	5	0	1.53323
2	2	0	2	1.32194
12	6	2	4	1.85022
18	10	4	5	1.40206
19	11	5	0	1.30426
2	2	0	2	1.25939
12	6	2	4	1.82089
17	9	4	3	1.41428
14	7	3	2	1.49056
9	5	2	2	1.54637
7	5	2	2	0.729449
11	6	2	4	1.94306
17	9	4	3	1.82581
14	7	3	2	1.70358
10	6	2	4	1.60608
18	10	4	5	1.59328
19	11	5	0	1.87229
1	1	0	1	1.16078
5	4	1	3	1.56314
15	8	3	5	1.5788
20	11	5	0	1.71759
2	2	0	2	1.465
12	6	2	4	1.85561
18	10	4	5	1.39445
19	11	5	0	1.30511
1	1	0	1	1.09799
4	3	1	1	1.62685
6	4	1	3	1.67673
13	7	3	2	1.63141
9	5	2	2	1.61785
11	6	2	4	1.78088
17	9	4	3	1.71094
16	8	3	5	1.52081
20	11	5	0	1.70828
2	2	0	2	1.80236
8	5	2	2	0.462688
11	6	2	4	1.61661
18	10	4	5	1.403
19	11	5	0	1.42687
1	1	0	1	1.10115
5	4	1	3	1.56328
15	8	3	5	1.57515
20	11	5	0	1.71681
1	1	0	1	1.46412
4	3	1	1	2.23386
6	4	1	3	1.70796
13	7	3	2	1.61866
9	5	2	2	1.6214
7	5	2	2	1.23469
11	6	2	4	1.88213
17	9	4	3	1.8475
16	8	3	5	1.74357
20	11	5	0	1.713
1	1	0	1	1.79452
4	3	1	1	1.51156
3	3	1	1	0
3	3	1	1	0
3	3	1	1	0
6	4	1	3	1.72712
15	8	3	5	1.63598
20	11	5	0	1.72084
1	1	0	1	1.47664
4	3	1	1	1.93319
6	4	1	3	1.70886
13	7	3	2	1.61827
10	6	2	4	1.62421
17	9	4	3	1.43564
16	8	3	5	1.4801
20	11	5	0	1.7185
2	2	0	2	1.79992
8	5	2	2	0.467065
7	5	2	2	0
11	6	2	4	1.59362
18	10	4	5	1.81559
19	11	5	0	1.53211
2	2	0	2	1.2343
12	6	2	4	1.83842
18	10	4	5	1.41041
19	11	5	0	1.30347
2	2	0	2	1.25778
12	6	2	4	1.82068
17	9	4	3	1.41435
14	7	3	2	1.49058
9	5	2	2	1.54638
7	5	2	2	0.729397
11	6	2	4	1.94305
18	10	4	5	1.82581
19	11	5	0	1.53946
1	1	0	1	0.864845
4	3	1	1	1.6168
6	4	1	3	1.67937
13	7	3	2	1.6308
9	5	2	2	1.61803
7	5	2	2	1.27046
7	5	2	2	0.311328
7	5	2	2	0
7	5	2	2	0.25252
7	5	2	2	0
11	6	2	4	1.56898
17	9	4	3	1.85477
16	8	3	5	1.7947
20	11	5	0	1.70942
2	2	0	2	1.78601
8	5	2	2	0.465709
7	5	2	2	0
7	5	2	2	0
11	6	2	4	1.57539
18	10	4	5	1.8542
19	11	5	0	1.537
1	1	0	1	0.872272
5	4	1	3	1.79734
15	8	3	5	1.57901
20	11	5	0	1.71741
1	1	0	1	1.46481
5	4	1	3	0.93748
13	7	3	2	1.63563
10	6	2	4	1.60605
17	9	4	3	1.42109
14	7	3	2	1.48822
10	6	2	4	1.59498
18	10	4	5	1.32515
19	11	5	0	1.87
1	1	0	1	1.15879
5	4	1	3	1.56472
13	7	3	2	1.58121
9	5	2	2	1.59858
11	6	2	4	1.86609
17	9	4	3	1.71019
16	8	3	5	1.51505
20	11	5	0	1.70924
1	1	0	1	1.80285
5	4	1	3	0.775256
15	8	3	5	1.62874
20	11	5	0	1.71895
2	2	0	2	1.46678
8	5	2	2	0.450022
11	6	2	4	1.6011
17	9	4	3	1.64799
14	7	3	2	1.48668
9	5	2	2	1.5424
11	6	2	4	1.91324
18	10	4	5	2.05826
19	11	5	0	1.49329
2	2	0	2	1.27125
12	6	2	4	1.85418
18	10	4	5	1.40732
19	11	5	0	1.30376
1	1	0	1	1.09109
4	3	1	1	1.62688
3	3	1	1	0
6	4	1	3	1.72486
13	7	3	2	1.63299
9	5	2	2	1.61793
11	6	2	4	1.77423
17	9	4	3	1.71067
16	8	3	5	1.52116
20	11	5	0	1.70821
2	2	0	2	1.80237
12	6	2	4	1.75946
18	10	4	5	1.38581
19	11	5	0	1.30408
1	1	0	1	1.10276
4	3	1	1	1.62707
6	4	1	3	1.67671
15	8	3	5	1.62675
20	11	5	0	1.72194
1	1	0	1	1.47608
4	3	1	1	1.93197
6	4	1	3	1.7089
13	7	3	2	1.61821
10	6	2	4	1.62423
18	10	4	5	1.44308
19	11	5	0	1.53973
1	1	0	1	1.1815
5	4	1	3	1.5773
15	8	3	5	1.58296
20	11	5	0	1.7176
1	1	0	1	1.46499
5	4	1	3	0.937333
15	8	3	5	1.63375
20	11	5	0	1.7174
2	2	0	2	1.46608
8	5	2	2	0.450015
7	5	2	2	0
11	6	2	4	1.60323
17	9	4	3	1.80605
16	8	3	5	1.72484
20	11	5	0	1.71126
1	1	0	1	1.79505
4	3	1	1	1.51506
6	4	1	3	1.70698
13	7	3	2	1.61841
9	5	2	2	1.61973
11	6	2	4	1.77131
17	9	4	3	1.711
14	7	3	2	1.5213
10	6	2	4	1.59776
17	9	4	3	1.51718
14	7	3	2	1.54207
10	6	2	4	1.5907
17	9	4	3	1.22738
14	7	3	2	1.54486
9	5	2	2	1.54235
7	5	2	2	0.918073
11	6	2	4	1.9349
18	10	4	5	1.7942
19	11	5	0	1.53706
2	2	0	2	0.972485
12	6	2	4	1.83388
18	10	4	5	1.41435
19	11	5	0	1.30411
2	2	0	2	1.2574
8	5	2	2	0.353703
11	6	2	4	1.60914
18	10	4	5	1.36134
19	11	5	0	1.40992
2	2	0	2	1.25871
12	6	2	4	1.81748
17	9	4	3	1.41605
14	7	3	2	1.49295
9	5	2	2	1.54663
7	5	2	2	0.72455
11	6	2	4	1.94263
17	9	4	3	1.82573
14	7	3	2	1.70351
9	5	2	2	1.54311
11	6	2	4	2.21188
17	9	4	3	1.86278
16	8	3	5	1.49354
20	11	5	0	1.70713
1	1	0	1	1.79212
4	3	1	1	1.77331
3	3	1	1	0
3	3	1	1	0
6	4	1	3	1.72709
13	7	3	2	1.63767
9	5	2	2	1.6096
11	6	2	4	1.77849
17	9	4	3	1.71081
14	7	3	2	1.52071
10	6	2	4	1.59775
17	9	4	3	1.51676
14	7	3	2	1.54203
10	6	2	4	1.5907
18	10	4	5	1.32023
19	11	5	0	1.87834
2	2	0	2	1.3162
8	5	2	2	0.437733
11	6	2	4	1.60564
18	10	4	5	1.63133
19	11	5	0	1.41495
2	2	0	2	1.26349
8	5	2	2	0.351216
7	5	2	2	0
7	5	2	2	0
7	5	2	2	0
11	6	2	4	1.57685
17	9	4	3	1.8548
16	8	3	5	1.79281
20	11	5	0	1.70947
2	2	0	2	1.78639
8	5	2	2	0.465576
11	6	2	4	1.61698
18	10	4	5	1.40392
19	11	5	0	1.42757
1	1	0	1	1.10145
4	3	1	1	1.62573
3	3	1	1	0
3	3	1	1	0
3	3	1	1	0
6	4	1	3	1.72714
15	8	3	5	1.63595
20	11	5	0	1.72085
2	2	0	2	1.47661
12	6	2	4	1.85193
18	10	4	5	1.39364
19	11	5	0	1.30522
2	2	0	2	1.26536
12	6	2	4	1.82135
18	10	4	5	1.41451
19	11	5	0	1.30505
2	2	0	2	1.2574
12	6	2	4	1.82042
17	9	4	3	1.41441
16	8	3	5	1.4906
20	11	5	0	1.71417
2	2	0	2	1.80157
12	6	2	4	1.75488
18	10	4	5	1.38522
19	11	5	0	1.30429
1	1	0	1	1.10367
4	3	1	1	1.62706
6	4	1	3	1.67672
15	8	3	5	1.62674
20	11	5	0	1.72194
2	2	0	2	1.47605
8	5	2	2	0.453985
11	6	2	4	1.60066
18	10	4	5	1.65547
19	11	5	0	1.41673
1	1	0	1	1.10539
5	4	1	3	1.56273
15	8	3	5	1.57492
20	11	5	0	1.71679
2	2	0	2	1.46406
8	5	2	2	0.450761
7	5	2	2	0
7	5	2	2	0
7	5	2	2	0
11	6	2	4	1.57585
18	10	4	5	1.85465
19	11	5	0	1.53647
1	1	0	1	1.13575
4	3	1	1	1.619
6	4	1	3	1.67877
15	8	3	5	1.62597
20	11	5	0	1.72195
1	1	0	1	1.47648
4	3	1	1	1.932
3	3	1	1	0
6	4	1	3	1.72441
15	8	3	5	1.63561
20	11	5	0	1.72081
2	2	0	2	1.47651
8	5	2	2	0.453219
11	6	2	4	1.85209
17	9	4	3	1.64842
14	7	3	2	1.48614
10	6	2	4	1.60683
18	10	4	5	1.61015
19	11	5	0	1.8772
2	2	0	2	1.3161
8	5	2	2	0.437459
11	6	2	4	1.61132
18	10	4	5	1.63095
19	11	5	0	1.41489
2	2	0	2	1.26342
8	5	2	2	0.351188
7	5	2	2	0
7	5	2	2	0
11	6	2	4	1.58481
17	9	4	3	1.85516
16	8	3	5	1.78846
20	11	5	0	1.70948
1	1	0	1	1.78801
5	4	1	3	0.513371
13	7	3	2	1.6314
9	5	2	2	1.6073
11	6	2	4	1.78079
17	9	4	3	1.71252
14	7	3	2	1.5197
10	6	2	4	1.59816
18	10	4	5	1.59733
19	11	5	0	1.87842
2	2	0	2	1.31598
8	5	2	2	0.437627
11	6	2	4	1.61125
17	9	4	3	1.62504
16	8	3	5	1.49438
20	11	5	0	1.71083
1	1	0	1	1.80266
4	3	1	1	1.51598
6	4	1	3	1.70692
13	7	3	2	1.61852
10	6	2	4	1.62173
18	10	4	5	1.44186
19	11	5	0	1.53928
2	2	0	2	1.32264
8	5	2	2	0.439944
11	6	2	4	1.60657
18	10	4	5	1.63071
19	11	5	0	1.41532
1	1	0	1	1.09851
4	3	1	1	1.62577
3	3	1	1	0
3	3	1	1	0
6	4	1	3	1.72694
13	7	3	2	1.63743
10	6	2	4	1.61116
17	9	4	3	1.42898
14	7	3	2	1.48461
10	6	2	4	1.59746
17	9	4	3	1.24873
14	7	3	2	1.53967
9	5	2	2	1.54106
11	6	2	4	2.28779
17	9	4	3	1.71594
16	8	3	5	1.50111
20	11	5	0	1.70711
1	1	0	1	1.79197
5	4	1	3	0.516584
13	7	3	2	1.63075
9	5	2	2	1.60721
7	5	2	2	1.21098
7	5	2	2	0.296297
7	5	2	2	0
11	6	2	4	1.57138
18	10	4	5	1.8547
19	11	5	0	1.53774
2	2	0	2	1.24207
12	6	2	4	1.84572
18	10	4	5	1.41274
19	11	5	0	1.3036
1	1	0	1	1.09032
5	4	1	3	1.56213
15	8	3	5	1.56955
20	11	5	0	1.71667
2	2	0	2	1.46394
8	5	2	2	0.450795
11	6	2	4	1.60092
18	10	4	5	1.65601
19	11	5	0	1.41424
1	1	0	1	1.10446
5	4	1	3	1.56277
15	8	3	5	1.57488
20	11	5	0	1.71679
2	2	0	2	1.46405
12	6	2	4	1.85787
17	9	4	3	1.39418
16	8	3	5	1.4855
20	11	5	0	1.71452
2	2	0	2	1.80048
8	5	2	2	0.741453
7	5	2	2	0
11	6	2	4	1.59426
17	9	4	3	1.81301
16	8	3	5	1.72723
20	11	5	0	1.71134
2	2	0	2	1.79423
8	5	2	2	0.463216
11	6	2	4	1.6165
17	9	4	3	1.3954
16	8	3	5	1.49532
20	11	5	0	1.71143
1	1	0	1	1.80213
4	3	1	1	1.51392
6	4	1	3	1.70692
15	8	3	5	1.61328
20	11	5	0	1.72282
1	1	0	1	1.47813
5	4	1	3	1.26589
15	8	3	5	1.63479
20	11	5	0	1.71737
1	1	0	1	1.46606
5	4	1	3	0.927994
15	8	3	5	1.63389
20	11	5	0	1.7174
2	2	0	2	1.46608
8	5	2	2	0.450012
7	5	2	2	0
11	6	2	4	1.60323
18	10	4	5	1.80606
19	11	5	0	1.53311
1	1	0	1	1.12872
4	3	1	1	1.87841
6	4	1	3	1.67862
15	8	3	5	1.62608
20	11	5	0	1.72194
2	2	0	2	1.47643
12	6	2	4	1.85006
18	10	4	5	1.39325
19	11	5	0	1.3052
2	2	0	2	1.26542
12	6	2	4	1.82134
17	9	4	3	1.41419
14	7	3	2	1.49051
9	5	2	2	1.54637
7	5	2	2	0.729518
11	6	2	4	1.94307
18	10	4	5	1.82581
19	11	5	0	1.53946
1	1	0	1	0.864843
4	3	1	1	1.6168
6	4	1	3	1.67937
13	7	3	2	1.6308
10	6	2	4	1.61963
18	10	4	5	1.43942
19	11	5	0	1.53832
2	2	0	2	1.32275
12	6	2	4	1.84943
18	10	4	5	1.40195
19	11	5	0	1.30424
1	1	0	1	1.09321
5	4	1	3	1.56202
13	7	3	2	1.57099
9	5	2	2	1.59519
11	6	2	4	2.13781
17	9	4	3	1.71003
16	8	3	5	1.51243
20	11	5	0	1.70958
2	2	0	2	1.80198
8	5	2	2	0.462223
7	5	2	2	0
11	6	2	4	1.59447
18	10	4	5	1.81567
19	11	5	0	1.53186
2	2	0	2	1.23515
12	6	2	4	1.83851
17	9	4	3	1.41012
16	8	3	5	1.48854
20	11	5	0	1.71431
2	2	0	2	1.80121
8	5	2	2	0.461422
11	6	2	4	1.61521
18	10	4	5	1.40307
19	11	5	0	1.42444
2	2	0	2	1.2642
12	6	2	4	1.82147
18	10	4	5	1.41595
19	11	5	0	1.55973
2	2	0	2	1.25768
12	6	2	4	1.81999
18	10	4	5	1.41484
19	11	5	0	1.30499
2	2	0	2	1.25734
8	5	2	2	0.352818
11	6	2	4	1.60926
18	10	4	5	1.37058
19	11	5	0	1.39698
2	2	0	2	1.26375
12	6	2	4	1.81704
17	9	4	3	1.41604
16	8	3	5	1.49293
20	11	5	0	1.71404
1	1	0	1	1.80243
4	3	1	1	1.50967
6	4	1	3	1.70691
13	7	3	2	1.61697
10	6	2	4	1.62247
17	9	4	3	1.4344
16	8	3	5	1.4808
20	11	5	0	1.71847
1	1	0	1	1.80065
4	3	1	1	1.51102
3	3	1	1	0
3	3	1	1	0
3	3	1	1	0
3	3	1	1	0
3	3	1	1	0
3	3	1	1	0
3	3	1	1	0
6	4	1	3	1.72715
15	8	3	5	1.63599
20	11	5	0	1.72084
1	1	0	1	1.47664
4	3	1	1	1.9332
6	4	1	3	1.70886
13	7	3	2	1.61827
9	5	2	2	1.62146
11	6	2	4	1.76733
17	9	4	3	1.711
14	7	3	2	1.52175
10	6	2	4	1.59771
18	10	4	5	1.59846
19	11	5	0	1.87838
2	2	0	2	1.31595
12	6	2	4	1.86729
17	9	4	3	1.40528
14	7	3	2	1.48661
9	5	2	2	1.54593
11	6	2	4	2.28627
18	10	4	5	1.8315
19	11	5	0	1.50291
2	2	0	2	1.27399
12	6	2	4	1.85641
18	10	4	5	1.40759
19	11	5	0	1.30391
1	1	0	1	1.09132
5	4	1	3	1.56206
13	7	3	2	1.57096
9	5	2	2	1.59519
11	6	2	4	2.13781
17	9	4	3	1.71003
16	8	3	5	1.51243
20	11	5	0	1.70958
1	1	0	1	1.80265
4	3	1	1	1.51449
6	4	1	3	1.70699
15	8	3	5	1.6133
20	11	5	0	1.72282
2	2	0	2	1.4781
12	6	2	4	1.84976
18	10	4	5	1.39332
19	11	5	0	1.30522
2	2	0	2	1.26547
8	5	2	2	0.354344
11	6	2	4	1.60906
17	9	4	3	1.35611
14	7	3	2	1.50145
10	6	2	4	1.60803
18	10	4	5	1.60799
19	11	5	0	1.87981
1	1	0	1	1.16281
5	4	1	3	1.56836
13	7	3	2	1.58264
9	5	2	2	1.59898
11	6	2	4	1.86436
18	10	4	5	1.71463
19	11	5	0	1.51144
2	2	0	2	0.990553
8	5	2	2	0.389571
11	6	2	4	1.89916
17	9	4	3	1.62103
16	8	3	5	1.49744
20	11	5	0	1.71064
1	1	0	1	1.80321
5	4	1	3	0.777211
15	8	3	5	1.62852
20	11	5	0	1.71894
2	2	0	2	1.46677
12	6	2	4	1.85237
18	10	4	5	1.39425
19	11	5	0	1.30514
1	1	0	1	1.09836
4	3	1	1	1.62685
6	4	1	3	1.67673
15	8	3	5	1.62675
20	11	5	0	1.72194
2	2	0	2	1.47605
12	6	2	4	1.85015
18	10	4	5	1.39327
19	11	5	0	1.30519
2	2	0	2	1.26541
12	6	2	4	1.82133
18	10	4	5	1.41452
19	11	5	0	1.30505
2	2	0	2	1.2574
12	6	2	4	1.82042
18	10	4	5	1.41474
19	11	5	0	1.30501
2	2	0	2	1.25735
8	5	2	2	0.352829
7	5	2	2	0
11	6	2	4	1.59632
17	9	4	3	1.8275
14	7	3	2	1.72032
9	5	2	2	1.54039
7	5	2	2	0.387273
7	5	2	2	0.394668
7	5	2	2	0
7	5	2	2	0.298301
7	5	2	2	0
11	6	2	4	1.56966
17	9	4	3	1.85478
16	8	3	5	1.7951
20	11	5	0	1.7094
1	1	0	1	1.78664
4	3	1	1	1.7745
3	3	1	1	0
3	3	1	1	0
3	3	1	1	0
6	4	1	3	1.72712
15	8	3	5	1.63598
20	11	5	0	1.72084
1	1	0	1	1.47664
4	3	1	1	1.93319
6	4	1	3	1.70886
15	8	3	5	1.61163
20	11	5	0	1.72328
2	2	0	2	1.48308
8	5	2	2	0.451363
7	5	2	2	0.263323
7	5	2	2	0
11	6	2	4	1.5786
18	10	4	5	1.85235
19	11	5	0	1.53724
2	2	0	2	0.971198
8	5	2	2	0.378565
11	6	2	4	1.89141
17	9	4	3	1.36922
16	8	3	5	1.49816
20	11	5	0	1.71062
1	1	0	1	1.80335
5	4	1	3	0.777459
13	7	3	2	1.6313
10	6	2	4	1.608
18	10	4	5	1.43355
19	11	5	0	1.53727
2	2	0	2	1.32228
8	5	2	2	0.439907
7	5	2	2	0
7	5	2	2	0
7	5	2	2	0
7	5	2	2	0
11	6	2	4	1.56947
17	9	4	3	1.85464
16	8	3	5	1.79231
20	11	5	0	1.70954
1	1	0	1	1.78723
4	3	1	1	1.77349
3	3	1	1	0
6	4	1	3	1.72435
13	7	3	2	1.63752
10	6	2	4	1.61101
18	10	4	5	1.43838
19	11	5	0	1.53924
1	1	0	1	1.1791
4	3	1	1	1.62949
3	3	1	1	0
6	4	1	3	1.72508
15	8	3	5	1.6256
20	11	5	0	1.72128
2	2	0	2	1.47694
12	6	2	4	1.85168
17	9	4	3	1.39316
16	8	3	5	1.48549
20	11	5	0	1.71452
2	2	0	2	1.80045
8	5	2	2	0.741602
11	6	2	4	1.61452
18	10	4	5	1.40654
19	11	5	0	1.42672
1	1	0	1	1.10333
4	3	1	1	1.62566
6	4	1	3	1.67465
13	7	3	2	1.63238
10	6	2	4	1.619
18	10	4	5	1.43925
19	11	5	0	1.54132
1	1	0	1	1.17942
4	3	1	1	1.62954
6	4	1	3	1.68135
15	8	3	5	1.62451
20	11	5	0	1.72209
1	1	0	1	1.47665
4	3	1	1	1.93221
3	3	1	1	0
3	3	1	1	0
6	4	1	3	1.72708
13	7	3	2	1.63766
10	6	2	4	1.61095
18	10	4	5	1.43848
19	11	5	0	1.53927
1	1	0	1	1.17916
4	3	1	1	1.62949
3	3	1	1	0
3	3	1	1	0
3	3	1	1	0
6	4	1	3	1.72714
15	8	3	5	1.63596
20	11	5	0	1.72085
1	1	0	1	1.47664
4	3	1	1	1.93319
3	3	1	1	0
3	3	1	1	0
3	3	1	1	0
3	3	1	1	0
6	4	1	3	1.72714
13	7	3	2	1.63767
9	5	2	2	1.6096
11	6	2	4	1.77861
17	9	4	3	1.71078
16	8	3	5	1.52072
20	11	5	0	1.70829
2	2	0	2	1.80235
8	5	2	2	0.46269
11	6	2	4	1.61661
18	10	4	5	1.403
19	11	5	0	1.42687
2	2	0	2	1.26388
12	6	2	4	1.82143
18	10	4	5	1.41597
19	11	5	0	1.55973
1	1	0	1	1.08827
5	4	1	3	1.5626
13	7	3	2	1.57054
10	6	2	4	1.59544
17	9	4	3	1.40683
16	8	3	5	1.49356
20	11	5	0	1.71791
1	1	0	1	1.80213
5	4	1	3	0.803905
13	7	3	2	1.63323
9	5	2	2	1.60793
11	6	2	4	1.78026
18	10	4	5	1.71748
19	11	5	0	1.50896
1	1	0	1	0.834772
5	4	1	3	1.54422
15	8	3	5	1.57531
20	11	5	0	1.71738
1	1	0	1	1.46479
5	4	1	3	0.937417
13	7	3	2	1.63563
10	6	2	4	1.60606
18	10	4	5	1.43226
19	11	5	0	1.53675
1	1	0	1	1.17567
5	4	1	3	1.57923
15	8	3	5	1.58268
20	11	5	0	1.71759
1	1	0	1	1.46498
5	4	1	3	0.93733
13	7	3	2	1.63567
10	6	2	4	1.60608
18	10	4	5	1.43228
19	11	5	0	1.53676
1	1	0	1	1.17568
4	3	1	1	1.62981
6	4	1	3	1.6813
13	7	3	2	1.62995
10	6	2	4	1.61999
18	10	4	5	1.43977
19	11	5	0	1.53845
2	2	0	2	1.32274
8	5	2	2	0.440078
7	5	2	2	0
11	6	2	4	1.59908
18	10	4	5	1.81437
19	11	5	0	1.53219
1	1	0	1	1.13131
4	3	1	1	1.87921
3	3	1	1	0
3	3	1	1	0
6	4	1	3	1.727
13	7	3	2	1.63741
10	6	2	4	1.61117
18	10	4	5	1.43857
19	11	5	0	1.53931
2	2	0	2	1.3226
12	6	2	4	1.85002
18	10	4	5	1.40203
19	11	5	0	1.30424
2	2	0	2	1.25943
8	5	2	2	0.353626
7	5	2	2	0
7	5	2	2	0
7	5	2	2	0
7	5	2	2	0
11	6	2	4	1.56904
18	10	4	5	1.85468
19	11	5	0	1.53725
1	1	0	1	1.13467
4	3	1	1	1.61898
3	3	1	1	0
6	4	1	3	1.72493
15	8	3	5	1.62996
20	11	5	0	1.72136
1	1	0	1	1.4771
4	3	1	1	1.93351
3	3	1	1	0
3	3	1	1	0
3	3	1	1	0
3	3	1	1	0
3	3	1	1	0
3	3	1	1	0
6	4	1	3	1.72715
13	7	3	2	1.63767
9	5	2	2	1.6096
11	6	2	4	1.77861
18	10	4	5	1.71673
19	11	5	0	1.50711
2	2	0	2	0.990513
8	5	2	2	0.388223
11	6	2	4	1.89825
17	9	4	3	1.62095
16	8	3	5	1.49753
20	11	5	0	1.71064
2	2	0	2	1.80253
8	5	2	2	0.461563
7	5	2	2	0
11	6	2	4	1.59457
18	10	4	5	1.81573
19	11	5	0	1.53182
1	1	0	1	1.13484
5	4	1	3	1.8007
15	8	3	5	1.57987
20	11	5	0	1.71743
2	2	0	2	1.46481
8	5	2	2	0.450716
7	5	2	2	0
7	5	2	2	0
7	5	2	2	0
11	6	2	4	1.57586
18	10	4	5	1.85465
19	11	5	0	1.53647
2	2	0	2	1.24347
12	6	2	4	1.8459
17	9	4	3	1.41239
14	7	3	2	1.48832
10	6	2	4	1.603
18	10	4	5	1.33061
19	11	5	0	1.87425
1	1	0	1	1.16076
4	3	1	1	1.62624
6	4	1	3	1.68171
13	7	3	2	1.62967
9	5	2	2	1.61846
7	5	2	2	1.26998
7	5	2	2	0.311813
11	6	2	4	1.5694
17	9	4	3	1.8546
16	8	3	5	1.80059
20	11	5	0	1.70904
1	1	0	1	1.78542
4	3	1	1	1.77685
3	3	1	1	0
3	3	1	1	0
3	3	1	1	0
3	3	1	1	0
3	3	1	1	0
3	3	1	1	0
3	3	1	1	0
3	3	1	1	0
3	3	1	1	0
3	3	1	1	0
3	3	1	1	0
3	3	1	1	0
6	4	1	3	1.72715
13	7	3	2	1.63767
9	5	2	2	1.6096
7	5	2	2	1.26096
11	6	2	4	1.88003
18	10	4	5	1.84744
19	11	5	0	1.54079
2	2	0	2	0.970139
12	6	2	4	1.83562
17	9	4	3	1.41396
14	7	3	2	1.48776
9	5	2	2	1.54609
11	6	2	4	2.28605
17	9	4	3	1.82786
14	7	3	2	1.49788
10	6	2	4	1.59592
18	10	4	5	1.62315
19	11	5	0	1.87016
2	2	0	2	1.31494
8	5	2	2	0.430916
11	6	2	4	1.91443
18	10	4	5	1.63454
19	11	5	0	1.41479
1	1	0	1	1.0964
5	4	1	3	1.56344
15	8	3	5	1.57436
20	11	5	0	1.71677
2	2	0	2	1.46403
12	6	2	4	1.8579
17	9	4	3	1.39418
14	7	3	2	1.48551
9	5	2	2	1.54568
7	5	2	2	0.817141
11	6	2	4	1.94464
18	10	4	5	1.82589
19	11	5	0	1.53953
2	2	0	2	0.972069
8	5	2	2	0.375772
11	6	2	4	1.89486
17	9	4	3	1.62013
14	7	3	2	1.49783
10	6	2	4	1.6076
18	10	4	5	1.60948
19	11	5	0	1.87905
1	1	0	1	1.16244
5	4	1	3	1.56846
15	8	3	5	1.58024
20	11	5	0	1.71765
1	1	0	1	1.46511
4	3	1	1	2.22071
3	3	1	1	0
3	3	1	1	0
3	3	1	1	0
3	3	1	1	0
6	4	1	3	1.72714
15	8	3	5	1.63598
20	11	5	0	1.72084
1	1	0	1	1.47664
4	3	1	1	1.9332
6	4	1	3	1.70886
15	8	3	5	1.61163
20	11	5	0	1.72328
2	2	0	2	1.48308
12	6	2	4	1.84837
18	10	4	5	1.3934
19	11	5	0	1.30542
1	1	0	1	1.09984
5	4	1	3	1.56205
15	8	3	5	1.56978
20	11	5	0	1.71668
2	2	0	2	1.46395
8	5	2	2	0.450793
7	5	2	2	0
7	5	2	2	0
7	5	2	2	0
7	5	2	2	0
11	6	2	4	1.5701
17	9	4	3	1.8546
16	8	3	5	1.79134
20	11	5	0	1.70959
1	1	0	1	1.7874
5	4	1	3	0.512944
15	8	3	5	1.62877
20	11	5	0	1.71893
1	1	0	1	1.46679
5	4	1	3	0.929011
13	7	3	2	1.63592
10	6	2	4	1.60619
18	10	4	5	1.43238
19	11	5	0	1.53684
2	2	0	2	1.32229
12	6	2	4	1.85042
18	10	4	5	1.40209
19	11	5	0	1.30425
1	1	0	1	1.09313
5	4	1	3	1.56202
15	8	3	5	1.56963
20	11	5	0	1.71668
2	2	0	2	1.46394
12	6	2	4	1.85785
17	9	4	3	1.39417
16	8	3	5	1.48551
20	11	5	0	1.71452
1	1	0	1	1.80106
4	3	1	1	1.52615
6	4	1	3	1.70648
15	8	3	5	1.61372
20	11	5	0	1.72276
2	2	0	2	1.47781
8	5	2	2	0.453495
7	5	2	2	0.250335
11	6	2	4	1.60293
18	10	4	5	1.80612
19	11	5	0	1.53328
1	1	0	1	1.12814
4	3	1	1	1.87831
6	4	1	3	1.67863
13	7	3	2	1.63123
9	5	2	2	1.61786
7	5	2	2	1.27065
11	6	2	4	1.88057
18	10	4	5	1.84758
19	11	5	0	1.5408
1	1	0	1	0.868473
4	3	1	1	1.87468
6	4	1	3	1.67894
15	8	3	5	1.62578
20	11	5	0	1.72196
1	1	0	1	1.4765
5	4	1	3	1.2456
15	8	3	5	1.6347
20	11	5	0	1.71738
1	1	0	1	1.46607
5	4	1	3	0.928003
15	8	3	5	1.6339
20	11	5	0	1.7174
1	1	0	1	1.46611
4	3	1	1	2.19837
3	3	1	1	0
3	3	1	1	0
3	3	1	1	0
6	4	1	3	1.72713
13	7	3	2	1.63767
10	6	2	4	1.61094
18	10	4	5	1.43848
19	11	5	0	1.53927
2	2	0	2	1.3226
8	5	2	2	0.439977
7	5	2	2	0
7	5	2	2	0
7	5	2	2	0
7	5	2	2	0
7	5	2	2	0
11	6	2	4	1.56699
18	10	4	5	1.85483
19	11	5	0	1.53692
1	1	0	1	1.13537
4	3	1	1	1.61899
6	4	1	3	1.67877
15	8	3	5	1.62597
20	11	5	0	1.72195
1	1	0	1	1.47648
5	4	1	3	1.2453
13	7	3	2	1.63658
9	5	2	2	1.60599
7	5	2	2	1.20599
7	5	2	2	0.294728
7	5	2	2	0
11	6	2	4	1.57133
17	9	4	3	1.8547
14	7	3	2	1.79073
10	6	2	4	1.60663
18	10	4	5	1.60528
19	11	5	0	1.87112
2	2	0	2	1.3156
12	6	2	4	1.86712
18	10	4	5	1.40562
19	11	5	0	1.30448
1	1	0	1	1.09177
4	3	1	1	1.62682
6	4	1	3	1.67671
15	8	3	5	1.62677
20	11	5	0	1.72194
1	1	0	1	1.47608
5	4	1	3	1.24418
13	7	3	2	1.63657
10	6	2	4	1.60651
18	10	4	5	1.43263
19	11	5	0	1.53694
1	1	0	1	1.17582
5	4	1	3	1.57908
15	8	3	5	1.58268
20	11	5	0	1.71759
2	2	0	2	1.46494
12	6	2	4	1.85572
18	10	4	5	1.39447
19	11	5	0	1.30511
1	1	0	1	1.09797
4	3	1	1	1.62685
6	4	1	3	1.67673
15	8	3	5	1.62675
20	11	5	0	1.72194
2	2	0	2	1.47605
12	6	2	4	1.85015
18	10	4	5	1.39327
19	11	5	0	1.3052
1	1	0	1	1.09913
4	3	1	1	1.62686
6	4	1	3	1.67674
15	8	3	5	1.62674
20	11	5	0	1.72194
1	1	0	1	1.47608
5	4	1	3	1.24424
15	8	3	5	1.63469
20	11	5	0	1.71738
2	2	0	2	1.46604
12	6	2	4	1.85386
18	10	4	5	1.39444
19	11	5	0	1.30514
2	2	0	2	1.2649
8	5	2	2	0.354263
11	6	2	4	1.60907
18	10	4	5	1.3613
19	11	5	0	1.40993
1	1	0	1	1.08704
5	4	1	3	1.56426
15	8	3	5	1.57368
20	11	5	0	1.71675
2	2	0	2	1.46401
8	5	2	2	0.45077
11	6	2	4	1.60091
17	9	4	3	1.64894
14	7	3	2	1.48695
10	6	2	4	1.60694
18	10	4	5	1.61024
19	11	5	0	1.87736
2	2	0	2	1.31612
8	5	2	2	0.437457
7	5	2	2	0
11	6	2	4	1.59971
17	9	4	3	1.81373
14	7	3	2	1.72807
10	6	2	4	1.60723
18	10	4	5	1.61438
19	11	5	0	1.87446
1	1	0	1	1.1608
5	4	1	3	1.56279
15	8	3	5	1.57873
20	11	5	0	1.71759
1	1	0	1	1.46503
5	4	1	3	0.937422
13	7	3	2	1.63567
9	5	2	2	1.60558
7	5	2	2	1.21182
7	5	2	2	0.295013
11	6	2	4	1.57047
18	10	4	5	1.85445
19	11	5	0	1.53622
2	2	0	2	1.24298
8	5	2	2	0.391629
11	6	2	4	1.89446
17	9	4	3	1.36937
16	8	3	5	1.49789
20	11	5	0	1.71065
2	2	0	2	1.80262
8	5	2	2	0.461542
7	5	2	2	0
7	5	2	2	0
11	6	2	4	1.57523
17	9	4	3	1.85417
14	7	3	2	1.78393
9	5	2	2	1.53523
7	5	2	2	0.40938
11	6	2	4	1.95741
17	9	4	3	1.84152
14	7	3	2	1.71723
9	5	2	2	1.54109
7	5	2	2	0.711188
7	5	2	2	0.409716
11	6	2	4	1.55027
18	10	4	5	1.85468
19	11	5	0	1.5332
1	1	0	1	1.13985
4	3	1	1	1.61909
3	3	1	1	0
3	3	1	1	0
6	4	1	3	1.727
15	8	3	5	1.63569
20	11	5	0	1.72088
1	1	0	1	1.47667
5	4	1	3	1.24588
15	8	3	5	1.63464
20	11	5	0	1.71737
2	2	0	2	1.46602
12	6	2	4	1.85388
18	10	4	5	1.39445
19	11	5	0	1.30513
1	1	0	1	1.09821
4	3	1	1	1.62685
6	4	1	3	1.67673
13	7	3	2	1.63141
10	6	2	4	1.61941
18	10	4	5	1.43946
19	11	5	0	1.54012
2	2	0	2	1.32271
8	5	2	2	0.440064
11	6	2	4	1.60654
18	10	4	5	1.63088
19	11	5	0	1.41535
2	2	0	2	1.26407
12	6	2	4	1.81895
17	9	4	3	1.41577
14	7	3	2	1.49293
10	6	2	4	1.6031
18	10	4	5	1.58182
19	11	5	0	1.87494
1	1	0	1	1.16095
4	3	1	1	1.62622
6	4	1	3	1.68171
13	7	3	2	1.62967
10	6	2	4	1.62013
18	10	4	5	1.43971
19	11	5	0	1.53841
2	2	0	2	1.32277
8	5	2	2	0.440107
7	5	2	2	0
11	6	2	4	1.59908
18	10	4	5	1.81438
19	11	5	0	1.53219
2	2	0	2	1.23077
12	6	2	4	1.83856
18	10	4	5	1.41395
19	11	5	0	1.30355
1	1	0	1	1.08989
4	3	1	1	1.62688
6	4	1	3	1.67667
13	7	3	2	1.63144
9	5	2	2	1.61784
11	6	2	4	1.7809
17	9	4	3	1.71094
14	7	3	2	1.52081
10	6	2	4	1.59774
18	10	4	5	1.5977
19	11	5	0	1.87822
1	1	0	1	1.15956
4	3	1	1	1.62647
3	3	1	1	0
3	3	1	1	0
6	4	1	3	1.72704
13	7	3	2	1.63747
10	6	2	4	1.61113
17	9	4	3	1.42894
16	8	3	5	1.48434
20	11	5	0	1.7183
2	2	0	2	1.80037
12	6	2	4	1.72176
18	10	4	5	1.38208
19	11	5	0	1.30411
1	1	0	1	1.10466
5	4	1	3	1.56258
15	8	3	5	1.56947
20	11	5	0	1.71667
2	2	0	2	1.46393
12	6	2	4	1.85785
17	9	4	3	1.39417
16	8	3	5	1.48551
20	11	5	0	1.71452
2	2	0	2	1.80048
12	6	2	4	1.46798
17	9	4	3	1.37919
14	7	3	2	1.4881
9	5	2	2	1.54568
11	6	2	4	2.2879
17	9	4	3	1.82002
16	8	3	5	1.49386
20	11	5	0	1.70718
2	2	0	2	1.7911
8	5	2	2	0.466192
7	5	2	2	0
11	6	2	4	1.59366
18	10	4	5	1.81694
19	11	5	0	1.5318
1	1	0	1	1.13465
4	3	1	1	1.88013
6	4	1	3	1.67855
13	7	3	2	1.63128
10	6	2	4	1.61939
17	9	4	3	1.42976
14	7	3	2	1.48417
9	5	2	2	1.55129
7	5	2	2	0.85862
7	5	2	2	0.409526
7	5	2	2	0
11	6	2	4	1.89368
18	10	4	5	1.85479
19	11	5	0	1.53893
1	1	0	1	1.1321
5	4	1	3	1.54387
13	7	3	2	1.58121
9	5	2	2	1.5984
11	6	2	4	1.86339
17	9	4	3	1.71122
14	7	3	2	1.515
10	6	2	4	1.59833
17	9	4	3	1.51457
16	8	3	5	1.54177
20	11	5	0	1.71426
1	1	0	1	1.80888
5	4	1	3	0.807262
13	7	3	2	1.63231
10	6	2	4	1.60837
17	9	4	3	1.42387
14	7	3	2	1.48675
9	5	2	2	1.54563
11	6	2	4	2.29313
17	9	4	3	1.47598
16	8	3	5	1.49895
20	11	5	0	1.70715
2	2	0	2	1.79183
12	6	2	4	1.74954
18	10	4	5	1.38463
19	11	5	0	1.30394
2	2	0	2	1.26799
8	5	2	2	0.353507
11	6	2	4	1.60917
18	10	4	5	1.36135
19	11	5	0	1.39709
2	2	0	2	1.26372
12	6	2	4	1.81707
18	10	4	5	1.41654
19	11	5	0	1.55991
1	1	0	1	1.0881
4	3	1	1	1.62701
6	4	1	3	1.67662
15	8	3	5	1.6268
20	11	5	0	1.72193
2	2	0	2	1.47604
8	5	2	2	0.453989
11	6	2	4	1.60066
18	10	4	5	1.65547
19	11	5	0	1.41673
2	2	0	2	1.26678
12	6	2	4	1.81963
17	9	4	3	1.41561
14	7	3	2	1.49291
10	6	2	4	1.60309
17	9	4	3	1.50447
14	7	3	2	1.54071
9	5	2	2	1.54203
11	6	2	4	2.28835
17	9	4	3	1.7182
16	8	3	5	1.50112
20	11	5	0	1.70711
2	2	0	2	1.79122
8	5	2	2	0.466186
11	6	2	4	1.61773
17	9	4	3	1.39681
14	7	3	2	1.50798
9	5	2	2	1.5446
7	5	2	2	0.429107
11	6	2	4	1.9512
17	9	4	3	1.83584
16	8	3	5	1.7125
20	11	5	0	1.71329
1	1	0	1	1.79635
5	4	1	3	0.766317
15	8	3	5	1.62956
20	11	5	0	1.71896
1	1	0	1	1.46684
5	4	1	3	0.928969
13	7	3	2	1.63593
10	6	2	4	1.6062
18	10	4	5	1.43238
19	11	5	0	1.53684
2	2	0	2	1.32229
8	5	2	2	0.439926
11	6	2	4	1.60633
18	10	4	5	1.63129
19	11	5	0	1.41536
1	1	0	1	1.09848
4	3	1	1	1.62577
6	4	1	3	1.67443
13	7	3	2	1.63243
9	5	2	2	1.61749
7	5	2	2	1.26472
11	6	2	4	1.87972
17	9	4	3	1.84751
16	8	3	5	1.74398
20	11	5	0	1.713
2	2	0	2	1.79384
8	5	2	2	0.462936
7	5	2	2	0
11	6	2	4	1.59458
17	9	4	3	1.81515
14	7	3	2	1.45889
9	5	2	2	1.54156
11	6	2	4	1.91795
17	9	4	3	2.23194
14	7	3	2	1.49222
9	5	2	2	1.53823
7	5	2	2	0.429603
11	6	2	4	1.93814
18	10	4	5	1.84075
19	11	5	0	1.54022
2	2	0	2	0.971426
12	6	2	4	1.83557
17	9	4	3	1.41381
16	8	3	5	1.48751
20	11	5	0	1.71436
2	2	0	2	1.80111
12	6	2	4	1.75423
18	10	4	5	1.38513
19	11	5	0	1.30429
1	1	0	1	1.1037
5	4	1	3	1.56249
15	8	3	5	1.56952
20	11	5	0	1.71667
1	1	0	1	1.46397
5	4	1	3	0.937273
13	7	3	2	1.63552
9	5	2	2	1.60551
11	6	2	4	1.84854
17	9	4	3	1.71213
16	8	3	5	1.51946
20	11	5	0	1.70853
1	1	0	1	1.8032
5	4	1	3	0.776175
13	7	3	2	1.63128
10	6	2	4	1.60799
18	10	4	5	1.43355
19	11	5	0	1.53727
1	1	0	1	1.17619
4	3	1	1	1.62972
3	3	1	1	0
3	3	1	1	0
3	3	1	1	0
3	3	1	1	0
3	3	1	1	0
3	3	1	1	0
3	3	1	1	0
3	3	1	1	0
3	3	1	1	0
6	4	1	3	1.72715
13	7	3	2	1.63767
10	6	2	4	1.61094
18	10	4	5	1.43847
19	11	5	0	1.53927
1	1	0	1	1.17915
4	3	1	1	1.62949
3	3	1	1	0
3	3	1	1	0
3	3	1	1	0
6	4	1	3	1.72714
13	7	3	2	1.63765
9	5	2	2	1.60962
7	5	2	2	1.26082
7	5	2	2	0.310437
11	6	2	4	1.56952
17	9	4	3	1.85461
16	8	3	5	1.80072
20	11	5	0	1.70905
2	2	0	2	1.78472
12	6	2	4	1.75003
18	10	4	5	1.38448
19	11	5	0	1.304
1	1	0	1	1.10254
4	3	1	1	1.62701
6	4	1	3	1.6767
15	8	3	5	1.62676
20	11	5	0	1.72194
2	2	0	2	1.47604
8	5	2	2	0.453985
11	6	2	4	1.60066
17	9	4	3	1.6483
14	7	3	2	1.486
10	6	2	4	1.60682
17	9	4	3	1.53536
14	7	3	2	1.54008
10	6	2	4	1.59086
18	10	4	5	1.32057
19	11	5	0	1.87804
1	1	0	1	1.16058
5	4	1	3	1.57045
15	8	3	5	1.58029
20	11	5	0	1.71765
1	1	0	1	1.46511
5	4	1	3	0.937422
13	7	3	2	1.63569
9	5	2	2	1.60558
11	6	2	4	1.78295
17	9	4	3	1.71229
14	7	3	2	1.5195
9	5	2	2	1.5514
11	6	2	4	2.25747
17	9	4	3	2.1219
14	7	3	2	1.49445
10	6	2	4	1.5967
18	10	4	5	1.62848
19	11	5	0	1.87086
1	1	0	1	1.15542
4	3	1	1	1.6268
6	4	1	3	1.68163
13	7	3	2	1.62969
9	5	2	2	1.61845
11	6	2	4	1.78059
17	9	4	3	1.71077
16	8	3	5	1.52094
20	11	5	0	1.70826
2	2	0	2	1.80235
8	5	2	2	0.462696
7	5	2	2	0
11	6	2	4	1.59433
18	10	4	5	1.81605
19	11	5	0	1.53182
1	1	0	1	1.1348
5	4	1	3	1.8007
13	7	3	2	1.58176
9	5	2	2	1.59846
7	5	2	2	0.862752
11	6	2	4	1.86112
17	9	4	3	1.84853
14	7	3	2	1.7439
10	6	2	4	1.60629
18	10	4	5	1.59813
19	11	5	0	1.87276
1	1	0	1	1.16044
5	4	1	3	1.56307
15	8	3	5	1.57877
20	11	5	0	1.71759
1	1	0	1	1.46503
5	4	1	3	0.937419
15	8	3	5	1.63376
20	11	5	0	1.7174
1	1	0	1	1.46612
4	3	1	1	2.19833
3	3	1	1	0
3	3	1	1	0
3	3	1	1	0
3	3	1	1	0
3	3	1	1	0
6	4	1	3	1.72715
13	7	3	2	1.63767
9	5	2	2	1.6096
7	5	2	2	1.26096
7	5	2	2	0.310437
11	6	2	4	1.56952
18	10	4	5	1.8546
19	11	5	0	1.53598
2	2	0	2	1.24313
8	5	2	2	0.391669
11	6	2	4	1.89451
18	10	4	5	1.37463
19	11	5	0	1.41245
2	2	0	2	1.26151
8	5	2	2	0.349971
11	6	2	4	1.62171
17	9	4	3	1.36488
14	7	3	2	1.49936
10	6	2	4	1.60832
18	10	4	5	1.60713
19	11	5	0	1.87976
2	2	0	2	1.31642
8	5	2	2	0.437462
7	5	2	2	0
11	6	2	4	1.59969
18	10	4	5	1.8138
19	11	5	0	1.53205
1	1	0	1	1.1318
5	4	1	3	1.79937
13	7	3	2	1.58163
9	5	2	2	1.59843
11	6	2	4	2.11315
18	10	4	5	1.71504
19	11	5	0	1.51169
2	2	0	2	0.990441
12	6	2	4	1.8438
18	10	4	5	1.41034
19	11	5	0	1.30411
1	1	0	1	1.09009
5	4	1	3	1.56197
15	8	3	5	1.56965
20	11	5	0	1.71668
1	1	0	1	1.46398
4	3	1	1	2.23476
6	4	1	3	1.70795
15	8	3	5	1.61191
20	11	5	0	1.72326
2	2	0	2	1.48307
12	6	2	4	1.84829
18	10	4	5	1.39339
19	11	5	0	1.30542
2	2	0	2	1.26572
8	5	2	2	0.354509
7	5	2	2	0
11	6	2	4	1.59645
18	10	4	5	1.82708
19	11	5	0	1.52945
1	1	0	1	1.14063
5	4	1	3	1.80214
15	8	3	5	1.58013
20	11	5	0	1.7173
2	2	0	2	1.46482
8	5	2	2	0.450704
7	5	2	2	0
11	6	2	4	1.60336
17	9	4	3	1.80581
14	7	3	2	1.72473
9	5	2	2	1.54005
11	6	2	4	1.9244
18	10	4	5	2.23896
19	11	5	0	1.49722
1	1	0	1	1.13078
4	3	1	1	1.62084
6	4	1	3	1.67998
15	8	3	5	1.62509
20	11	5	0	1.72202
2	2	0	2	1.47653
8	5	2	2	0.453949
7	5	2	2	0
11	6	2	4	1.60291
17	9	4	3	1.80613
16	8	3	5	1.72468
20	11	5	0	1.71129
2	2	0	2	1.79436
12	6	2	4	1.7585
17	9	4	3	1.38449
16	8	3	5	1.4883
20	11	5	0	1.71439
2	2	0	2	1.80059
8	5	2	2	0.741679
11	6	2	4	1.61453
18	10	4	5	1.40654
19	11	5	0	1.42672
2	2	0	2	1.26474
8	5	2	2	0.355724
7	5	2	2	0
11	6	2	4	1.5945
18	10	4	5	1.84003
19	11	5	0	1.52875
2	2	0	2	1.23936
8	5	2	2	0.380784
7	5	2	2	0.279644
7	5	2	2	0
11	6	2	4	1.58161
17	9	4	3	1.85404
14	7	3	2	1.78145
9	5	2	2	1.53549
7	5	2	2	0.409215
7	5	2	2	0.403564
7	5	2	2	0
7	5	2	2	0.298804
11	6	2	4	1.56038
18	10	4	5	1.85467
19	11	5	0	1.53644
2	2	0	2	1.24349
8	5	2	2	0.391587
11	6	2	4	1.89421
18	10	4	5	1.37462
19	11	5	0	1.41243
2	2	0	2	1.26149
12	6	2	4	1.81785
18	10	4	5	1.41645
19	11	5	0	1.55993
1	1	0	1	1.08813
4	3	1	1	1.62701
6	4	1	3	1.67662
13	7	3	2	1.63145
10	6	2	4	1.61939
18	10	4	5	1.43945
19	11	5	0	1.54011
1	1	0	1	1.17955
4	3	1	1	1.62954
3	3	1	1	0
3	3	1	1	0
6	4	1	3	1.727
15	8	3	5	1.63578
20	11	5	0	1.72086
1	1	0	1	1.47666
4	3	1	1	1.93318
6	4	1	3	1.70886
15	8	3	5	1.61163
20	11	5	0	1.72328
2	2	0	2	1.48308
8	5	2	2	0.451363
7	5	2	2	0.263325
11	6	2	4	1.60327
17	9	4	3	1.80538
14	7	3	2	1.72448
10	6	2	4	1.60746
18	10	4	5	1.61281
19	11	5	0	1.87442
1	1	0	1	1.16089
4	3	1	1	1.62614
3	3	1	1	0
3	3	1	1	0
6	4	1	3	1.72704
13	7	3	2	1.63747
10	6	2	4	1.61113
17	9	4	3	1.42894
16	8	3	5	1.48434
20	11	5	0	1.7183
2	2	0	2	1.80037
12	6	2	4	1.72176
17	9	4	3	1.38081
16	8	3	5	1.48858
20	11	5	0	1.71438
1	1	0	1	1.80112
4	3	1	1	1.52621
3	3	1	1	0
6	4	1	3	1.72437
13	7	3	2	1.63739
10	6	2	4	1.61109
17	9	4	3	1.42883
16	8	3	5	1.48441
20	11	5	0	1.71829
1	1	0	1	1.80101
4	3	1	1	1.51123
6	4	1	3	1.70694
13	7	3	2	1.61865
10	6	2	4	1.62399
18	10	4	5	1.44291
19	11	5	0	1.53965
2	2	0	2	1.3227
12	6	2	4	1.84994
18	10	4	5	1.40201
19	11	5	0	1.30424
2	2	0	2	1.25945
12	6	2	4	1.82089
17	9	4	3	1.41429
16	8	3	5	1.49055
20	11	5	0	1.71418
2	2	0	2	1.80156
8	5	2	2	0.461335
7	5	2	2	0
7	5	2	2	0
11	6	2	4	1.57502
18	10	4	5	1.85412
19	11	5	0	1.53702
1	1	0	1	0.872222
5	4	1	3	1.79731
13	7	3	2	1.58092
10	6	2	4	1.59866
17	9	4	3	1.41034
16	8	3	5	1.49219
20	11	5	0	1.71798
2	2	0	2	1.80132
8	5	2	2	0.462123
7	5	2	2	0
11	6	2	4	1.59366
18	10	4	5	1.81565
19	11	5	0	1.53209
2	2	0	2	1.23435
8	5	2	2	0.380295
11	6	2	4	1.88646
18	10	4	5	1.37429
19	11	5	0	1.412
2	2	0	2	1.26104
8	5	2	2	0.349819
11	6	2	4	1.6217
18	10	4	5	1.36759
19	11	5	0	1.41
2	2	0	2	1.25844
8	5	2	2	0.350162
11	6	2	4	1.62164
18	10	4	5	1.36744
19	11	5	0	1.41
2	2	0	2	1.25842
12	6	2	4	1.81799
17	9	4	3	1.41599
14	7	3	2	1.49293
10	6	2	4	1.60311
18	10	4	5	1.58184
19	11	5	0	1.87495
1	1	0	1	1.16096
5	4	1	3	1.56315
15	8	3	5	1.5788
20	11	5	0	1.71759
1	1	0	1	1.46503
5	4	1	3	0.937421
15	8	3	5	1.63376
20	11	5	0	1.7174
1	1	0	1	1.46612
4	3	1	1	2.19833
6	4	1	3	1.70828
13	7	3	2	1.61844
9	5	2	2	1.62144
7	5	2	2	1.23386
7	5	2	2	0.312308
11	6	2	4	1.56966
18	10	4	5	1.8546
19	11	5	0	1.536
2	2	0	2	1.2431
8	5	2	2	0.391665
11	6	2	4	1.89452
18	10	4	5	1.37463
19	11	5	0	1.41245
2	2	0	2	1.26151
8	5	2	2	0.349972
7	5	2	2	0
11	6	2	4	1.59482
18	10	4	5	1.83967
19	11	5	0	1.52874
2	2	0	2	1.23944
12	6	2	4	1.83878
18	10	4	5	1.41037
19	11	5	0	1.30342
2	2	0	2	1.25779
12	6	2	4	1.82065
18	10	4	5	1.41468
19	11	5	0	1.30502
2	2	0	2	1.25737
8	5	2	2	0.352832
7	5	2	2	0
11	6	2	4	1.59632
18	10	4	5	1.82752
19	11	5	0	1.52942
2	2	0	2	1.24016
12	6	2	4	1.83896
17	9	4	3	1.41006
16	8	3	5	1.48866
20	11	5	0	1.7143
2	2	0	2	1.80122
8	5	2	2	0.46142
11	6	2	4	1.61521
17	9	4	3	1.39527
14	7	3	2	1.49036
9	5	2	2	1.54436
7	5	2	2	0.427224
11	6	2	4	1.95124
17	9	4	3	1.83607
14	7	3	2	1.71273
9	5	2	2	1.54142
11	6	2	4	2.20955
18	10	4	5	1.86792
19	11	5	0	1.4993
1	1	0	1	1.13
5	4	1	3	1.547
13	7	3	2	1.57931
10	6	2	4	1.59844
17	9	4	3	1.40928
16	8	3	5	1.49271
20	11	5	0	1.71796
1	1	0	1	1.802
4	3	1	1	1.51167
3	3	1	1	0
3	3	1	1	0
6	4	1	3	1.72709
13	7	3	2	1.63765
9	5	2	2	1.60962
11	6	2	4	1.77851
17	9	4	3	1.7108
14	7	3	2	1.52072
10	6	2	4	1.59775
18	10	4	5	1.5977
19	11	5	0	1.87821
1	1	0	1	1.15955
4	3	1	1	1.62647
3	3	1	1	0
3	3	1	1	0
3	3	1	1	0
3	3	1	1	0
3	3	1	1	0
3	3	1	1	0
3	3	1	1	0
6	4	1	3	1.72715
13	7	3	2	1.63767
9	5	2	2	1.6096
11	6	2	4	1.77861
17	9	4	3	1.71079
14	7	3	2	1.52072
9	5	2	2	1.55127
7	5	2	2	0.775455
11	6	2	4	1.9308
17	9	4	3	1.82257
16	8	3	5	1.70115
20	11	5	0	1.71441
1	1	0	1	1.79694
4	3	1	1	1.50938
6	4	1	3	1.707
15	8	3	5	1.61196
20	11	5	0	1.7229
2	2	0	2	1.48155
12	6	2	4	1.8497
18	10	4	5	1.39333
19	11	5	0	1.30523
2	2	0	2	1.26547
8	5	2	2	0.35435
7	5	2	2	0
11	6	2	4	1.59644
17	9	4	3	1.8271
14	7	3	2	1.71999
10	6	2	4	1.6078
18	10	4	5	1.61808
19	11	5	0	1.87596
1	1	0	1	1.16111
4	3	1	1	1.62732
3	3	1	1	0
3	3	1	1	0
6	4	1	3	1.72704
13	7	3	2	1.63747
9	5	2	2	1.60977
7	5	2	2	1.26058
7	5	2	2	0.310525
7	5	2	2	0
11	6	2	4	1.824
17	9	4	3	1.85468
16	8	3	5	1.78996
20	11	5	0	1.70967
2	2	0	2	1.78689
8	5	2	2	0.465415
11	6	2	4	1.61691
18	10	4	5	1.40389
19	11	5	0	1.42755
2	2	0	2	1.26401
8	5	2	2	0.355221
7	5	2	2	0
7	5	2	2	0
7	5	2	2	0
7	5	2	2	0
11	6	2	4	1.56832
17	9	4	3	1.85475
16	8	3	5	1.79382
20	11	5	0	1.70945
1	1	0	1	1.78694
4	3	1	1	1.77403
6	4	1	3	1.70715
15	8	3	5	1.61357
20	11	5	0	1.7228
2	2	0	2	1.47808
8	5	2	2	0.453486
7	5	2	2	0.250383
7	5	2	2	0
7	5	2	2	0
7	5	2	2	0
7	5	2	2	0
11	6	2	4	1.56645
17	9	4	3	1.85485
14	7	3	2	1.79574
9	5	2	2	1.53339
11	6	2	4	1.93405
17	9	4	3	1.87669
16	8	3	5	1.48067
20	11	5	0	1.70738
1	1	0	1	1.79125
4	3	1	1	1.77414
6	4	1	3	1.70704
13	7	3	2	1.61854
9	5	2	2	1.61967
11	6	2	4	1.77134
17	9	4	3	1.71102
14	7	3	2	1.52129
9	5	2	2	1.55128
7	5	2	2	0.773966
7	5	2	2	0.383987
11	6	2	4	1.5535
17	9	4	3	1.85437
14	7	3	2	1.72514
10	6	2	4	1.60583
18	10	4	5	1.61333
19	11	5	0	1.87039
2	2	0	2	1.31545
12	6	2	4	1.86713
17	9	4	3	1.40533
14	7	3	2	1.48659
10	6	2	4	1.6029
17	9	4	3	1.25425
16	8	3	5	1.54029
20	11	5	0	1.71456
1	1	0	1	1.80862
5	4	1	3	0.807433
15	8	3	5	1.62936
20	11	5	0	1.71899
1	1	0	1	1.46688
4	3	1	1	2.18934
3	3	1	1	0
6	4	1	3	1.72443
13	7	3	2	1.63729
10	6	2	4	1.61118
17	9	4	3	1.42885
16	8	3	5	1.48439
20	11	5	0	1.71829
2	2	0	2	1.80038
12	6	2	4	1.7218
17	9	4	3	1.38081
16	8	3	5	1.48858
20	11	5	0	1.71438
2	2	0	2	1.80054
12	6	2	4	1.46804
17	9	4	3	1.37916
16	8	3	5	1.4881
20	11	5	0	1.7144
2	2	0	2	1.80045
12	6	2	4	1.46807
17	9	4	3	1.37914
16	8	3	5	1.4881
20	11	5	0	1.7144
1	1	0	1	1.80103
4	3	1	1	1.52616
6	4	1	3	1.70648
13	7	3	2	1.61842
9	5	2	2	1.61977
11	6	2	4	1.77142
17	9	4	3	1.71102
14	7	3	2	1.52129
10	6	2	4	1.59776
17	9	4	3	1.51717
14	7	3	2	1.54207
10	6	2	4	1.5907
18	10	4	5	1.32023
19	11	5	0	1.87835
1	1	0	1	1.16067
5	4	1	3	1.57044
13	7	3	2	1.58266
9	5	2	2	1.59899
7	5	2	2	1.12115
11	6	2	4	1.86277
18	10	4	5	1.84826
19	11	5	0	1.54047
2	2	0	2	0.970144
8	5	2	2	0.376477
7	5	2	2	0.28551
7	5	2	2	0
11	6	2	4	1.5813
17	9	4	3	1.85393
14	7	3	2	1.78098
10	6	2	4	1.60685
18	10	4	5	1.61088
19	11	5	0	1.87199
1	1	0	1	1.16016
4	3	1	1	1.62619
6	4	1	3	1.68172
15	8	3	5	1.62373
20	11	5	0	1.72212
1	1	0	1	1.47669
4	3	1	1	1.93223
3	3	1	1	0
3	3	1	1	0
6	4	1	3	1.72708
15	8	3	5	1.63598
20	11	5	0	1.72084
1	1	0	1	1.47663
4	3	1	1	1.93317
6	4	1	3	1.70886
13	7	3	2	1.61826
9	5	2	2	1.62146
7	5	2	2	1.23245
11	6	2	4	1.88206
18	10	4	5	1.84753
19	11	5	0	1.54082
1	1	0	1	0.868524
5	4	1	3	1.79303
13	7	3	2	1.58011
9	5	2	2	1.59817
11	6	2	4	1.86482
17	9	4	3	1.71062
14	7	3	2	1.51471
10	6	2	4	1.59833
17	9	4	3	1.51448
16	8	3	5	1.54175
20	11	5	0	1.71426
1	1	0	1	1.80887
5	4	1	3	0.807277
15	8	3	5	1.62941
20	11	5	0	1.71899
1	1	0	1	1.46687
4	3	1	1	2.18937
3	3	1	1	0
6	4	1	3	1.72443
13	7	3	2	1.63729
9	5	2	2	1.60982
7	5	2	2	1.25865
7	5	2	2	0.310223
11	6	2	4	1.56954
17	9	4	3	1.8546
16	8	3	5	1.80074
20	11	5	0	1.70905
2	2	0	2	1.78473
12	6	2	4	1.75004
18	10	4	5	1.38449
19	11	5	0	1.304
2	2	0	2	1.26797
12	6	2	4	1.8208
18	10	4	5	1.41463
19	11	5	0	1.30504
1	1	0	1	1.08847
4	3	1	1	1.62695
3	3	1	1	0
3	3	1	1	0
3	3	1	1	0
6	4	1	3	1.72714
15	8	3	5	1.63596
20	11	5	0	1.72085
1	1	0	1	1.47665
4	3	1	1	1.9332
3	3	1	1	0
3	3	1	1	0
6	4	1	3	1.72708
13	7	3	2	1.63766
10	6	2	4	1.61095
18	10	4	5	1.43848
19	11	5	0	1.53927
2	2	0	2	1.3226
12	6	2	4	1.85002
18	10	4	5	1.40203
19	11	5	0	1.30424
1	1	0	1	1.09318
5	4	1	3	1.56202
13	7	3	2	1.57099
9	5	2	2	1.59519
11	6	2	4	2.13781
18	10	4	5	1.71332
19	11	5	0	1.51281
2	2	0	2	0.990682
8	5	2	2	0.390108
11	6	2	4	1.89961
17	9	4	3	1.62119
16	8	3	5	1.49739
20	11	5	0	1.71065
2	2	0	2	1.80251
12	6	2	4	1.76228
18	10	4	5	1.38613
19	11	5	0	1.30414
1	1	0	1	1.10281
5	4	1	3	1.56251
15	8	3	5	1.5695
20	11	5	0	1.71667
2	2	0	2	1.46393
12	6	2	4	1.85785
18	10	4	5	1.39468
19	11	5	0	1.30511
1	1	0	1	1.09777
5	4	1	3	1.5619
13	7	3	2	1.5711
10	6	2	4	1.59551
18	10	4	5	1.42271
19	11	5	0	1.53271
1	1	0	1	1.17104
5	4	1	3	1.58152
13	7	3	2	1.58335
9	5	2	2	1.5992
7	5	2	2	1.1187
11	6	2	4	1.86271
18	10	4	5	1.84836
19	11	5	0	1.54045
1	1	0	1	0.868889
4	3	1	1	1.87496
3	3	1	1	0
6	4	1	3	1.72495
13	7	3	2	1.6327
9	5	2	2	1.61805
7	5	2	2	1.25321
7	5	2	2	0.311841
11	6	2	4	1.56953
18	10	4	5	1.8546
19	11	5	0	1.53597
2	2	0	2	1.24313
12	6	2	4	1.84588
17	9	4	3	1.41238
16	8	3	5	1.4883
20	11	5	0	1.71433
2	2	0	2	1.80115
8	5	2	2	0.46144
7	5	2	2	0
7	5	2	2	0
7	5	2	2	0
7	5	2	2	0
11	6	2	4	1.56906
18	10	4	5	1.85467
19	11	5	0	1.53728
1	1	0	1	1.13461
4	3	1	1	1.61898
6	4	1	3	1.67878
15	8	3	5	1.62596
20	11	5	0	1.72195
2	2	0	2	1.47644
12	6	2	4	1.85005
18	10	4	5	1.39326
19	11	5	0	1.3052
2	2	0	2	1.26542
8	5	2	2	0.354316
11	6	2	4	1.60907
18	10	4	5	1.3613
19	11	5	0	1.40993
2	2	0	2	1.25873
8	5	2	2	0.349443
11	6	2	4	1.62162
17	9	4	3	1.36465
14	7	3	2	1.49948
10	6	2	4	1.60833
17	9	4	3	1.52892
16	8	3	5	1.54153
20	11	5	0	1.71403
1	1	0	1	1.80882
4	3	1	1	1.51276
6	4	1	3	1.70677
15	8	3	5	1.61134
20	11	5	0	1.72294
2	2	0	2	1.4822
8	5	2	2	0.453409
11	6	2	4	1.85117
17	9	4	3	1.64844
16	8	3	5	1.48595
20	11	5	0	1.71129
2	2	0	2	1.80062
12	6	2	4	1.76026
17	9	4	3	1.38482
16	8	3	5	1.48823
20	11	5	0	1.71439
2	2	0	2	1.80059
8	5	2	2	0.741674
7	5	2	2	0
11	6	2	4	1.59425
17	9	4	3	1.81302
16	8	3	5	1.72724
20	11	5	0	1.71134
1	1	0	1	1.79493
4	3	1	1	1.76499
6	4	1	3	1.70699
13	7	3	2	1.61836
10	6	2	4	1.62179
17	9	4	3	1.43404
16	8	3	5	1.48098
20	11	5	0	1.71846
1	1	0	1	1.80067
5	4	1	3	0.804001
15	8	3	5	1.63047
20	11	5	0	1.71901
2	2	0	2	1.46687
12	6	2	4	1.85215
18	10	4	5	1.39423
19	11	5	0	1.30514
1	1	0	1	1.09838
4	3	1	1	1.62685
3	3	1	1	0
6	4	1	3	1.72486
13	7	3	2	1.633
10	6	2	4	1.61972
17	9	4	3	1.43099
14	7	3	2	1.48357
10	6	2	4	1.59751
18	10	4	5	1.32556
19	11	5	0	1.86941
2	2	0	2	1.31562
12	6	2	4	1.86756
18	10	4	5	1.40545
19	11	5	0	1.30448
1	1	0	1	1.09183
5	4	1	3	1.5619
15	8	3	5	1.5697
20	11	5	0	1.71668
2	2	0	2	1.46394
8	5	2	2	0.450793
11	6	2	4	1.60093
18	10	4	5	1.65601
19	11	5	0	1.41424
2	2	0	2	1.26642
8	5	2	2	0.352241
11	6	2	4	1.6219
17	9	4	3	1.36524
16	8	3	5	1.49546
20	11	5	0	1.7107
2	2	0	2	1.8034
8	5	2	2	0.461282
11	6	2	4	1.61621
18	10	4	5	1.4025
19	11	5	0	1.42405
2	2	0	2	1.26396
12	6	2	4	1.82138
18	10	4	5	1.41597
19	11	5	0	1.55974
1	1	0	1	1.08827
5	4	1	3	1.56261
13	7	3	2	1.57054
10	6	2	4	1.59543
18	10	4	5	1.42263
19	11	5	0	1.53268
1	1	0	1	1.17101
4	3	1	1	1.63057
3	3	1	1	0
6	4	1	3	1.72509
13	7	3	2	1.63312
9	5	2	2	1.61788
7	5	2	2	1.25377
7	5	2	2	0.311747
11	6	2	4	1.56953
17	9	4	3	1.8546
16	8	3	5	1.80067
20	11	5	0	1.70904
1	1	0	1	1.78544
5	4	1	3	0.513327
15	8	3	5	1.62862
20	11	5	0	1.71892
1	1	0	1	1.46678
4	3	1	1	2.19048
6	4	1	3	1.70837
13	7	3	2	1.61841
9	5	2	2	1.62145
7	5	2	2	1.23365
7	5	2	2	0.312297
7	5	2	2	0
7	5	2	2	0.251816
11	6	2	4	1.56488
18	10	4	5	1.85486
19	11	5	0	1.53674
2	2	0	2	1.2433
8	5	2	2	0.391597
11	6	2	4	1.89421
18	10	4	5	1.37462
19	11	5	0	1.41243
2	2	0	2	1.26149
12	6	2	4	1.81785
17	9	4	3	1.41594
16	8	3	5	1.49295
20	11	5	0	1.71404
2	2	0	2	1.80184
12	6	2	4	1.75523
17	9	4	3	1.38428
16	8	3	5	1.48806
20	11	5	0	1.7144
2	2	0	2	1.80055
8	5	2	2	0.741781
7	5	2	2	0
7	5	2	2	0
7	5	2	2	0
7	5	2	2	0
11	6	2	4	1.569
17	9	4	3	1.85467
14	7	3	2	1.79275
10	6	2	4	1.60665
17	9	4	3	1.54006
14	7	3	2	1.53683
10	6	2	4	1.59093
18	10	4	5	1.3212
19	11	5	0	1.87731
2	2	0	2	1.31613
8	5	2	2	0.437726
11	6	2	4	1.60564
18	10	4	5	1.63136
19	11	5	0	1.41496
2	2	0	2	1.26349
12	6	2	4	1.81871
18	10	4	5	1.41632
19	11	5	0	1.55988
2	2	0	2	1.25762
8	5	2	2	0.352192
11	6	2	4	1.60933
17	9	4	3	1.3637
14	7	3	2	1.50682
9	5	2	2	1.54716
7	5	2	2	0.415202
7	5	2	2	0.390615
7	5	2	2	0
7	5	2	2	0.300311
7	5	2	2	0
7	5	2	2	0
7	5	2	2	0
11	6	2	4	1.56771
17	9	4	3	1.85481
16	8	3	5	1.79521
20	11	5	0	1.7094
2	2	0	2	1.78594
8	5	2	2	0.466016
11	6	2	4	1.61702
18	10	4	5	1.40396
19	11	5	0	1.42759
1	1	0	1	1.10144
4	3	1	1	1.62573
6	4	1	3	1.67465
15	8	3	5	1.62803
20	11	5	0	1.72183
