1.5577
0
0
0.306557
0.607025
0.363522
0.400014
1.58362
1.74373
1.52167
1.51144
1.26707
1.83719
1.54043
1.52496
2.03227
1.51663
0.416281
0.412025
1.47105
0
1.66484
1.62969
1.45284
1.62781
1.66511
1.97992
1.51998
2.15384
1.57905
1.38869
1.62122
1.65208
1.98158
1.51856
1.59517
1.27008
1.7829
1.5396
1.52561
1.99532
1.53531
0.492889
2.03405
1.95885
1.52009
1.72164
1.48589
1.65259
1.61161
1.40475
1.62185
1.51242
1.59561
1.2608
0.484339
1.6725
1.63096
1.45059
1.62982
1.49107
1.9885
1.5999
0
0
0.337173
0.34604
0.380381
0.368369
1.58839
1.47905
1.52165
1.51138
1.52562
1.99416
1.53587
0.491252
2.0299
1.82214
1.54601
1.29217
0.46816
1.67454
1.63073
0.818151
0.398046
0.551206
1.88036
2.03512
1.52309
0.501297
2.03631
1.94906
1.5166
0.459481
0.373946
0
1.79273
1.47251
1.53742
1.51067
1.25662
0.481061
1.67431
1.63104
0.813929
0.397346
0.558307
1.80199
1.55209
1.5144
1.26063
0.480781
1.67437
1.6309
1.45012
1.62991
1.66478
1.4968
0
1.49336
1.57983
2.13545
1.50844
0.502479
2.03113
0.525724
1.68549
1.63166
1.42726
1.63661
1.66619
1.97647
2.00484
1.51943
2.15405
1.58462
0
1.03639
1.58378
1.9924
1.51978
1.75424
1.64524
1.48665
0
1.50845
1.58677
2.14769
1.50906
1.69423
1.48759
1.66176
1.61748
1.4379
1.47655
0
0
1.35385
1.84678
1.98282
1.51204
0.499503
2.02459
1.97678
1.52077
1.71009
1.64196
1.48163
1.62393
1.60542
1.45475
1.89764
1.96102
1.51283
0.500466
2.0328
1.95691
1.51967
0.494945
2.03029
1.9821
1.52746
1.71937
1.64213
1.48204
1.6239
1.60472
1.38885
1.45544
1.62915
1.61158
0
0
0.311154
0.588706
1.71102
1.47041
1.52152
1.51147
1.52569
1.99417
1.53591
0.427121
0.410957
1.82645
2.03261
1.52208
1.75019
1.50954
1.56757
1.40195
0.473591
1.67445
1.63076
1.45244
1.45253
1.65587
1.61009
1.40271
1.4433
1.6293
1.6052
0
0
0.312373
1.33197
1.48109
0
1.66511
1.62964
1.45439
1.44858
1.65613
1.61775
1.40444
1.47985
1.57111
1.54822
2.00518
1.51981
1.69571
1.64956
1.48862
0
0
1.3383
1.86504
1.99859
1.51249
0.341846
0.348929
0
0.395985
0.344065
0.422168
0.318199
1.71663
1.57857
1.95022
1.51263
1.76752
1.63923
1.48286
1.62376
1.60513
0
1.04367
1.5747
1.98263
1.51744
0.496742
2.0381
1.94899
1.51795
1.72499
1.48569
1.65271
1.61168
1.13599
2.02547
1.9473
1.5135
1.73934
1.64027
1.4826
1.62357
1.60431
1.38937
1.45536
1.62917
1.61134
1.35195
1.61933
1.51886
2.14265
1.58028
1.39084
1.45802
1.63083
1.61187
1.3599
1.61987
1.65445
1.97633
1.51843
0
0
0
0.465778
1.65576
1.72826
1.5225
1.52371
1.287
1.84331
0
1.37601
1.57438
1.92424
1.50074
0.490897
2.02469
1.95889
1.52418
1.71595
1.6418
1.48569
0
0
1.33781
1.86
1.99801
1.51234
0.497048
2.02611
0.527739
1.6858
1.63171
0.987834
0.430818
1.54692
2.03805
1.5334
0.259855
0
0
1.69927
1.48108
1.5212
1.51151
1.52567
1.99416
1.5359
1.73024
1.48734
1.65647
1.61739
1.4263
1.47741
1.56519
1.5462
2.00481
1.51985
0.419548
0.329603
0
0.389715
1.66808
1.57725
1.94596
1.51267
0.493339
2.0201
1.97901
1.52353
1.70951
1.64185
1.66707
1.4993
1.9995
1.59621
1.3774
1.62015
1.65188
1.50243
1.59283
1.55648
2.00509
1.51666
1.41638
1.49236
1.66263
1.61731
0.412064
0.358089
0.762114
1.75736
1.54328
0
1.35301
1.24232
0
1.66425
1.62988
0.747354
0.412025
1.43709
0.361155
1.66407
1.63047
1.44984
1.62692
1.66487
1.97995
1.51994
2.15391
1.58456
1.10605
1.76644
1.9325
1.54218
1.28882
1.86129
1.54051
1.52466
2.02912
1.51766
1.72792
1.50128
1.56887
1.55219
2.02512
1.51147
1.71241
1.64632
1.47727
1.6253
1.60535
1.36921
1.61924
1.65501
1.98078
2.00872
1.51898
1.59514
1.55594
2.00247
1.51721
1.68999
1.65202
1.66598
1.50373
0
1.49459
0.905346
1.52078
1.52068
1.30753
0.479522
1.67444
1.63101
0.903024
2.02315
1.80397
0
1.37364
1.5862
2.00985
1.50632
1.75448
1.48182
1.65188
1.60908
1.42355
2.01827
1.95087
1.51348
0.407528
0.411742
1.82744
2.03234
1.5238
1.7381
1.63916
1.48397
1.62343
1.60496
1.45035
1.8944
1.96088
1.51284
0.500466
2.03281
1.95691
1.51966
1.71329
1.6417
1.66735
1.64783
1.51589
2.11537
1.58193
1.09588
1.78079
1.96459
1.51014
0.496245
2.03384
1.80794
0
0
0
0.483133
0.322969
1.84434
1.45978
0
1.66453
1.63079
1.45435
1.44999
1.65617
1.6116
1.39072
1.6202
1.66166
1.98049
2.00556
1.51895
1.59513
1.55594
2.00247
1.51721
1.68999
1.65202
1.66615
1.65625
2.01055
1.52119
1.58919
1.5555
2.00231
1.51682
0.508161
2.03354
1.96204
1.51258
0.430142
0.346302
1.14392
1.88597
2.01791
1.5216
1.74521
1.63968
1.48341
1.62371
1.60443
1.38933
1.48218
1.57417
1.54942
2.00517
1.51957
0.418971
0.401729
1.4714
1.53355
1.51525
1.25758
1.83265
0
1.37625
1.40228
0
1.66432
1.62981
0.845925
2.0337
1.81247
0
1.37254
1.4489
0
1.66617
1.62944
0.855454
2.03396
1.81211
1.54497
1.2475
0.468239
1.67449
1.63058
1.44996
1.63018
1.66567
1.97908
1.52009
0
0
0
1.90029
1.47048
1.52202
0
0
1.24228
1.87037
0
1.66852
1.63033
1.45243
1.62966
1.49132
1.99129
1.59818
1.39171
1.4829
1.57241
1.54893
2.00507
1.51963
0.419551
0.328486
0
1.75422
1.57062
1.9451
1.51402
1.76811
1.63928
1.48292
1.62375
1.6044
1.37274
1.61936
1.65264
1.50158
2.0531
1.59607
0
0
1.76481
1.5768
1.97814
1.51636
0.495904
2.02655
1.98233
1.51941
1.71036
1.64171
1.66734
1.64932
2.00913
2.00138
1.5197
2.15379
1.57922
1.38892
1.62121
1.65215
1.9849
2.01281
2.00712
1.51929
2.15871
1.58463
1.09992
1.76579
0.448383
1.6723
1.63271
0.889626
2.02515
1.987
1.5404
1.70928
1.64262
1.48307
1.62376
1.60543
0
0
0.338361
1.63806
1.57436
1.94214
1.51345
1.76659
1.63905
1.6694
1.49697
1.99572
1.59633
1.37727
1.62014
1.65398
1.9804
1.51855
2.16178
1.58456
0
0
1.76053
1.48633
1.54334
1.50959
1.25459
1.82747
0
0
0
1.89059
1.57567
1.94656
1.51108
0.496008
2.02523
1.8113
1.54622
1.54795
1.99432
1.52271
1.70046
1.5008
1.57715
1.45433
0.465883
1.67423
1.6306
1.4501
1.63003
1.66564
1.9791
1.52008
1.59497
1.55584
2.00244
1.51674
0.361252
0.641566
1.58401
2.03382
1.52013
1.74519
1.63762
1.66372
1.50284
1.59822
1.3093
0.482531
1.67248
1.63094
1.45266
1.48516
0
1.53892
1.43363
1.5385
1.51018
1.25971
0.480884
1.67434
1.63091
1.45013
1.63024
1.49205
1.58735
1.30087
1.7864
0
1.37472
1.3746
0
1.66426
1.62982
0.749316
0.386309
0.274353
1.77197
1.47504
0
1.66538
1.62975
0.842512
2.03346
0.527803
1.68595
1.63132
1.42979
1.6375
1.66563
1.49861
1.9933
1.59779
1.38835
1.45645
1.62935
1.60555
1.37894
1.45502
1.62884
1.61163
0
0
0.311076
0.588841
1.71123
1.47037
0
1.66462
1.63092
0.860024
2.03546
1.9865
1.53683
1.71602
1.64226
1.66716
1.49914
1.99277
1.59695
1.38835
1.48366
0
0
0
1.86714
1.46606
1.52184
1.51137
1.26681
1.83696
0
1.37611
1.40271
1.52015
0
1.34132
1.5624
1.92982
1.50101
1.72678
1.50112
0
1.53931
1.4459
0
1.66556
1.62959
1.45261
1.62811
1.66522
1.98246
2.01162
2.0037
1.51925
2.15872
1.58462
0
0
1.76077
1.57767
1.98473
1.51662
1.76029
1.64524
1.48661
0
1.50847
1.0189
0
1.66377
1.63001
0.741156
0.411858
1.43759
1.87417
0
0
1.24746
1.94864
2.01993
1.51152
0.332171
0.34496
0
0.396256
0.344115
1.80389
1.57512
1.94622
1.51326
1.77412
1.4868
1.654
1.61727
1.4119
1.4794
1.56818
1.41186
1.87242
0
1.37354
1.57844
1.92444
1.50068
1.72821
1.48669
1.6598
1.61768
1.41855
1.61686
1.66139
1.49506
1.99537
1.59853
1.37628
1.61998
1.51132
2.11914
1.58561
1.09103
1.76807
1.93226
0
0
0
1.90143
1.56648
1.94856
1.51144
0.34556
0.351199
0
1.77562
1.47342
1.53443
1.51093
1.5244
1.99404
1.53607
1.73042
1.50059
1.57365
1.46102
1.90732
0
1.37308
1.40603
0
1.66434
1.62966
1.45445
1.48503
1.56367
1.54285
2.00202
1.52045
0.410165
0.399766
1.57872
2.03429
1.52159
1.74423
1.64454
1.48689
0
1.50832
1.01549
1.52184
0
1.34101
1.56334
1.92934
1.50091
0.490345
2.0248
1.95771
1.52456
0.491804
2.03051
1.80347
1.54588
1.54795
1.99439
1.52235
1.6979
1.48806
1.66016
1.61768
0.276755
0.316684
0.853
1.49934
1.54205
1.50912
1.5228
1.9939
1.536
1.72785
1.64834
1.4774
1.62544
1.60578
1.38583
1.45552
1.62912
1.61137
1.37889
1.4552
1.62882
1.61165
0
0
0.311046
1.33217
1.48107
0
1.66511
1.62979
0.840507
2.03424
1.81316
1.54503
1.24986
1.91151
0
0
1.26947
1.86405
1.54165
0
1.3553
1.55998
1.93045
1.50028
1.71829
1.64704
1.47689
1.62527
1.60608
0
1.04358
1.5744
1.98284
1.51756
0.496629
2.03808
1.94887
1.51793
1.71808
1.64185
1.48144
1.62395
1.60542
0
0
1.76512
1.47298
0
1.66563
1.62957
1.45412
1.45008
1.65612
1.6178
1.42265
1.99457
0.500996
1.68086
1.63161
1.44173
1.63955
1.6663
1.97887
2.00605
1.51936
1.59495
1.26593
1.7823
0
1.37519
1.57746
1.92487
1.50046
1.72748
1.50103
0
0
0
0.462388
0.338955
1.833
1.45548
1.52165
0
0
1.24227
1.94992
2.02297
1.51231
1.76598
1.64292
1.48204
1.58511
1.55388
2.00523
1.51722
1.41088
1.65139
1.66599
1.50298
2.02781
1.59257
1.38876
1.45638
1.62946
1.6054
1.37899
1.45494
1.62884
1.61138
1.35114
1.61928
1.51884
2.14264
1.58545
1.1011
1.76697
0.448169
1.67232
1.6327
0.801913
0.416727
1.43347
1.88054
1.52782
1.53036
1.99456
1.53663
0.496525
2.02962
1.82521
1.546
1.29666
0.468155
1.67454
1.63074
0.818116
0.417368
1.56003
2.04
1.5306
0.516341
2.01896
0.516797
1.68209
1.6318
0.944956
0.420796
0.278862
1.81324
0
1.66619
1.62958
0.748253
0.38571
0.642947
1.79796
1.55058
1.50885
1.26083
1.82945
1.54044
1.52505
2.03308
1.51654
1.72001
1.64567
1.47822
1.62492
1.6051
1.36941
1.61927
1.655
1.97741
1.51843
2.16192
1.57903
1.39063
1.45819
1.64104
1.61197
1.36027
1.62004
1.5188
2.14201
1.58034
1.38836
1.62118
1.65
1.50384
0
0
1.33914
1.86658
1.9919
1.51042
0.350818
0.419042
1.71625
1.53062
0
0
0
0.471468
1.63202
1.75524
1.52243
0
0
1.27485
1.87234
0
1.66856
1.63046
0.786454
0.393189
0.591524
1.87615
2.03363
1.52261
0.297203
0.315554
0
1.8149
1.46831
0
1.66513
1.62981
0.840389
2.03402
1.81304
0
0
0
1.90627
1.56943
1.95181
1.51162
0.496226
2.02749
1.9756
1.51996
1.71769
1.48573
1.6526
1.61167
0
0.688412
1.49626
0
1.66396
1.6301
0.725752
0.411453
1.56276
2.03917
1.52928
1.72446
1.63937
1.48787
1.58469
1.55373
2.00498
1.51732
1.41177
1.49234
1.66256
1.6172
1.43674
1.47642
1.55981
1.41114
0.473943
1.67406
1.63091
0.805456
0.39585
0.279799
1.76866
1.47509
1.53965
0
0
1.24127
1.87094
1.54204
0
1.35443
1.55479
1.93045
1.5003
1.71832
1.64692
1.66672
1.65313
2.01229
1.99986
1.51964
2.15371
1.58462
1.09927
1.79966
1.96253
1.51098
0.496451
2.03412
0.528677
1.686
1.63157
1.43567
1.48334
0
1.53233
1.41557
0
1.66525
1.62999
0.840523
2.03733
1.98565
1.5354
0.495419
2.03522
0.527165
1.68576
1.6316
1.43622
1.45364
1.65286
1.60858
1.46503
1.97417
0.491492
1.67976
1.63171
1.44721
1.45322
1.65467
1.60934
0
0
0.299412
0.335116
0.334382
0.385008
1.32995
1.57861
1.95478
1.51262
1.76725
1.63905
1.6694
1.49696
1.99569
1.59633
1.37726
1.62014
1.65188
1.50222
2.05596
1.59573
1.35705
1.78028
1.92887
1.5419
1.2886
1.86081
0
1.37649
1.40595
0
1.66433
1.62966
1.45445
1.44986
1.65608
1.61779
0
0.945917
1.50925
0
1.66428
1.63004
0.825363
2.03401
0.527517
1.68589
1.63134
1.42489
1.63715
1.49226
1.96437
1.60013
1.37631
1.61975
1.65226
1.50178
2.05383
1.59596
1.3611
1.78112
1.92864
0
0
1.24374
1.86831
1.54174
0
1.3549
1.29328
1.51698
0
1.34151
1.24476
1.52033
0
1.34155
1.24563
0
1.66435
1.6297
1.45445
1.44987
1.65609
1.6178
1.42298
1.99448
1.91493
0
0
1.28254
1.95381
2.01732
1.51104
1.77324
1.48243
1.65143
1.60888
1.40322
1.44235
1.62923
1.61265
1.38176
1.45435
1.62887
1.61162
0
0
1.69217
1.48092
1.54153
0
0
1.24119
1.95034
2.02402
1.51258
0.506663
2.0384
1.94903
1.51783
0.494504
2.02835
0.530401
1.68632
1.63159
1.06823
1.97952
1.93516
1.55072
0.487602
2.03278
1.79934
1.54578
1.53656
1.99435
1.52209
0.427299
0.34101
0
0.390021
1.66478
1.47252
0
1.6648
1.62977
0.742967
0.411791
1.56197
2.03915
1.52966
1.73048
1.50913
1.56809
1.54426
2.00333
1.52158
1.72037
1.64874
1.66678
1.65262
1.51195
1.59695
1.55525
2.00326
1.51695
1.68631
1.65191
1.66618
1.65618
2.01057
1.52118
0
0
0
1.90039
1.58122
1.95867
1.50913
0.363961
0.358571
1.15955
1.88058
2.01844
1.52122
1.75197
1.50927
1.56873
1.54411
2.00312
1.52164
1.7198
1.64886
1.49098
1.58477
1.30164
0.482631
1.67244
1.63095
1.45267
1.48516
1.56437
1.38683
0.477264
1.67407
1.63093
0.897365
2.02653
1.98754
1.54083
0.494745
2.03722
1.97675
1.5218
0.492165
2.03006
1.98204
1.52745
1.72877
1.50105
1.5759
1.54545
2.00319
1.52137
1.71451
1.50311
1.57597
1.45768
1.90305
1.54004
1.36401
0.473459
1.6746
1.63084
0.908008
2.02519
1.98752
1.5417
1.72324
1.48662
1.6496
1.61151
1.40771
1.62147
1.51254
0
0
1.3846
1.7293
0
1.66807
1.63056
1.45423
1.4514
1.656
1.61042
1.42763
1.99263
1.92264
1.54809
1.37943
0.473137
1.67445
1.63068
1.44997
1.63012
1.66566
1.98153
2.00761
1.51926
2.1542
1.58461
1.09983
1.7659
0.448369
1.6723
1.63271
0.889624
2.02251
1.8055
1.54481
1.27242
0.468154
1.67448
1.6307
0.81842
0.398118
0.281723
1.76699
1.47519
1.5398
0
0
1.24126
1.87095
1.54204
0
0
1.24223
1.95167
2.0237
1.51253
0.506619
2.03841
1.94902
1.51784
1.71799
1.64164
1.66699
1.49929
2.00142
1.59804
1.40974
1.81237
0.4366
1.672
1.63255
0.799749
0.416565
1.56085
2.04006
1.53027
0.263434
0.651613
1.49011
0
1.66572
1.62941
1.45425
1.48505
1.56376
1.38808
0.477226
1.67408
1.63093
0.80786
0.396289
0.280087
1.76847
1.57377
1.95797
1.51635
0.436832
0.353503
0
1.77835
1.57098
1.94665
1.51437
0.380293
0.417263
1.71308
1.52967
1.51958
1.25877
0.480584
1.67445
1.63089
1.45009
1.62993
1.66561
1.97963
1.52008
2.15364
1.57906
1.3907
1.48473
1.56954
1.41419
1.87674
0
1.37361
1.57859
1.92442
1.50065
0.490834
2.02375
1.79193
0
0
1.28207
1.8731
1.54189
0
1.35519
1.56008
1.9304
1.50028
1.72149
1.4864
1.65987
1.61768
1.42598
1.47725
0
0
1.35272
1.72234
1.52261
1.51056
1.26926
0.480201
1.67443
1.63089
1.45011
1.62992
1.66561
1.97963
1.52008
0
1.48934
1.90574
2.0832
1.49397
0.427146
0
1.34769
1.50197
0
1.66587
1.62945
1.4526
1.62863
1.49177
1.58731
1.29936
0.48293
1.67248
1.63108
0.900125
2.02425
1.80516
0
0
1.28178
1.87359
0
1.66782
1.63033
1.45239
1.62929
1.66547
1.98221
2.01116
2.00338
1.51926
0
0
1.38812
1.85294
1.9956
1.50698
0.348715
0.355938
1.17049
1.87983
2.01831
1.52106
0.50335
2.02567
1.84365
1.54596
1.54422
1.9952
1.52431
0.429383
0.341634
1.17572
1.8107
0
1.6661
1.62946
0.850344
2.03302
1.81189
0
1.37261
1.44896
0
1.66617
1.6293
1.45283
1.62912
1.49196
0
0
1.3351
1.87813
2.00203
1.51215
0.501693
2.02842
1.98211
1.51895
1.71044
1.64168
1.66734
1.64934
2.0068
1.52039
1.58936
1.55563
2.00235
1.5168
0.361008
0
0
0.349095
1.68126
1.57547
1.93747
1.51223
0.496308
2.01904
1.97947
1.52413
0.491503
2.02943
1.98212
1.5277
1.71912
1.64215
1.48205
1.6239
1.60472
1.38885
1.45544
1.62915
1.61135
1.3789
1.4816
0
0
1.35137
1.72834
0
1.66516
1.63062
1.45427
1.48499
0
1.53923
1.59638
1.96376
1.51074
1.77333
1.48334
1.65186
1.6092
1.40486
1.44141
1.62911
1.61284
1.50334
1.92556
0.480092
1.67774
1.63196
0.88269
0.420603
1.41143
1.91337
0
1.36405
1.56556
1.92473
1.5025
1.72499
1.48651
1.65981
1.61775
0
0.382971
1.4644
0.320815
1.66432
1.63043
0.725928
0.411825
1.56292
2.03923
1.5292
1.73159
1.49597
1.65201
1.61142
0
0.755323
1.5084
1.52481
1.51709
1.52554
1.99418
1.5362
1.72959
1.50056
1.57374
1.46088
1.90719
1.53982
1.52442
2.03094
1.51698
1.72246
1.6455
1.66655
1.65048
1.51364
2.1112
1.58196
0
1.03584
1.49482
0
1.66606
1.62953
1.45253
1.62864
1.49096
1.99431
1.59788
1.39196
1.48292
0
0
1.35137
1.72692
0
1.66515
1.63077
0.771672
0.413548
1.43538
1.87832
1.52769
1.26006
1.84303
1.54048
1.52484
2.03086
1.51702
1.72245
1.64552
1.66655
1.65048
1.51365
1.59672
1.55538
2.00311
1.51699
1.69265
1.49348
1.66276
1.61725
1.43316
1.6236
1.66219
1.4953
0
1.49278
0.923421
0
1.66366
1.63002
0.741374
0.411858
1.43757
1.87419
1.52737
1.2599
1.84268
0
1.37646
1.4041
1.52015
0
0
0
1.90682
1.46823
0
1.66448
1.63097
0.859133
2.03543
1.98644
1.53677
1.72928
1.50105
0
0
0
1.86416
1.57359
1.94084
1.51208
1.76589
1.63897
1.66988
1.64831
2.01026
2.00195
1.51966
2.15379
1.58462
1.09949
1.76589
1.93255
0
1.34382
1.57324
1.92496
1.50304
1.723
1.64714
1.47709
1.62526
1.60545
1.38617
1.45509
1.62914
1.61137
1.35187
1.61918
1.65446
1.97686
1.51839
0
1.48911
0.565648
0
1.66291
1.62999
1.45452
1.48453
0
1.53959
1.43544
1.53881
1.51014
1.25956
0.480891
1.67433
1.63104
0.813967
0.397353
0.280732
1.7679
1.5738
1.95816
1.51637
0.496736
2.02224
0.528993
1.68601
1.6316
1.43569
1.48334
1.56343
1.37917
1.85481
1.53976
1.35897
1.88447
1.54049
1.52426
2.01562
1.52613
1.73103
1.48916
1.65718
1.61749
0
0.379342
1.56873
2.02756
1.52543
1.7395
1.49558
1.65223
1.61147
0
0.741211
1.50677
0
1.66416
1.6299
1.45428
1.47875
1.54904
1.54177
2.00284
1.5207
1.69488
1.50304
1.57181
1.55486
1.99188
1.50242
0.432674
0.316467
1.19084
1.80783
0
1.66609
1.62933
1.4541
1.45086
1.65605
1.61773
1.40414
1.47987
1.57117
1.54824
2.00518
1.51981
1.6972
1.49136
1.6619
1.61713
0.565862
2.01955
1.9832
1.52561
1.73279
1.64053
1.6669
1.49901
1.99958
1.59627
1.37737
1.62025
1.51034
1.59628
1.2627
0.484284
1.6725
1.63095
1.45264
1.45245
1.65596
1.61021
1.42832
1.99214
1.92296
0
1.37322
1.43522
1.53065
0
1.34154
1.56246
1.92968
1.50003
1.71743
1.4864
1.65987
1.61775
0.835348
1.99678
0.516323
1.68207
1.63135
1.44274
1.45361
1.65372
1.60892
1.45685
1.97327
1.92564
1.54779
1.53659
2.02393
1.51436
0.407615
0.299167
1.21312
1.8642
2.01271
1.51985
1.74949
1.63946
1.66948
1.4976
1.59825
1.55522
2.00519
1.51687
1.41601
1.5029
0
0
0
1.84648
1.57105
1.93652
1.51226
0.380786
0.41824
1.8281
2.03292
1.52402
1.74437
1.50904
0
1.54078
1.43934
0
1.66546
1.62962
1.45266
1.62809
1.66521
1.98246
2.01163
2.00371
1.51925
1.59499
1.26605
0.484388
1.67251
1.63109
0.893382
2.02665
1.9875
1.54073
0.415299
0.412892
1.71348
0
1.66545
1.62992
1.45271
1.62778
1.66421
1.496
1.59309
1.32372
1.79061
1.53931
1.35603
0.476706
1.67412
1.63079
1.45228
1.48515
0
1.53961
1.43276
0
1.66544
1.62977
0.84457
2.03746
1.98595
1.5357
0.420086
0.352011
1.14991
1.8321
1.55576
0
1.35166
1.25352
0
1.66426
1.62973
1.45295
1.62847
1.49172
1.5873
1.55443
2.00417
1.51697
0.373059
0.262741
1.35792
1.57949
2.00446
1.51853
1.75898
1.49486
1.65309
1.61725
1.17743
2.02905
1.94824
1.51354
1.7452
1.49952
0
0
0
0.46313
0.33903
1.83173
1.57579
1.94677
1.51289
0.379398
0.417632
1.82826
2.03316
1.52391
1.74463
1.49526
1.65238
1.61149
1.24057
1.99605
0.507014
1.68129
1.63159
1.44086
1.6398
1.66561
1.49833
1.59823
1.55559
2.00533
1.51629
0.506238
2.02605
0.520283
1.68255
1.63182
1.0284
1.99396
1.94803
1.55041
0.491502
2.03522
1.98166
1.52684
1.71971
1.64216
1.4857
1.58461
1.55376
2.0052
1.51679
0.378694
0.272641
0
0.379227
0.351617
0.400449
1.58412
1.47703
1.52173
1.51132
1.52562
1.99417
1.53587
0.491249
2.03407
1.95847
1.52029
0.449403
0.403286
1.82599
2.04149
1.52662
1.7325
1.63894
1.66951
1.49679
1.99102
1.59875
1.41622
1.84302
1.95858
1.51319
0.405819
0.410488
1.71563
0
1.66565
1.63
0.745165
0.41239
1.43745
0.359991
1.6641
1.63062
0.721424
0.41186
1.56327
2.03923
1.52916
0.512801
2.01935
0.520422
1.68218
1.63169
1.44311
1.48408
0
0
0
1.83843
1.4658
0
1.66452
1.63081
1.45435
1.44999
1.65617
1.61166
1.42516
1.99364
0.50388
1.68083
1.63161
1.44179
1.63953
1.6663
1.97675
1.52023
1.59488
1.5558
2.00242
1.51675
0.50814
2.02497
0.518875
1.6823
1.63184
0.948078
0.426803
1.40901
0.406177
1.66365
1.62095
1.45286
1.48062
0
1.54119
1.60191
1.96738
1.51112
1.76915
1.64286
1.66467
1.64978
2.00829
1.52043
2.15099
1.57929
1.39107
1.45807
1.63087
1.6122
1.5042
1.96385
1.95955
1.51347
1.74527
1.49975
1.57234
1.39294
0.474627
1.67443
1.6309
0.809564
0.416981
1.56034
2.03996
1.53046
0.26319
0
0
1.72126
1.47928
1.52118
1.51151
1.26614
1.83679
0
0
0
1.89064
1.47078
1.52133
1.5116
1.26625
1.83687
0
0
1.26773
1.86361
1.54164
1.50502
1.52298
1.99402
1.53498
1.72982
1.64823
1.66663
1.5009
0
0
0
0.460863
0.342198
0.445497
0.313662
0.42751
1.32759
1.8612
1.95258
1.51213
1.7657
1.63929
1.48636
0
0
0
1.86728
1.57489
1.95054
1.50928
1.76266
1.64271
1.48188
1.58502
1.55385
2.00519
1.5168
0.378635
0.386815
1.58259
2.03573
1.52064
0.30292
0.322506
1.21584
1.81781
1.55143
0
1.3522
1.25026
1.52003
0
0
1.27334
1.8741
1.54256
0
0
1.2425
1.87237
1.54217
1.50488
1.2835
0.480013
1.67438
1.63103
0.813794
0.39732
0.280731
0.370172
1.57356
1.4831
0
1.66474
1.63089
0.765932
0.389228
0.622297
1.79849
1.5509
0
1.3511
1.56222
1.92863
1.5012
0.470226
0.375013
0.252278
0.390023
0.324522
0.410402
0.31823
1.65411
1.57801
1.9526
1.51254
0.369498
0.417409
1.82832
2.03326
1.52387
1.73858
1.63892
1.66999
1.64756
2.00951
2.00206
1.51967
2.1538
1.58462
1.09956
1.79964
1.96253
1.51098
0.438159
0.362934
1.13751
1.83279
0
1.6663
1.62927
1.45409
1.48516
0
0
1.35705
1.73038
0
1.66509
1.63078
0.866101
2.03109
0.528361
1.68606
1.63136
1.04385
1.96995
2.16934
0
0
0
1.91008
1.5693
1.95103
1.51164
1.76394
1.64301
1.48226
1.58507
1.55387
2.0052
1.51679
0.378642
0.272551
1.34786
1.76239
0
1.66597
1.62953
0.752661
0.4123
1.43673
0.361723
1.66407
1.63047
1.44984
1.62692
1.66487
1.98263
2.00881
1.51918
2.15429
1.58461
1.09988
1.79965
1.96252
1.51095
1.72348
1.64843
1.4777
1.6254
1.60638
0
0
1.76373
1.4727
1.54276
0
1.35388
1.56216
1.92807
1.5001
0.492028
2.02174
1.78671
1.5459
1.53878
1.99397
1.52174
0.493091
2.03018
1.82217
1.54599
1.29151
1.90859
1.54019
1.52456
2.02832
1.51756
0.418097
0.310639
0
0.390301
0.34529
1.79756
1.57498
1.94646
1.51319
0.379297
0.417614
1.82819
2.03315
1.5239
1.74464
1.49526
1.65238
1.61149
0
0
0.284482
0.334035
0.334354
0.385306
1.32934
1.47735
1.52174
1.51138
1.52564
1.99416
1.53586
1.72698
1.64827
1.66678
1.50095
1.59822
1.55521
2.00489
1.51691
1.41526
1.65154
1.66628
1.65594
2.01052
1.52115
2.14975
1.57938
1.39106
1.48467
1.56967
1.41419
1.87678
0
0
0
1.89054
1.57562
1.94645
1.51109
1.7688
1.48288
1.6518
1.60904
1.40422
1.44179
1.62925
1.61285
0
0.993657
1.51194
0
1.66484
