2	2	0	2	1.44688
12	6	2	4	1.63545
17	9	4	3	1.86002
14	7	3	2	1.59193
9	5	2	2	1.58573
11	6	2	4	1.33067
17	9	4	3	1.86221
14	7	3	2	1.59229
9	5	2	2	1.58142
11	6	2	4	1.09798
17	9	4	3	1.50013
16	8	3	5	1.58995
20	11	5	0	0
2	2	0	2	1.70898
12	6	2	4	1.63506
17	9	4	3	1.85981
16	8	3	5	1.59187
20	11	5	0	0
1	1	0	1	0.4081
5	4	1	3	1.65249
15	8	3	5	0.554215
20	11	5	0	0
2	2	0	2	1.72838
12	6	2	4	1.63337
18	10	4	5	1.28113
19	11	5	0	0
2	2	0	2	1.90561
12	6	2	4	1.65625
18	10	4	5	1.20155
19	11	5	0	0
2	2	0	2	1.90656
12	6	2	4	1.66209
17	9	4	3	1.84461
14	7	3	2	1.59217
9	5	2	2	1.58889
11	6	2	4	1.29033
18	10	4	5	1.50738
19	11	5	0	0.493257
1	1	0	1	0.471914
4	3	1	1	1.65286
3	3	1	1	1.52179
3	3	1	1	1.27137
6	4	1	3	1.31594
15	8	3	5	0.884947
20	11	5	0	0
2	2	0	2	1.74578
8	5	2	2	0
11	6	2	4	1.53222
17	9	4	3	1.54881
14	7	3	2	1.60075
9	5	2	2	1.58382
11	6	2	4	1.14676
17	9	4	3	1.49826
16	8	3	5	1.58924
20	11	5	0	0
2	2	0	2	1.70921
12	6	2	4	1.63507
17	9	4	3	1.85982
16	8	3	5	1.59188
20	11	5	0	0
1	1	0	1	0.4081
5	4	1	3	1.65249
15	8	3	5	0.554215
20	11	5	0	0
2	2	0	2	1.72838
8	5	2	2	0
11	6	2	4	1.53487
17	9	4	3	1.54844
16	8	3	5	1.60064
20	11	5	0	0
1	1	0	1	0.407456
5	4	1	3	1.65116
13	7	3	2	1.83824
10	6	2	4	1.95587
18	10	4	5	1.45651
19	11	5	0	0.53689
2	2	0	2	1.91082
8	5	2	2	0
7	5	2	2	1.58406
7	5	2	2	1.91963
11	6	2	4	0.543275
17	9	4	3	1.84873
16	8	3	5	1.62092
20	11	5	0	0
2	2	0	2	1.71818
12	6	2	4	1.63519
17	9	4	3	1.85998
16	8	3	5	1.59191
20	11	5	0	0
1	1	0	1	0.408098
5	4	1	3	1.65249
15	8	3	5	0.554216
20	11	5	0	0
1	1	0	1	0.437836
4	3	1	1	1.65279
3	3	1	1	1.45834
6	4	1	3	1.32464
13	7	3	2	1.61957
10	6	2	4	1.61667
18	10	4	5	1.45494
19	11	5	0	0.53827
1	1	0	1	0.473403
5	4	1	3	1.65075
13	7	3	2	1.57074
9	5	2	2	1.91036
7	5	2	2	1.56062
11	6	2	4	0.906256
17	9	4	3	1.71841
14	7	3	2	1.60438
10	6	2	4	1.59261
18	10	4	5	1.56645
19	11	5	0	0.540328
1	1	0	1	0.473324
5	4	1	3	1.65087
15	8	3	5	0.858533
20	11	5	0	0
2	2	0	2	1.7298
8	5	2	2	0
7	5	2	2	1.61625
11	6	2	4	0.585967
18	10	4	5	1.87626
19	11	5	0	0
2	2	0	2	1.90551
12	6	2	4	1.6623
18	10	4	5	1.19808
19	11	5	0	0
2	2	0	2	1.90653
8	5	2	2	0
11	6	2	4	1.42834
18	10	4	5	1.57962
19	11	5	0	0.525351
2	2	0	2	1.90972
12	6	2	4	1.65686
17	9	4	3	1.84357
16	8	3	5	1.59209
20	11	5	0	0
1	1	0	1	0.408055
4	3	1	1	1.6524
6	4	1	3	1.46962
15	8	3	5	1.27947
20	11	5	0	0
1	1	0	1	0.42823
4	3	1	1	1.65378
3	3	1	1	1.45611
3	3	1	1	1.27756
6	4	1	3	1.30915
13	7	3	2	1.61534
10	6	2	4	1.61265
17	9	4	3	1.48687
14	7	3	2	1.62833
10	6	2	4	1.6018
17	9	4	3	1.50481
16	8	3	5	1.56905
20	11	5	0	0
2	2	0	2	1.71324
8	5	2	2	0
7	5	2	2	1.6135
11	6	2	4	0.586372
18	10	4	5	1.87654
19	11	5	0	0
2	2	0	2	1.90554
12	6	2	4	1.66229
18	10	4	5	1.19806
19	11	5	0	0
1	1	0	1	0.469908
5	4	1	3	1.65007
15	8	3	5	0.857229
20	11	5	0	0
2	2	0	2	1.73087
8	5	2	2	0
11	6	2	4	1.53523
18	10	4	5	1.49476
19	11	5	0	0.498577
2	2	0	2	1.9145
8	5	2	2	0
11	6	2	4	1.41921
18	10	4	5	1.58023
19	11	5	0	0.526924
2	2	0	2	1.90956
8	5	2	2	0
11	6	2	4	1.4257
17	9	4	3	1.58379
14	7	3	2	1.6027
9	5	2	2	1.59006
7	5	2	2	1.6319
11	6	2	4	0.535975
18	10	4	5	0.865372
19	11	5	0	0.510363
2	2	0	2	1.91456
8	5	2	2	0
11	6	2	4	1.42268
18	10	4	5	1.58425
19	11	5	0	0.536478
2	2	0	2	1.90899
8	5	2	2	0
11	6	2	4	1.42624
18	10	4	5	1.58029
19	11	5	0	0.526811
2	2	0	2	1.90957
8	5	2	2	0
11	6	2	4	1.42569
18	10	4	5	1.58027
19	11	5	0	0.526762
1	1	0	1	0.472146
5	4	1	3	1.65146
15	8	3	5	0.857982
20	11	5	0	0
2	2	0	2	1.7298
8	5	2	2	0
7	5	2	2	1.61626
7	5	2	2	1.93708
11	6	2	4	0.529953
17	9	4	3	1.78241
16	8	3	5	1.62195
20	11	5	0	0
2	2	0	2	1.71756
12	6	2	4	1.63517
17	9	4	3	1.85994
14	7	3	2	1.59191
10	6	2	4	1.58572
18	10	4	5	1.65345
19	11	5	0	0.54225
2	2	0	2	1.91017
8	5	2	2	0
7	5	2	2	1.58405
11	6	2	4	0.589215
18	10	4	5	1.89046
19	11	5	0	0
2	2	0	2	1.90733
8	5	2	2	0
11	6	2	4	1.41663
17	9	4	3	1.5838
16	8	3	5	1.60288
20	11	5	0	0
1	1	0	1	0.407405
4	3	1	1	1.65143
6	4	1	3	1.47015
15	8	3	5	1.27679
20	11	5	0	0
1	1	0	1	0.428263
5	4	1	3	1.65377
15	8	3	5	0.551829
20	11	5	0	0
2	2	0	2	1.72859
8	5	2	2	0
7	5	2	2	1.61617
7	5	2	2	1.93712
7	5	2	2	2.02071
7	5	2	2	1.86181
7	5	2	2	1.88625
7	5	2	2	1.87345
11	6	2	4	0.364149
17	9	4	3	1.46914
14	7	3	2	1.60854
9	5	2	2	1.60034
7	5	2	2	1.61965
11	6	2	4	0.531313
18	10	4	5	0.856101
19	11	5	0	0.509865
1	1	0	1	0.472194
4	3	1	1	1.65292
3	3	1	1	1.52184
3	3	1	1	1.27141
6	4	1	3	1.31594
15	8	3	5	0.884936
20	11	5	0	0
2	2	0	2	1.74578
12	6	2	4	1.63383
17	9	4	3	1.86315
16	8	3	5	1.59264
20	11	5	0	0
2	2	0	2	1.71689
12	6	2	4	1.63515
17	9	4	3	1.86023
14	7	3	2	1.592
10	6	2	4	1.58574
18	10	4	5	1.65337
19	11	5	0	0.54225
2	2	0	2	1.91017
12	6	2	4	1.66626
17	9	4	3	1.83435
16	8	3	5	1.5907
20	11	5	0	0
1	1	0	1	0.408126
5	4	1	3	1.65229
13	7	3	2	1.84104
9	5	2	2	1.95728
7	5	2	2	1.5863
11	6	2	4	0.923072
18	10	4	5	1.55309
19	11	5	0	0.445643
2	2	0	2	1.91189
12	6	2	4	1.65702
18	10	4	5	1.20051
19	11	5	0	0
1	1	0	1	0.469919
5	4	1	3	1.65007
15	8	3	5	0.857233
20	11	5	0	0
2	2	0	2	1.73087
8	5	2	2	0
11	6	2	4	1.53523
17	9	4	3	1.54839
16	8	3	5	1.60059
20	11	5	0	0
2	2	0	2	1.70828
8	5	2	2	0
11	6	2	4	1.52873
18	10	4	5	1.50438
19	11	5	0	0.49972
1	1	0	1	0.471519
4	3	1	1	1.65292
6	4	1	3	1.52214
13	7	3	2	1.62803
9	5	2	2	1.64632
7	5	2	2	1.51283
7	5	2	2	2.38529
7	5	2	2	2.01926
11	6	2	4	0.398154
18	10	4	5	0.823681
19	11	5	0	0.513651
1	1	0	1	0.472667
5	4	1	3	1.65115
13	7	3	2	1.5707
10	6	2	4	1.91043
17	9	4	3	1.48706
16	8	3	5	1.62841
20	11	5	0	0
1	1	0	1	0.406985
4	3	1	1	1.65211
6	4	1	3	1.46933
15	8	3	5	1.27602
20	11	5	0	0
2	2	0	2	1.75001
12	6	2	4	1.63405
18	10	4	5	1.27894
19	11	5	0	0
1	1	0	1	0.470081
5	4	1	3	1.64997
15	8	3	5	0.857405
20	11	5	0	0
2	2	0	2	1.73088
8	5	2	2	0
7	5	2	2	1.61631
11	6	2	4	0.585975
17	9	4	3	1.93314
16	8	3	5	1.62283
20	11	5	0	0
2	2	0	2	1.71508
12	6	2	4	1.63516
17	9	4	3	1.85974
16	8	3	5	1.59191
20	11	5	0	0
2	2	0	2	1.71713
12	6	2	4	1.63515
17	9	4	3	1.86024
16	8	3	5	1.59201
20	11	5	0	0
1	1	0	1	0.408102
4	3	1	1	1.65256
3	3	1	1	1.46287
6	4	1	3	1.3247
13	7	3	2	1.62012
9	5	2	2	1.61631
11	6	2	4	1.63009
18	10	4	5	1.48344
19	11	5	0	0.44084
2	2	0	2	1.91526
12	6	2	4	1.65634
18	10	4	5	1.19901
19	11	5	0	0
1	1	0	1	0.469914
4	3	1	1	1.65216
6	4	1	3	1.522
13	7	3	2	1.62786
9	5	2	2	1.6463
7	5	2	2	1.51287
7	5	2	2	2.38511
7	5	2	2	2.01927
7	5	2	2	1.89562
11	6	2	4	0.375449
18	10	4	5	0.84577
19	11	5	0	0.524924
1	1	0	1	0.472754
4	3	1	1	1.6532
6	4	1	3	1.52228
15	8	3	5	1.34737
20	11	5	0	0
2	2	0	2	1.74855
8	5	2	2	0
11	6	2	4	1.53289
18	10	4	5	1.49608
19	11	5	0	0.499979
1	1	0	1	0.471495
4	3	1	1	1.65289
3	3	1	1	1.5218
6	4	1	3	1.32318
15	8	3	5	0.937797
20	11	5	0	0
2	2	0	2	1.74629
8	5	2	2	0
11	6	2	4	1.53231
18	10	4	5	1.4963
19	11	5	0	0.500205
1	1	0	1	0.471504
4	3	1	1	1.65289
3	3	1	1	1.5218
6	4	1	3	1.32318
13	7	3	2	1.61812
10	6	2	4	1.61252
18	10	4	5	1.45339
19	11	5	0	0.538261
1	1	0	1	0.473436
5	4	1	3	1.65078
13	7	3	2	1.57074
9	5	2	2	1.91037
7	5	2	2	1.56064
11	6	2	4	0.90625
17	9	4	3	1.71839
14	7	3	2	1.60439
9	5	2	2	1.59261
7	5	2	2	1.61715
11	6	2	4	0.531317
17	9	4	3	2.11379
14	7	3	2	1.60485
9	5	2	2	1.58974
11	6	2	4	1.10674
18	10	4	5	1.07695
19	11	5	0	0.534168
1	1	0	1	0.472651
4	3	1	1	1.65292
3	3	1	1	1.52188
3	3	1	1	1.27142
6	4	1	3	1.31594
15	8	3	5	0.884934
20	11	5	0	0
2	2	0	2	1.74578
12	6	2	4	1.63383
17	9	4	3	1.86315
16	8	3	5	1.59264
20	11	5	0	0
1	1	0	1	0.408087
4	3	1	1	1.65255
3	3	1	1	1.46288
3	3	1	1	1.27767
3	3	1	1	1.24692
3	3	1	1	1.2558
6	4	1	3	1.31158
13	7	3	2	1.61575
10	6	2	4	1.61272
18	10	4	5	1.4554
19	11	5	0	0.538269
1	1	0	1	0.473392
4	3	1	1	1.65284
6	4	1	3	1.52241
13	7	3	2	1.62808
10	6	2	4	1.64632
17	9	4	3	1.48666
14	7	3	2	1.62932
9	5	2	2	1.60256
7	5	2	2	1.63758
7	5	2	2	2.01594
7	5	2	2	1.96943
7	5	2	2	1.87059
7	5	2	2	1.87752
11	6	2	4	0.364086
17	9	4	3	1.46916
16	8	3	5	1.60859
20	11	5	0	0
1	1	0	1	0.407603
4	3	1	1	1.651
6	4	1	3	1.47007
15	8	3	5	1.27497
20	11	5	0	0
2	2	0	2	1.75008
12	6	2	4	1.63406
18	10	4	5	1.27896
19	11	5	0	0
2	2	0	2	1.9056
12	6	2	4	1.65625
18	10	4	5	1.20155
19	11	5	0	0
2	2	0	2	1.90656
8	5	2	2	0
11	6	2	4	1.42835
17	9	4	3	1.58334
16	8	3	5	1.60293
20	11	5	0	0
1	1	0	1	0.407408
4	3	1	1	1.65143
6	4	1	3	1.47015
15	8	3	5	1.2768
20	11	5	0	0
2	2	0	2	1.75006
12	6	2	4	1.63406
17	9	4	3	1.86328
14	7	3	2	1.59266
9	5	2	2	1.58594
11	6	2	4	1.32871
18	10	4	5	1.48999
19	11	5	0	0.495881
1	1	0	1	0.47192
4	3	1	1	1.65284
6	4	1	3	1.52212
13	7	3	2	1.62808
10	6	2	4	1.64633
18	10	4	5	1.45538
19	11	5	0	0.538181
1	1	0	1	0.473457
4	3	1	1	1.65291
6	4	1	3	1.52243
13	7	3	2	1.62807
10	6	2	4	1.64632
18	10	4	5	1.45538
19	11	5	0	0.538181
1	1	0	1	0.473457
5	4	1	3	1.65083
13	7	3	2	1.57074
10	6	2	4	1.91039
17	9	4	3	1.48707
16	8	3	5	1.62841
20	11	5	0	0
2	2	0	2	1.71695
12	6	2	4	1.63515
18	10	4	5	1.27431
19	11	5	0	0
1	1	0	1	0.47005
5	4	1	3	1.64997
13	7	3	2	1.57047
9	5	2	2	1.87851
7	5	2	2	1.55117
11	6	2	4	0.90287
17	9	4	3	1.72182
16	8	3	5	1.60342
20	11	5	0	0
1	1	0	1	0.40748
5	4	1	3	1.65095
13	7	3	2	1.8381
10	6	2	4	1.95577
18	10	4	5	1.45651
19	11	5	0	0.536891
2	2	0	2	1.91082
8	5	2	2	0
7	5	2	2	1.58406
7	5	2	2	1.91963
11	6	2	4	0.543275
18	10	4	5	1.31062
19	11	5	0	0.469292
1	1	0	1	0.471979
5	4	1	3	1.65101
13	7	3	2	1.5706
10	6	2	4	1.9103
18	10	4	5	1.45726
19	11	5	0	0.537245
1	1	0	1	0.47349
4	3	1	1	1.65292
3	3	1	1	1.52211
6	4	1	3	1.32323
15	8	3	5	0.937732
20	11	5	0	0
2	2	0	2	1.74629
12	6	2	4	1.63386
17	9	4	3	1.86313
16	8	3	5	1.59264
20	11	5	0	0
2	2	0	2	1.71689
8	5	2	2	0
11	6	2	4	1.52965
17	9	4	3	1.55064
16	8	3	5	1.6012
20	11	5	0	0
1	1	0	1	0.407468
5	4	1	3	1.65116
13	7	3	2	1.83822
10	6	2	4	1.95587
17	9	4	3	1.48531
14	7	3	2	1.62828
10	6	2	4	1.6027
17	9	4	3	1.50511
14	7	3	2	1.56786
10	6	2	4	1.57404
18	10	4	5	1.5891
19	11	5	0	0.538871
2	2	0	2	1.9125
12	6	2	4	1.66621
17	9	4	3	1.83442
14	7	3	2	1.59074
9	5	2	2	1.5888
7	5	2	2	1.62578
7	5	2	2	2.01558
7	5	2	2	1.9663
11	6	2	4	0.370918
17	9	4	3	1.46827
14	7	3	2	1.62309
10	6	2	4	1.59567
17	9	4	3	1.87218
16	8	3	5	1.5761
20	11	5	0	0
1	1	0	1	0.407373
5	4	1	3	1.65117
15	8	3	5	0.555085
20	11	5	0	0
2	2	0	2	1.72833
8	5	2	2	0
7	5	2	2	1.61615
11	6	2	4	0.585958
18	10	4	5	1.87623
19	11	5	0	0
2	2	0	2	1.9055
8	5	2	2	0
7	5	2	2	1.58034
7	5	2	2	1.95443
11	6	2	4	0.54187
17	9	4	3	1.77399
16	8	3	5	1.62227
20	11	5	0	0
2	2	0	2	1.7173
12	6	2	4	1.63516
18	10	4	5	1.27393
19	11	5	0	0
2	2	0	2	1.90555
8	5	2	2	0
11	6	2	4	1.42973
17	9	4	3	1.58326
16	8	3	5	1.60293
20	11	5	0	0
1	1	0	1	0.407407
5	4	1	3	1.65133
13	7	3	2	1.83831
10	6	2	4	1.95594
17	9	4	3	1.48531
16	8	3	5	1.62828
20	11	5	0	0
2	2	0	2	1.71706
8	5	2	2	0
7	5	2	2	1.61373
7	5	2	2	1.93605
11	6	2	4	0.529724
17	9	4	3	1.7818
16	8	3	5	1.62195
20	11	5	0	0
1	1	0	1	0.409781
4	3	1	1	1.65177
3	3	1	1	1.46294
3	3	1	1	1.27776
6	4	1	3	1.3087
15	8	3	5	0.88555
20	11	5	0	0
1	1	0	1	0.428388
5	4	1	3	1.65363
15	8	3	5	0.548374
20	11	5	0	0
1	1	0	1	0.437627
5	4	1	3	1.65278
15	8	3	5	0.552017
20	11	5	0	0
1	1	0	1	0.437652
5	4	1	3	1.65279
15	8	3	5	0.552017
20	11	5	0	0
2	2	0	2	1.72856
12	6	2	4	1.63339
17	9	4	3	1.86277
14	7	3	2	1.59263
9	5	2	2	1.58593
7	5	2	2	1.62738
11	6	2	4	0.538513
17	9	4	3	2.11836
14	7	3	2	1.60421
9	5	2	2	1.58935
11	6	2	4	1.10406
18	10	4	5	1.07892
19	11	5	0	0.534356
2	2	0	2	1.91437
12	6	2	4	1.66624
18	10	4	5	1.21292
19	11	5	0	0
2	2	0	2	1.90652
12	6	2	4	1.65624
17	9	4	3	1.84459
14	7	3	2	1.59217
10	6	2	4	1.58886
17	9	4	3	1.7703
16	8	3	5	1.58192
20	11	5	0	0
1	1	0	1	0.408365
5	4	1	3	1.65087
15	8	3	5	0.555233
20	11	5	0	0
1	1	0	1	0.43785
5	4	1	3	1.65278
13	7	3	2	1.86571
10	6	2	4	1.96575
18	10	4	5	1.45737
19	11	5	0	0.536865
1	1	0	1	0.473495
5	4	1	3	1.65085
15	8	3	5	0.858431
20	11	5	0	0
1	1	0	1	0.436968
4	3	1	1	1.65272
6	4	1	3	1.46802
15	8	3	5	1.30007
20	11	5	0	0
1	1	0	1	0.427991
4	3	1	1	1.65378
6	4	1	3	1.46527
13	7	3	2	1.6241
9	5	2	2	1.63526
7	5	2	2	1.89115
11	6	2	4	0.929838
17	9	4	3	1.80186
14	7	3	2	1.6209
9	5	2	2	1.59784
11	6	2	4	1.09306
18	10	4	5	1.363
19	11	5	0	0.517202
2	2	0	2	1.91427
12	6	2	4	1.66624
18	10	4	5	1.21281
19	11	5	0	0
2	2	0	2	1.90652
8	5	2	2	0
11	6	2	4	1.42856
18	10	4	5	1.5796
19	11	5	0	0.525352
2	2	0	2	1.90972
12	6	2	4	1.65686
18	10	4	5	1.20078
19	11	5	0	0
1	1	0	1	0.469919
5	4	1	3	1.65007
15	8	3	5	0.857235
20	11	5	0	0
2	2	0	2	1.73088
8	5	2	2	0
11	6	2	4	1.53523
18	10	4	5	1.49476
19	11	5	0	0.498579
1	1	0	1	0.471447
4	3	1	1	1.65288
6	4	1	3	1.52213
13	7	3	2	1.62803
9	5	2	2	1.64632
7	5	2	2	1.51284
11	6	2	4	0.90695
17	9	4	3	1.74756
16	8	3	5	1.6202
20	11	5	0	0
1	1	0	1	0.409942
4	3	1	1	1.65168
6	4	1	3	1.47008
13	7	3	2	1.63376
9	5	2	2	1.63582
7	5	2	2	1.89581
11	6	2	4	0.926668
18	10	4	5	1.69897
19	11	5	0	0.37529
2	2	0	2	1.90985
8	5	2	2	0
11	6	2	4	1.41904
18	10	4	5	1.58038
19	11	5	0	0.526857
2	2	0	2	1.90954
8	5	2	2	0
7	5	2	2	1.58664
7	5	2	2	1.95298
11	6	2	4	0.54192
18	10	4	5	1.08464
19	11	5	0	0.505601
1	1	0	1	0.472362
5	4	1	3	1.65089
15	8	3	5	0.858102
20	11	5	0	0
1	1	0	1	0.436965
4	3	1	1	1.65272
6	4	1	3	1.46805
15	8	3	5	1.30009
20	11	5	0	0
2	2	0	2	1.74939
12	6	2	4	1.63401
17	9	4	3	1.86324
16	8	3	5	1.59265
20	11	5	0	0
2	2	0	2	1.71689
8	5	2	2	0
7	5	2	2	1.61399
11	6	2	4	0.586396
17	9	4	3	1.93362
14	7	3	2	1.62288
9	5	2	2	1.59619
11	6	2	4	1.1789
18	10	4	5	1.28491
19	11	5	0	0.532185
2	2	0	2	1.91466
12	6	2	4	1.66623
17	9	4	3	1.83429
14	7	3	2	1.59076
10	6	2	4	1.58879
18	10	4	5	1.65456
19	11	5	0	0.542286
1	1	0	1	0.473656
4	3	1	1	1.65331
6	4	1	3	1.52253
13	7	3	2	1.62807
9	5	2	2	1.64631
11	6	2	4	0.934309
17	9	4	3	1.5523
16	8	3	5	1.61453
20	11	5	0	0
1	1	0	1	0.409784
5	4	1	3	1.65177
15	8	3	5	0.555005
20	11	5	0	0
1	1	0	1	0.43785
5	4	1	3	1.65278
13	7	3	2	1.86573
10	6	2	4	1.96575
18	10	4	5	1.45738
19	11	5	0	0.536865
2	2	0	2	1.91087
8	5	2	2	0
11	6	2	4	1.42561
18	10	4	5	1.58408
19	11	5	0	0.536362
1	1	0	1	0.472442
5	4	1	3	1.65151
15	8	3	5	0.858161
20	11	5	0	0
2	2	0	2	1.7298
12	6	2	4	1.63343
18	10	4	5	1.28166
19	11	5	0	0
2	2	0	2	1.90561
8	5	2	2	0
11	6	2	4	1.42975
17	9	4	3	1.58326
16	8	3	5	1.60293
20	11	5	0	0
1	1	0	1	0.407408
5	4	1	3	1.65133
15	8	3	5	0.555268
20	11	5	0	0
2	2	0	2	1.72832
12	6	2	4	1.63337
18	10	4	5	1.28111
19	11	5	0	0
1	1	0	1	0.470091
4	3	1	1	1.65207
3	3	1	1	1.52184
6	4	1	3	1.32311
15	8	3	5	0.937701
20	11	5	0	0
2	2	0	2	1.74629
12	6	2	4	1.63386
17	9	4	3	1.86313
16	8	3	5	1.59264
20	11	5	0	0
1	1	0	1	0.408088
4	3	1	1	1.65255
3	3	1	1	1.46288
6	4	1	3	1.3247
13	7	3	2	1.62012
10	6	2	4	1.61631
18	10	4	5	1.45494
19	11	5	0	0.538281
2	2	0	2	1.91158
8	5	2	2	0
11	6	2	4	1.42547
18	10	4	5	1.58407
19	11	5	0	0.53637
1	1	0	1	0.472443
4	3	1	1	1.65351
6	4	1	3	1.52248
15	8	3	5	1.34816
20	11	5	0	0
2	2	0	2	1.74851
8	5	2	2	0
7	5	2	2	1.61524
7	5	2	2	1.93545
11	6	2	4	0.530246
17	9	4	3	1.78273
16	8	3	5	1.62195
20	11	5	0	0
2	2	0	2	1.71756
8	5	2	2	0
7	5	2	2	1.61366
7	5	2	2	1.93634
11	6	2	4	0.529697
18	10	4	5	1.08971
19	11	5	0	0.50691
2	2	0	2	1.91436
12	6	2	4	1.66625
18	10	4	5	1.21277
19	11	5	0	0
2	2	0	2	1.90652
12	6	2	4	1.65624
17	9	4	3	1.84459
16	8	3	5	1.59217
20	11	5	0	0
1	1	0	1	0.408051
5	4	1	3	1.65233
15	8	3	5	0.554422
20	11	5	0	0
2	2	0	2	1.72837
8	5	2	2	0
11	6	2	4	1.53487
18	10	4	5	1.49511
19	11	5	0	0.49869
1	1	0	1	0.471454
5	4	1	3	1.65081
13	7	3	2	1.57051
9	5	2	2	1.91001
11	6	2	4	1.17619
18	10	4	5	0.978771
19	11	5	0	0.553588
1	1	0	1	0.472755
4	3	1	1	1.6526
6	4	1	3	1.52217
15	8	3	5	1.34669
20	11	5	0	0
2	2	0	2	1.74856
12	6	2	4	1.6341
18	10	4	5	1.2793
19	11	5	0	0
1	1	0	1	0.470083
5	4	1	3	1.64997
15	8	3	5	0.857403
20	11	5	0	0
2	2	0	2	1.73088
12	6	2	4	1.63349
18	10	4	5	1.28197
19	11	5	0	0
2	2	0	2	1.90561
12	6	2	4	1.65625
17	9	4	3	1.84456
14	7	3	2	1.59215
10	6	2	4	1.58899
18	10	4	5	1.65566
19	11	5	0	0.542268
2	2	0	2	1.91037
12	6	2	4	1.66626
18	10	4	5	1.2139
19	11	5	0	0
2	2	0	2	1.90653
12	6	2	4	1.65624
18	10	4	5	1.20102
19	11	5	0	0
1	1	0	1	0.469924
5	4	1	3	1.65007
13	7	3	2	1.57043
10	6	2	4	1.8785
18	10	4	5	1.4562
19	11	5	0	0.537379
2	2	0	2	1.91109
12	6	2	4	1.66621
18	10	4	5	1.21389
19	11	5	0	0
2	2	0	2	1.90653
12	6	2	4	1.65624
17	9	4	3	1.84459
14	7	3	2	1.59217
9	5	2	2	1.58889
7	5	2	2	1.62553
11	6	2	4	0.538392
17	9	4	3	2.1149
14	7	3	2	1.60481
9	5	2	2	1.58949
7	5	2	2	1.62317
7	5	2	2	2.01579
7	5	2	2	1.96423
7	5	2	2	1.87256
7	5	2	2	1.87691
11	6	2	4	0.364055
18	10	4	5	0.843183
19	11	5	0	0.526396
1	1	0	1	0.472762
5	4	1	3	1.65115
13	7	3	2	1.57072
9	5	2	2	1.91045
7	5	2	2	1.56072
7	5	2	2	2.35217
11	6	2	4	0.523997
17	9	4	3	1.84226
16	8	3	5	1.60378
20	11	5	0	0
2	2	0	2	1.70992
8	5	2	2	0
11	6	2	4	1.52856
17	9	4	3	1.55094
16	8	3	5	1.60128
20	11	5	0	0
1	1	0	1	0.407472
4	3	1	1	1.65125
3	3	1	1	1.46312
6	4	1	3	1.32473
15	8	3	5	0.893158
20	11	5	0	0
1	1	0	1	0.428491
5	4	1	3	1.65364
15	8	3	5	0.548374
20	11	5	0	0
2	2	0	2	1.72862
12	6	2	4	1.63339
18	10	4	5	1.28121
19	11	5	0	0
2	2	0	2	1.90561
8	5	2	2	0
7	5	2	2	1.58759
11	6	2	4	0.586393
17	9	4	3	1.92958
14	7	3	2	1.62209
10	6	2	4	1.59602
17	9	4	3	1.84342
16	8	3	5	1.5733
20	11	5	0	0
1	1	0	1	0.407575
4	3	1	1	1.65123
6	4	1	3	1.46943
15	8	3	5	1.2734
20	11	5	0	0
2	2	0	2	1.75008
8	5	2	2	0
7	5	2	2	1.61507
7	5	2	2	1.93523
7	5	2	2	2.02067
7	5	2	2	1.86197
7	5	2	2	1.88624
11	6	2	4	0.365005
17	9	4	3	1.46923
16	8	3	5	1.60919
20	11	5	0	0
1	1	0	1	0.407605
4	3	1	1	1.651
6	4	1	3	1.47008
13	7	3	2	1.634
10	6	2	4	1.6359
17	9	4	3	1.48596
16	8	3	5	1.62888
20	11	5	0	0
2	2	0	2	1.71574
8	5	2	2	0
7	5	2	2	1.61373
7	5	2	2	1.93612
11	6	2	4	0.529716
17	9	4	3	1.78176
14	7	3	2	1.62195
10	6	2	4	1.6077
17	9	4	3	1.87355
14	7	3	2	1.58053
9	5	2	2	1.57035
11	6	2	4	1.0876
17	9	4	3	1.49618
16	8	3	5	1.58573
20	11	5	0	0
1	1	0	1	0.408569
5	4	1	3	1.65048
13	7	3	2	1.83737
10	6	2	4	1.9554
18	10	4	5	1.45648
19	11	5	0	0.536892
1	1	0	1	0.473501
5	4	1	3	1.65086
13	7	3	2	1.57074
9	5	2	2	1.91043
7	5	2	2	1.56072
7	5	2	2	2.35218
7	5	2	2	2.02756
11	6	2	4	0.404255
17	9	4	3	1.46373
14	7	3	2	1.6234
9	5	2	2	1.61022
11	6	2	4	1.06989
18	10	4	5	1.46868
19	11	5	0	0.500518
2	2	0	2	1.91403
8	5	2	2	0
7	5	2	2	1.58617
11	6	2	4	0.586556
17	9	4	3	1.92992
14	7	3	2	1.62211
9	5	2	2	1.596
11	6	2	4	1.17907
17	9	4	3	1.76326
14	7	3	2	1.58926
9	5	2	2	1.582
11	6	2	4	1.08767
17	9	4	3	1.50059
16	8	3	5	1.58993
20	11	5	0	0
2	2	0	2	1.7091
8	5	2	2	0
11	6	2	4	1.52846
17	9	4	3	1.55091
14	7	3	2	1.6013
10	6	2	4	1.58411
18	10	4	5	1.58381
19	11	5	0	0.540007
1	1	0	1	0.473331
5	4	1	3	1.65087
15	8	3	5	0.858525
20	11	5	0	0
1	1	0	1	0.43697
5	4	1	3	1.65271
15	8	3	5	0.551954
20	11	5	0	0
1	1	0	1	0.437657
4	3	1	1	1.6528
3	3	1	1	1.4584
3	3	1	1	1.27734
3	3	1	1	1.24718
6	4	1	3	1.31684
13	7	3	2	1.87215
10	6	2	4	1.61404
17	9	4	3	1.48676
14	7	3	2	1.62821
10	6	2	4	1.60176
17	9	4	3	1.50503
14	7	3	2	1.56897
9	5	2	2	1.57412
11	6	2	4	1.18749
18	10	4	5	0.870022
19	11	5	0	0.547013
1	1	0	1	0.473036
5	4	1	3	1.65079
15	8	3	5	0.858466
20	11	5	0	0
2	2	0	2	1.7298
8	5	2	2	0
7	5	2	2	1.61625
11	6	2	4	0.585967
17	9	4	3	1.93314
14	7	3	2	1.62284
10	6	2	4	1.59621
17	9	4	3	1.84216
16	8	3	5	1.57342
20	11	5	0	0
1	1	0	1	0.407585
5	4	1	3	1.65113
13	7	3	2	1.83946
9	5	2	2	1.95617
11	6	2	4	1.43458
17	9	4	3	1.5251
14	7	3	2	1.58783
9	5	2	2	1.58067
11	6	2	4	1.10675
18	10	4	5	1.08032
19	11	5	0	0.537141
1	1	0	1	0.472725
4	3	1	1	1.65293
3	3	1	1	1.5219
6	4	1	3	1.32322
15	8	3	5	0.937796
20	11	5	0	0
1	1	0	1	0.428333
5	4	1	3	1.65369
15	8	3	5	0.54838
20	11	5	0	0
1	1	0	1	0.437628
4	3	1	1	1.6528
6	4	1	3	1.46769
13	7	3	2	1.62357
10	6	2	4	1.63502
18	10	4	5	1.45433
19	11	5	0	0.538549
1	1	0	1	0.473413
5	4	1	3	1.65076
15	8	3	5	0.858373
20	11	5	0	0
2	2	0	2	1.7298
12	6	2	4	1.63343
18	10	4	5	1.28165
19	11	5	0	0
2	2	0	2	1.90561
12	6	2	4	1.65625
18	10	4	5	1.20155
19	11	5	0	0
1	1	0	1	0.469926
5	4	1	3	1.65007
15	8	3	5	0.857234
20	11	5	0	0
1	1	0	1	0.436592
5	4	1	3	1.65368
15	8	3	5	0.551871
20	11	5	0	0
1	1	0	1	0.43766
4	3	1	1	1.65281
3	3	1	1	1.4584
3	3	1	1	1.27734
6	4	1	3	1.30906
13	7	3	2	1.61535
9	5	2	2	1.61265
7	5	2	2	1.80397
7	5	2	2	2.33385
11	6	2	4	0.549649
17	9	4	3	1.79262
16	8	3	5	1.6215
20	11	5	0	0
2	2	0	2	1.709
12	6	2	4	1.6351
17	9	4	3	1.85984
14	7	3	2	1.59188
9	5	2	2	1.58574
11	6	2	4	1.32975
18	10	4	5	1.49111
19	11	5	0	0.495781
2	2	0	2	1.91463
12	6	2	4	1.6578
17	9	4	3	1.84339
14	7	3	2	1.5921
9	5	2	2	1.58903
7	5	2	2	1.62554
7	5	2	2	2.01591
11	6	2	4	0.467565
17	9	4	3	1.45914
16	8	3	5	1.62292
20	11	5	0	0
1	1	0	1	0.407434
4	3	1	1	1.65108
3	3	1	1	1.46311
3	3	1	1	1.27781
3	3	1	1	1.24687
6	4	1	3	1.31683
15	8	3	5	0.609185
20	11	5	0	0
2	2	0	2	1.74475
12	6	2	4	1.63378
17	9	4	3	1.86313
16	8	3	5	1.59264
20	11	5	0	0
2	2	0	2	1.71689
8	5	2	2	0
11	6	2	4	1.52965
17	9	4	3	1.55064
16	8	3	5	1.6012
20	11	5	0	0
2	2	0	2	1.70821
8	5	2	2	0
11	6	2	4	1.52874
17	9	4	3	1.55093
14	7	3	2	1.60129
10	6	2	4	1.58409
18	10	4	5	1.58382
19	11	5	0	0.540007
1	1	0	1	0.473331
5	4	1	3	1.65087
13	7	3	2	1.57077
10	6	2	4	1.91037
17	9	4	3	1.48706
14	7	3	2	1.62841
9	5	2	2	1.60248
7	5	2	2	1.63908
11	6	2	4	0.539154
17	9	4	3	2.12484
14	7	3	2	1.60467
9	5	2	2	1.58928
7	5	2	2	1.62155
11	6	2	4	0.535784
17	9	4	3	2.12325
14	7	3	2	1.60445
10	6	2	4	1.58942
17	9	4	3	1.88569
16	8	3	5	1.57786
20	11	5	0	0
1	1	0	1	0.407081
4	3	1	1	1.65137
3	3	1	1	1.46238
6	4	1	3	1.32482
15	8	3	5	0.892811
20	11	5	0	0
1	1	0	1	0.428493
4	3	1	1	1.65365
6	4	1	3	1.46491
15	8	3	5	1.28841
20	11	5	0	0
2	2	0	2	1.74952
8	5	2	2	0
7	5	2	2	1.61504
7	5	2	2	1.93527
7	5	2	2	2.02068
11	6	2	4	0.372379
17	9	4	3	1.46748
14	7	3	2	1.62427
9	5	2	2	1.606
11	6	2	4	1.08453
17	9	4	3	1.80815
14	7	3	2	1.59483
10	6	2	4	1.58871
18	10	4	5	1.56581
19	11	5	0	0.539529
2	2	0	2	1.91266
12	6	2	4	1.6662
18	10	4	5	1.21355
19	11	5	0	0
2	2	0	2	1.90653
8	5	2	2	0
7	5	2	2	1.58735
11	6	2	4	0.586368
18	10	4	5	1.87922
19	11	5	0	0
2	2	0	2	1.90682
12	6	2	4	1.6623
18	10	4	5	1.19814
19	11	5	0	0
2	2	0	2	1.90653
12	6	2	4	1.66208
18	10	4	5	1.20095
19	11	5	0	0
1	1	0	1	0.469923
5	4	1	3	1.65007
15	8	3	5	0.857237
20	11	5	0	0
1	1	0	1	0.436593
5	4	1	3	1.65368
15	8	3	5	0.551871
20	11	5	0	0
2	2	0	2	1.72853
8	5	2	2	0
7	5	2	2	1.61617
7	5	2	2	1.93712
11	6	2	4	0.52992
17	9	4	3	1.78234
16	8	3	5	1.62195
20	11	5	0	0
1	1	0	1	0.40978
5	4	1	3	1.65168
13	7	3	2	1.83909
9	5	2	2	1.95626
7	5	2	2	1.5863
11	6	2	4	0.922973
17	9	4	3	1.79289
14	7	3	2	1.62024
10	6	2	4	1.59623
18	10	4	5	1.58929
19	11	5	0	0.540998
1	1	0	1	0.473362
5	4	1	3	1.65096
13	7	3	2	1.57077
9	5	2	2	1.9104
7	5	2	2	1.56077
11	6	2	4	0.906239
17	9	4	3	1.71823
16	8	3	5	1.60442
20	11	5	0	0
1	1	0	1	0.407473
5	4	1	3	1.65096
15	8	3	5	0.555394
20	11	5	0	0
2	2	0	2	1.72831
8	5	2	2	0
7	5	2	2	1.61615
11	6	2	4	0.585959
17	9	4	3	1.93314
14	7	3	2	1.62285
10	6	2	4	1.59621
17	9	4	3	1.84214
16	8	3	5	1.57342
20	11	5	0	0
2	2	0	2	1.71556
8	5	2	2	0
11	6	2	4	1.5284
17	9	4	3	1.55082
16	8	3	5	1.60127
20	11	5	0	0
2	2	0	2	1.7082
8	5	2	2	0
7	5	2	2	1.61368
7	5	2	2	1.9366
11	6	2	4	0.528977
17	9	4	3	1.7815
14	7	3	2	1.62195
10	6	2	4	1.60771
18	10	4	5	1.61356
19	11	5	0	0.541167
1	1	0	1	0.473385
4	3	1	1	1.65305
3	3	1	1	1.52208
6	4	1	3	1.32324
15	8	3	5	0.937762
20	11	5	0	0
1	1	0	1	0.428333
4	3	1	1	1.6537
6	4	1	3	1.46495
13	7	3	2	1.62413
10	6	2	4	1.63528
17	9	4	3	1.48568
14	7	3	2	1.62885
10	6	2	4	1.60212
18	10	4	5	1.41398
19	11	5	0	0.54252
2	2	0	2	1.90865
8	5	2	2	0
11	6	2	4	1.42593
18	10	4	5	1.58419
19	11	5	0	0.536356
1	1	0	1	0.472443
4	3	1	1	1.65351
3	3	1	1	1.52215
3	3	1	1	1.27129
6	4	1	3	1.31592
13	7	3	2	1.61545
9	5	2	2	1.61274
7	5	2	2	1.80476
11	6	2	4	0.907802
17	9	4	3	1.82025
14	7	3	2	1.62311
9	5	2	2	1.59863
7	5	2	2	1.62415
7	5	2	2	2.02126
11	6	2	4	0.458693
17	9	4	3	1.45977
16	8	3	5	1.62289
20	11	5	0	0
1	1	0	1	0.407444
5	4	1	3	1.65097
15	8	3	5	0.555392
20	11	5	0	0
1	1	0	1	0.437855
4	3	1	1	1.65279
6	4	1	3	1.4676
13	7	3	2	1.62359
10	6	2	4	1.63503
18	10	4	5	1.45434
19	11	5	0	0.53855
2	2	0	2	1.91171
12	6	2	4	1.6662
18	10	4	5	1.21381
19	11	5	0	0
2	2	0	2	1.90653
8	5	2	2	0
11	6	2	4	1.42856
18	10	4	5	1.5796
19	11	5	0	0.525356
2	2	0	2	1.90972
8	5	2	2	0
11	6	2	4	1.42561
18	10	4	5	1.58027
19	11	5	0	0.526769
1	1	0	1	0.472147
4	3	1	1	1.65347
6	4	1	3	1.52243
15	8	3	5	1.3479
20	11	5	0	0
2	2	0	2	1.74851
8	5	2	2	0
11	6	2	4	1.53289
18	10	4	5	1.49608
19	11	5	0	0.499979
1	1	0	1	0.471496
5	4	1	3	1.65081
13	7	3	2	1.57051
9	5	2	2	1.91002
11	6	2	4	1.17642
17	9	4	3	1.52346
14	7	3	2	1.58575
10	6	2	4	1.5817
18	10	4	5	1.55738
19	11	5	0	0.539165
1	1	0	1	0.473293
5	4	1	3	1.65083
15	8	3	5	0.858493
20	11	5	0	0
1	1	0	1	0.436969
5	4	1	3	1.65271
15	8	3	5	0.551954
20	11	5	0	0
2	2	0	2	1.72855
8	5	2	2	0
11	6	2	4	1.5349
18	10	4	5	1.4951
19	11	5	0	0.498678
2	2	0	2	1.91448
8	5	2	2	0
7	5	2	2	1.58046
11	6	2	4	0.586414
18	10	4	5	1.87933
19	11	5	0	0
2	2	0	2	1.90684
8	5	2	2	0
7	5	2	2	1.58029
11	6	2	4	0.586202
17	9	4	3	1.92897
16	8	3	5	1.62219
20	11	5	0	0
2	2	0	2	1.71516
12	6	2	4	1.63516
17	9	4	3	1.85974
16	8	3	5	1.59191
20	11	5	0	0
2	2	0	2	1.71713
12	6	2	4	1.63515
17	9	4	3	1.86024
16	8	3	5	1.59201
20	11	5	0	0
2	2	0	2	1.71702
12	6	2	4	1.63515
18	10	4	5	1.27595
19	11	5	0	0
2	2	0	2	1.90556
12	6	2	4	1.65625
17	9	4	3	1.84458
14	7	3	2	1.59215
9	5	2	2	1.58902
7	5	2	2	1.62553
7	5	2	2	2.01591
7	5	2	2	1.96594
7	5	2	2	1.87161
11	6	2	4	0.369096
18	10	4	5	0.845456
19	11	5	0	0.525774
1	1	0	1	0.472761
4	3	1	1	1.65319
6	4	1	3	1.52228
15	8	3	5	1.34737
20	11	5	0	0
1	1	0	1	0.429202
5	4	1	3	1.65382
15	8	3	5	0.551851
20	11	5	0	0
2	2	0	2	1.72858
8	5	2	2	0
7	5	2	2	1.61617
7	5	2	2	1.93712
11	6	2	4	0.529922
18	10	4	5	1.08964
19	11	5	0	0.506863
1	1	0	1	0.472373
5	4	1	3	1.65089
13	7	3	2	1.57066
9	5	2	2	1.91024
7	5	2	2	1.56039
11	6	2	4	0.906255
18	10	4	5	1.05447
19	11	5	0	0.521591
2	2	0	2	1.91466
12	6	2	4	1.66624
17	9	4	3	1.83428
14	7	3	2	1.59076
10	6	2	4	1.58879
17	9	4	3	1.76758
14	7	3	2	1.58209
10	6	2	4	1.57551
18	10	4	5	1.58002
19	11	5	0	0.539002
1	1	0	1	0.473313
5	4	1	3	1.65084
15	8	3	5	0.858492
20	11	5	0	0
1	1	0	1	0.436969
4	3	1	1	1.65272
3	3	1	1	1.45876
6	4	1	3	1.32466
15	8	3	5	0.88914
20	11	5	0	0
1	1	0	1	0.428492
4	3	1	1	1.65364
6	4	1	3	1.4649
13	7	3	2	1.62414
9	5	2	2	1.63527
7	5	2	2	1.8913
7	5	2	2	2.38384
11	6	2	4	0.544122
18	10	4	5	1.09268
19	11	5	0	0.511879
2	2	0	2	1.91433
12	6	2	4	1.66624
17	9	4	3	1.83427
14	7	3	2	1.59075
9	5	2	2	1.58881
7	5	2	2	1.62578
7	5	2	2	2.01559
7	5	2	2	1.96629
7	5	2	2	1.87156
11	6	2	4	0.369126
17	9	4	3	1.46934
14	7	3	2	1.60921
9	5	2	2	1.60044
7	5	2	2	1.61979
11	6	2	4	0.531318
18	10	4	5	0.856114
19	11	5	0	0.509858
2	2	0	2	1.91447
8	5	2	2	0
11	6	2	4	1.42268
18	10	4	5	1.58426
19	11	5	0	0.536479
1	1	0	1	0.472457
4	3	1	1	1.65352
3	3	1	1	1.52215
6	4	1	3	1.32317
13	7	3	2	1.61811
9	5	2	2	1.61252
11	6	2	4	1.59156
18	10	4	5	1.49878
19	11	5	0	0.438222
2	2	0	2	1.91515
8	5	2	2	0
11	6	2	4	1.4177
17	9	4	3	1.58372
16	8	3	5	1.60283
20	11	5	0	0
2	2	0	2	1.70831
12	6	2	4	1.63508
18	10	4	5	1.2737
19	11	5	0	0
2	2	0	2	1.90555
12	6	2	4	1.65625
17	9	4	3	1.84458
14	7	3	2	1.59215
10	6	2	4	1.58899
18	10	4	5	1.65567
19	11	5	0	0.542268
2	2	0	2	1.91037
12	6	2	4	1.66626
18	10	4	5	1.21391
19	11	5	0	0
2	2	0	2	1.90653
12	6	2	4	1.65624
17	9	4	3	1.84459
14	7	3	2	1.59217
10	6	2	4	1.58886
17	9	4	3	1.7703
16	8	3	5	1.58192
20	11	5	0	0
1	1	0	1	0.408366
4	3	1	1	1.65097
3	3	1	1	1.46244
6	4	1	3	1.32483
15	8	3	5	0.89297
20	11	5	0	0
2	2	0	2	1.74559
12	6	2	4	1.63383
18	10	4	5	1.27839
19	11	5	0	0
2	2	0	2	1.90559
8	5	2	2	0
11	6	2	4	1.42975
17	9	4	3	1.58326
16	8	3	5	1.60293
20	11	5	0	0
2	2	0	2	1.70831
12	6	2	4	1.63508
18	10	4	5	1.27371
19	11	5	0	0
1	1	0	1	0.470047
5	4	1	3	1.64997
13	7	3	2	1.57047
9	5	2	2	1.87851
11	6	2	4	1.08166
18	10	4	5	1.24357
19	11	5	0	0.544775
1	1	0	1	0.472596
4	3	1	1	1.65268
6	4	1	3	1.52217
15	8	3	5	1.34667
20	11	5	0	0
2	2	0	2	1.74856
12	6	2	4	1.6341
17	9	4	3	1.86322
14	7	3	2	1.59265
10	6	2	4	1.5859
17	9	4	3	1.76019
14	7	3	2	1.58257
9	5	2	2	1.57578
7	5	2	2	1.62823
7	5	2	2	2.00598
7	5	2	2	1.976
7	5	2	2	1.87212
7	5	2	2	1.87812
7	5	2	2	1.87322
11	6	2	4	0.363503
17	9	4	3	1.4691
14	7	3	2	1.60847
10	6	2	4	1.60032
17	9	4	3	1.8785
14	7	3	2	1.57118
10	6	2	4	1.5704
17	9	4	3	1.92989
16	8	3	5	1.57767
20	11	5	0	0
1	1	0	1	0.406193
5	4	1	3	1.65168
15	8	3	5	0.55481
20	11	5	0	0
2	2	0	2	1.72834
12	6	2	4	1.63337
18	10	4	5	1.28112
19	11	5	0	0
2	2	0	2	1.90561
12	6	2	4	1.65625
18	10	4	5	1.20155
19	11	5	0	0
2	2	0	2	1.90656
12	6	2	4	1.66208
18	10	4	5	1.20096
19	11	5	0	0
1	1	0	1	0.469923
4	3	1	1	1.65216
6	4	1	3	1.522
13	7	3	2	1.62786
10	6	2	4	1.6463
18	10	4	5	1.45534
19	11	5	0	0.538175
1	1	0	1	0.473457
4	3	1	1	1.65291
3	3	1	1	1.5221
3	3	1	1	1.27144
6	4	1	3	1.31593
15	8	3	5	0.884938
20	11	5	0	0
1	1	0	1	0.428398
4	3	1	1	1.65364
6	4	1	3	1.4648
15	8	3	5	1.28797
20	11	5	0	0
2	2	0	2	1.74952
8	5	2	2	0
11	6	2	4	1.53246
18	10	4	5	1.49606
19	11	5	0	0.500236
1	1	0	1	0.471502
4	3	1	1	1.65289
3	3	1	1	1.5218
6	4	1	3	1.32318
15	8	3	5	0.937795
20	11	5	0	0
2	2	0	2	1.74629
8	5	2	2	0
11	6	2	4	1.53231
18	10	4	5	1.4963
19	11	5	0	0.500204
1	1	0	1	0.471504
4	3	1	1	1.65289
6	4	1	3	1.52214
15	8	3	5	1.34644
20	11	5	0	0
1	1	0	1	0.429204
5	4	1	3	1.65382
13	7	3	2	1.86513
9	5	2	2	1.96495
11	6	2	4	1.42886
18	10	4	5	1.1114
19	11	5	0	0.538982
1	1	0	1	0.472391
5	4	1	3	1.65051
15	8	3	5	0.857847
20	11	5	0	0
2	2	0	2	1.72981
12	6	2	4	1.63343
18	10	4	5	1.28166
19	11	5	0	0
2	2	0	2	1.90561
8	5	2	2	0
7	5	2	2	1.58759
7	5	2	2	1.95292
11	6	2	4	0.54187
17	9	4	3	1.77451
14	7	3	2	1.62227
9	5	2	2	1.60795
11	6	2	4	1.04671
18	10	4	5	1.44901
19	11	5	0	0.503625
2	2	0	2	1.91402
8	5	2	2	0
7	5	2	2	1.58616
7	5	2	2	1.95244
11	6	2	4	0.541912
17	9	4	3	1.77452
14	7	3	2	1.62226
9	5	2	2	1.60794
11	6	2	4	1.0467
18	10	4	5	1.44899
19	11	5	0	0.503626
1	1	0	1	0.472305
4	3	1	1	1.65295
3	3	1	1	1.52184
3	3	1	1	1.27138
3	3	1	1	1.25369
6	4	1	3	1.31625
13	7	3	2	1.87135
9	5	2	2	1.61402
11	6	2	4	1.41228
17	9	4	3	1.55183
16	8	3	5	1.61214
20	11	5	0	0
1	1	0	1	0.409551
5	4	1	3	1.65192
15	8	3	5	0.554915
20	11	5	0	0
2	2	0	2	1.72834
8	5	2	2	0
7	5	2	2	1.61615
7	5	2	2	1.93713
7	5	2	2	2.02071
7	5	2	2	1.86182
11	6	2	4	0.379222
18	10	4	5	0.850201
19	11	5	0	0.525745
2	2	0	2	1.91304
8	5	2	2	0
7	5	2	2	1.58339
7	5	2	2	1.91945
7	5	2	2	2.01441
11	6	2	4	0.384257
18	10	4	5	0.846226
19	11	5	0	0.511284
1	1	0	1	0.4727
4	3	1	1	1.65324
3	3	1	1	1.52195
3	3	1	1	1.27139
3	3	1	1	1.25368
3	3	1	1	1.25461
3	3	1	1	1.24414
3	3	1	1	1.25513
3	3	1	1	1.24414
3	3	1	1	1.2551
6	4	1	3	1.31217
13	7	3	2	1.61578
9	5	2	2	1.61274
7	5	2	2	1.8048
11	6	2	4	0.908174
18	10	4	5	1.75673
19	11	5	0	0.258731
2	2	0	2	1.90705
8	5	2	2	0
11	6	2	4	1.41814
17	9	4	3	1.58385
14	7	3	2	1.60279
9	5	2	2	1.59011
7	5	2	2	1.63192
11	6	2	4	0.53598
18	10	4	5	0.865361
19	11	5	0	0.510363
1	1	0	1	0.472175
5	4	1	3	1.65082
15	8	3	5	0.858051
20	11	5	0	0
2	2	0	2	1.7298
12	6	2	4	1.63343
17	9	4	3	1.86283
16	8	3	5	1.59264
20	11	5	0	0
2	2	0	2	1.71692
12	6	2	4	1.63515
17	9	4	3	1.86023
16	8	3	5	1.592
20	11	5	0	0
2	2	0	2	1.71702
12	6	2	4	1.63515
18	10	4	5	1.27594
19	11	5	0	0
2	2	0	2	1.90556
12	6	2	4	1.65625
17	9	4	3	1.84458
14	7	3	2	1.59215
10	6	2	4	1.58886
17	9	4	3	1.77025
14	7	3	2	1.58192
9	5	2	2	1.57546
7	5	2	2	1.62771
11	6	2	4	0.53492
18	10	4	5	0.868744
19	11	5	0	0.511101
1	1	0	1	0.472166
4	3	1	1	1.6529
3	3	1	1	1.52183
3	3	1	1	1.27141
3	3	1	1	1.25369
6	4	1	3	1.31625
13	7	3	2	1.87135
10	6	2	4	1.61402
17	9	4	3	1.48677
14	7	3	2	1.62821
10	6	2	4	1.60176
17	9	4	3	1.50502
14	7	3	2	1.56897
10	6	2	4	1.5741
17	9	4	3	1.89769
14	7	3	2	1.57472
10	6	2	4	1.57103
18	10	4	5	1.55075
19	11	5	0	0.538448
2	2	0	2	1.91303
12	6	2	4	1.66619
18	10	4	5	1.21349
19	11	5	0	0
1	1	0	1	0.469965
5	4	1	3	1.65005
13	7	3	2	1.57043
10	6	2	4	1.8785
17	9	4	3	1.48649
14	7	3	2	1.62867
9	5	2	2	1.60255
11	6	2	4	1.44065
18	10	4	5	1.31293
19	11	5	0	0.508535
1	1	0	1	0.471813
4	3	1	1	1.65277
6	4	1	3	1.52212
13	7	3	2	1.62809
9	5	2	2	1.64633
11	6	2	4	0.935643
18	10	4	5	1.4817
19	11	5	0	0.443125
2	2	0	2	1.9158
12	6	2	4	1.65639
17	9	4	3	1.84377
16	8	3	5	1.59218
20	11	5	0	0
2	2	0	2	1.71463
8	5	2	2	0
11	6	2	4	1.52955
17	9	4	3	1.55068
14	7	3	2	1.60122
10	6	2	4	1.58404
17	9	4	3	1.88959
14	7	3	2	1.57911
10	6	2	4	1.57068
17	9	4	3	1.92982
16	8	3	5	1.5778
20	11	5	0	0
2	2	0	2	1.71752
8	5	2	2	0
11	6	2	4	1.52847
18	10	4	5	1.50396
19	11	5	0	0.50017
1	1	0	1	0.471527
5	4	1	3	1.65084
13	7	3	2	1.57051
9	5	2	2	1.91004
7	5	2	2	1.55989
7	5	2	2	2.35386
7	5	2	2	2.02832
7	5	2	2	1.90356
7	5	2	2	1.87977
11	6	2	4	0.3655
18	10	4	5	0.844216
19	11	5	0	0.525768
2	2	0	2	1.91293
12	6	2	4	1.66629
17	9	4	3	1.83424
16	8	3	5	1.59074
20	11	5	0	0
1	1	0	1	0.408127
4	3	1	1	1.65236
6	4	1	3	1.46959
13	7	3	2	1.63322
9	5	2	2	1.63577
7	5	2	2	1.89549
11	6	2	4	0.925882
18	10	4	5	1.70039
19	11	5	0	0.373369
2	2	0	2	1.9098
12	6	2	4	1.65656
18	10	4	5	1.19999
19	11	5	0	0
1	1	0	1	0.469917
4	3	1	1	1.65216
6	4	1	3	1.522
15	8	3	5	1.34624
20	11	5	0	0
2	2	0	2	1.74851
12	6	2	4	1.6341
17	9	4	3	1.86322
16	8	3	5	1.59265
20	11	5	0	0
2	2	0	2	1.71689
12	6	2	4	1.63515
18	10	4	5	1.27593
19	11	5	0	0
1	1	0	1	0.470054
4	3	1	1	1.65207
3	3	1	1	1.52184
6	4	1	3	1.32311
13	7	3	2	1.6181
10	6	2	4	1.61251
18	10	4	5	1.45339
19	11	5	0	0.538261
1	1	0	1	0.473435
4	3	1	1	1.65287
6	4	1	3	1.52243
15	8	3	5	1.34792
20	11	5	0	0
1	1	0	1	0.429203
5	4	1	3	1.65382
15	8	3	5	0.551852
20	11	5	0	0
2	2	0	2	1.72859
8	5	2	2	0
11	6	2	4	1.53491
18	10	4	5	1.49509
19	11	5	0	0.498674
2	2	0	2	1.91448
12	6	2	4	1.65692
18	10	4	5	1.20006
19	11	5	0	0
2	2	0	2	1.90654
8	5	2	2	0
11	6	2	4	1.42835
18	10	4	5	1.57962
19	11	5	0	0.525355
1	1	0	1	0.472114
4	3	1	1	1.65345
3	3	1	1	1.52209
3	3	1	1	1.27128
6	4	1	3	1.31592
15	8	3	5	0.885109
20	11	5	0	0
2	2	0	2	1.74578
12	6	2	4	1.63383
18	10	4	5	1.27828
19	11	5	0	0
1	1	0	1	0.470078
5	4	1	3	1.64997
15	8	3	5	0.857401
20	11	5	0	0
2	2	0	2	1.73088
8	5	2	2	0
11	6	2	4	1.53523
18	10	4	5	1.49476
19	11	5	0	0.498577
2	2	0	2	1.9145
12	6	2	4	1.65692
18	10	4	5	1.20006
19	11	5	0	0
1	1	0	1	0.469918
4	3	1	1	1.65216
3	3	1	1	1.52166
6	4	1	3	1.3231
15	8	3	5	0.937733
20	11	5	0	0
1	1	0	1	0.428331
5	4	1	3	1.65369
15	8	3	5	0.548379
20	11	5	0	0
1	1	0	1	0.437628
4	3	1	1	1.6528
3	3	1	1	1.45841
3	3	1	1	1.27734
6	4	1	3	1.30906
13	7	3	2	1.61535
10	6	2	4	1.61265
17	9	4	3	1.48687
14	7	3	2	1.62833
10	6	2	4	1.6018
18	10	4	5	1.41509
19	11	5	0	0.542508
1	1	0	1	0.473858
5	4	1	3	1.65151
15	8	3	5	0.856865
20	11	5	0	0
2	2	0	2	1.72979
8	5	2	2	0
11	6	2	4	1.53509
18	10	4	5	1.49489
19	11	5	0	0.498612
2	2	0	2	1.91449
12	6	2	4	1.65692
18	10	4	5	1.20006
19	11	5	0	0
1	1	0	1	0.469918
4	3	1	1	1.65216
3	3	1	1	1.52166
6	4	1	3	1.32309
15	8	3	5	0.937733
20	11	5	0	0
1	1	0	1	0.428331
4	3	1	1	1.6537
3	3	1	1	1.45561
6	4	1	3	1.32467
13	7	3	2	1.6196
10	6	2	4	1.61669
18	10	4	5	1.45494
19	11	5	0	0.53827
2	2	0	2	1.91158
12	6	2	4	1.6662
17	9	4	3	1.83447
14	7	3	2	1.59073
10	6	2	4	1.58878
17	9	4	3	1.76767
14	7	3	2	1.58209
9	5	2	2	1.57552
11	6	2	4	1.16544
17	9	4	3	1.49269
16	8	3	5	1.58438
20	11	5	0	0
2	2	0	2	1.70759
12	6	2	4	1.63499
18	10	4	5	1.27295
19	11	5	0	0
1	1	0	1	0.470042
5	4	1	3	1.64997
15	8	3	5	0.857399
20	11	5	0	0
1	1	0	1	0.436592
4	3	1	1	1.65369
3	3	1	1	1.45903
6	4	1	3	1.32468
13	7	3	2	1.61956
9	5	2	2	1.61667
11	6	2	4	1.62751
18	10	4	5	1.48187
19	11	5	0	0.441436
1	1	0	1	0.470591
5	4	1	3	1.65065
13	7	3	2	1.57039
10	6	2	4	1.90982
18	10	4	5	1.45736
19	11	5	0	0.537256
1	1	0	1	0.473489
5	4	1	3	1.65083
13	7	3	2	1.57074
10	6	2	4	1.91041
17	9	4	3	1.48707
16	8	3	5	1.62841
20	11	5	0	0
1	1	0	1	0.406985
5	4	1	3	1.65204
13	7	3	2	1.8409
9	5	2	2	1.95704
7	5	2	2	1.58617
11	6	2	4	0.923007
17	9	4	3	1.79206
16	8	3	5	1.62023
20	11	5	0	0
1	1	0	1	0.409811
4	3	1	1	1.65173
6	4	1	3	1.47008
15	8	3	5	1.27691
20	11	5	0	0
1	1	0	1	0.428254
5	4	1	3	1.65377
15	8	3	5	0.551831
20	11	5	0	0
2	2	0	2	1.72859
12	6	2	4	1.63339
17	9	4	3	1.86277
16	8	3	5	1.59263
20	11	5	0	0
2	2	0	2	1.71692
12	6	2	4	1.63515
18	10	4	5	1.27593
19	11	5	0	0
1	1	0	1	0.470054
5	4	1	3	1.64997
13	7	3	2	1.57047
9	5	2	2	1.87851
7	5	2	2	1.55117
7	5	2	2	2.35928
11	6	2	4	0.522397
18	10	4	5	1.10461
19	11	5	0	0.513933
1	1	0	1	0.472322
4	3	1	1	1.65295
3	3	1	1	1.52186
6	4	1	3	1.32322
13	7	3	2	1.61814
9	5	2	2	1.61252
7	5	2	2	1.83738
7	5	2	2	2.31554
11	6	2	4	0.550347
18	10	4	5	1.10741
19	11	5	0	0.509378
2	2	0	2	1.91469
8	5	2	2	0
11	6	2	4	1.42257
17	9	4	3	1.58712
14	7	3	2	1.5983
9	5	2	2	1.58911
7	5	2	2	1.63153
7	5	2	2	2.01224
7	5	2	2	1.96983
7	5	2	2	1.87193
11	6	2	4	0.369151
18	10	4	5	0.84543
19	11	5	0	0.525758
2	2	0	2	1.91296
8	5	2	2	0
11	6	2	4	1.42302
18	10	4	5	1.58435
19	11	5	0	0.536471
1	1	0	1	0.472458
4	3	1	1	1.65352
3	3	1	1	1.52215
6	4	1	3	1.32317
13	7	3	2	1.61811
9	5	2	2	1.61251
7	5	2	2	1.83731
7	5	2	2	2.31555
7	5	2	2	2.00697
7	5	2	2	1.8589
7	5	2	2	1.89163
11	6	2	4	0.365104
18	10	4	5	0.845471
19	11	5	0	0.525661
1	1	0	1	0.472764
5	4	1	3	1.65115
15	8	3	5	0.858486
20	11	5	0	0
2	2	0	2	1.72979
8	5	2	2	0
11	6	2	4	1.53509
17	9	4	3	1.5484
14	7	3	2	1.60061
10	6	2	4	1.58358
17	9	4	3	1.89165
14	7	3	2	1.57933
9	5	2	2	1.57075
11	6	2	4	1.07958
17	9	4	3	1.49615
16	8	3	5	1.58598
20	11	5	0	0
1	1	0	1	0.408563
4	3	1	1	1.65059
6	4	1	3	1.47001
15	8	3	5	1.27295
20	11	5	0	0
2	2	0	2	1.75011
8	5	2	2	0
11	6	2	4	1.53252
18	10	4	5	1.49607
19	11	5	0	0.500207
1	1	0	1	0.471501
4	3	1	1	1.65289
6	4	1	3	1.52213
15	8	3	5	1.34642
20	11	5	0	0
1	1	0	1	0.429204
4	3	1	1	1.65383
3	3	1	1	1.45653
3	3	1	1	1.27746
6	4	1	3	1.30915
15	8	3	5	0.885099
20	11	5	0	0
1	1	0	1	0.428384
4	3	1	1	1.65364
3	3	1	1	1.45544
6	4	1	3	1.32468
13	7	3	2	1.6196
9	5	2	2	1.6167
11	6	2	4	1.62758
18	10	4	5	1.48184
19	11	5	0	0.44141
2	2	0	2	1.91527
8	5	2	2	0
11	6	2	4	1.41774
18	10	4	5	1.58017
19	11	5	0	0.526669
1	1	0	1	0.472149
4	3	1	1	1.65347
3	3	1	1	1.5221
6	4	1	3	1.32316
15	8	3	5	0.937771
20	11	5	0	0
2	2	0	2	1.74629
12	6	2	4	1.63386
17	9	4	3	1.86313
16	8	3	5	1.59264
20	11	5	0	0
2	2	0	2	1.71689
8	5	2	2	0
7	5	2	2	1.61399
7	5	2	2	1.93617
11	6	2	4	0.52976
17	9	4	3	1.78186
16	8	3	5	1.62195
20	11	5	0	0
2	2	0	2	1.71755
12	6	2	4	1.63517
17	9	4	3	1.85994
16	8	3	5	1.59191
20	11	5	0	0
2	2	0	2	1.71713
8	5	2	2	0
11	6	2	4	1.52966
17	9	4	3	1.55064
16	8	3	5	1.6012
20	11	5	0	0
2	2	0	2	1.7082
12	6	2	4	1.63508
18	10	4	5	1.2736
19	11	5	0	0
2	2	0	2	1.90555
12	6	2	4	1.65625
17	9	4	3	1.84458
14	7	3	2	1.59215
9	5	2	2	1.58902
11	6	2	4	1.29048
18	10	4	5	1.50736
19	11	5	0	0.493258
1	1	0	1	0.471914
4	3	1	1	1.65286
6	4	1	3	1.52212
13	7	3	2	1.62807
10	6	2	4	1.64633
18	10	4	5	1.45538
19	11	5	0	0.538181
2	2	0	2	1.91135
12	6	2	4	1.66621
18	10	4	5	1.21385
19	11	5	0	0
2	2	0	2	1.90653
12	6	2	4	1.65624
17	9	4	3	1.84459
16	8	3	5	1.59217
20	11	5	0	0
1	1	0	1	0.408051
5	4	1	3	1.65233
13	7	3	2	1.84094
9	5	2	2	1.95724
7	5	2	2	1.58631
7	5	2	2	2.32994
11	6	2	4	0.543727
17	9	4	3	1.84373
14	7	3	2	1.60506
10	6	2	4	1.59002
18	10	4	5	1.5977
19	11	5	0	0.540089
1	1	0	1	0.47336
5	4	1	3	1.65094
15	8	3	5	0.858552
20	11	5	0	0
1	1	0	1	0.43697
5	4	1	3	1.65271
13	7	3	2	1.86696
9	5	2	2	1.96585
11	6	2	4	1.42912
17	9	4	3	1.52363
16	8	3	5	1.58775
20	11	5	0	0
2	2	0	2	1.70708
12	6	2	4	1.63499
17	9	4	3	1.85971
16	8	3	5	1.59185
20	11	5	0	0
1	1	0	1	0.408102
4	3	1	1	1.65256
6	4	1	3	1.47042
13	7	3	2	1.62728
9	5	2	2	1.63571
11	6	2	4	1.41925
18	10	4	5	1.49665
19	11	5	0	0.341327
1	1	0	1	0.469935
4	3	1	1	1.65293
6	4	1	3	1.52204
13	7	3	2	1.62793
9	5	2	2	1.64631
11	6	2	4	0.936595
17	9	4	3	1.55227
16	8	3	5	1.61452
20	11	5	0	0
2	2	0	2	1.71617
12	6	2	4	1.63516
18	10	4	5	1.2751
19	11	5	0	0
1	1	0	1	0.470049
5	4	1	3	1.64997
15	8	3	5	0.857401
20	11	5	0	0
2	2	0	2	1.73088
8	5	2	2	0
7	5	2	2	1.61631
7	5	2	2	1.93702
7	5	2	2	2.02055
7	5	2	2	1.86179
11	6	2	4	0.379242
18	10	4	5	0.850199
19	11	5	0	0.525745
2	2	0	2	1.91304
8	5	2	2	0
11	6	2	4	1.423
17	9	4	3	1.58716
14	7	3	2	1.59828
10	6	2	4	1.58911
18	10	4	5	1.62315
19	11	5	0	0.540753
1	1	0	1	0.473432
4	3	1	1	1.65311
3	3	1	1	1.5221
3	3	1	1	1.27145
3	3	1	1	1.25366
3	3	1	1	1.25461
3	3	1	1	1.24414
3	3	1	1	1.25513
6	4	1	3	1.31151
15	8	3	5	0.885048
20	11	5	0	0
2	2	0	2	1.74584
8	5	2	2	0
7	5	2	2	1.61493
11	6	2	4	0.586291
17	9	4	3	1.93373
14	7	3	2	1.62279
9	5	2	2	1.59617
11	6	2	4	1.17857
18	10	4	5	1.28484
19	11	5	0	0.532204
2	2	0	2	1.91466
12	6	2	4	1.66623
17	9	4	3	1.83429
16	8	3	5	1.59076
20	11	5	0	0
1	1	0	1	0.408127
4	3	1	1	1.65236
6	4	1	3	1.46959
15	8	3	5	1.27949
20	11	5	0	0
1	1	0	1	0.428229
5	4	1	3	1.65377
13	7	3	2	1.86484
9	5	2	2	1.96484
7	5	2	2	1.58553
7	5	2	2	2.32584
11	6	2	4	0.543593
17	9	4	3	1.84526
14	7	3	2	1.60493
10	6	2	4	1.58995
17	9	4	3	1.88326
14	7	3	2	1.57764
10	6	2	4	1.57055
17	9	4	3	1.92979
16	8	3	5	1.57777
20	11	5	0	0
2	2	0	2	1.71754
12	6	2	4	1.63524
18	10	4	5	1.2739
19	11	5	0	0
1	1	0	1	0.470049
4	3	1	1	1.65207
3	3	1	1	1.52184
6	4	1	3	1.32311
15	8	3	5	0.937705
20	11	5	0	0
2	2	0	2	1.74629
8	5	2	2	0
11	6	2	4	1.53231
17	9	4	3	1.54881
14	7	3	2	1.60075
9	5	2	2	1.58382
11	6	2	4	1.14676
17	9	4	3	1.49826
14	7	3	2	1.58925
10	6	2	4	1.58262
18	10	4	5	1.56542
19	11	5	0	0.539309
2	2	0	2	1.91262
8	5	2	2	0
11	6	2	4	1.42475
17	9	4	3	1.58701
16	8	3	5	1.59834
20	11	5	0	0
2	2	0	2	1.70839
12	6	2	4	1.63506
18	10	4	5	1.2736
19	11	5	0	0
2	2	0	2	1.90555
12	6	2	4	1.65624
17	9	4	3	1.84458
14	7	3	2	1.59215
9	5	2	2	1.58888
11	6	2	4	1.29049
17	9	4	3	1.86008
14	7	3	2	1.59867
10	6	2	4	1.58195
18	10	4	5	1.56377
19	11	5	0	0.53937
2	2	0	2	1.91272
12	6	2	4	1.6662
18	10	4	5	1.21354
19	11	5	0	0
1	1	0	1	0.469965
4	3	1	1	1.65215
6	4	1	3	1.522
15	8	3	5	1.34625
20	11	5	0	0
1	1	0	1	0.429208
5	4	1	3	1.65382
13	7	3	2	1.86512
9	5	2	2	1.96495
7	5	2	2	1.58555
11	6	2	4	0.917944
18	10	4	5	1.48853
19	11	5	0	0.457307
1	1	0	1	0.4721
4	3	1	1	1.65318
3	3	1	1	1.52186
3	3	1	1	1.27134
3	3	1	1	1.25369
3	3	1	1	1.25461
3	3	1	1	1.24414
6	4	1	3	1.31636
15	8	3	5	0.609331
20	11	5	0	0
1	1	0	1	0.428481
4	3	1	1	1.65359
6	4	1	3	1.46469
15	8	3	5	1.28771
20	11	5	0	0
1	1	0	1	0.428021
5	4	1	3	1.65376
13	7	3	2	1.86453
9	5	2	2	1.96482
7	5	2	2	1.58558
11	6	2	4	0.917975
18	10	4	5	1.49042
19	11	5	0	0.456957
1	1	0	1	0.472097
5	4	1	3	1.65114
13	7	3	2	1.57058
9	5	2	2	1.91038
11	6	2	4	1.18505
18	10	4	5	0.977057
19	11	5	0	0.553609
2	2	0	2	1.91708
8	5	2	2	0
11	6	2	4	1.42292
17	9	4	3	1.58706
16	8	3	5	1.59832
20	11	5	0	0
2	2	0	2	1.70839
12	6	2	4	1.63506
17	9	4	3	1.85984
14	7	3	2	1.59188
10	6	2	4	1.58571
18	10	4	5	1.65345
19	11	5	0	0.54225
2	2	0	2	1.91017
8	5	2	2	0
7	5	2	2	1.58405
11	6	2	4	0.589215
18	10	4	5	1.89046
19	11	5	0	0
2	2	0	2	1.90733
12	6	2	4	1.6623
17	9	4	3	1.84427
16	8	3	5	1.59224
20	11	5	0	0
1	1	0	1	0.408049
5	4	1	3	1.65233
13	7	3	2	1.84093
9	5	2	2	1.95724
7	5	2	2	1.58631
7	5	2	2	2.32994
7	5	2	2	2.01541
11	6	2	4	0.401915
17	9	4	3	1.4642
16	8	3	5	1.62367
20	11	5	0	0
2	2	0	2	1.71625
8	5	2	2	0
11	6	2	4	1.52878
18	10	4	5	1.50437
19	11	5	0	0.499734
2	2	0	2	1.91427
8	5	2	2	0
11	6	2	4	1.41928
17	9	4	3	1.58377
14	7	3	2	1.60273
10	6	2	4	1.59009
18	10	4	5	1.62768
19	11	5	0	0.540925
2	2	0	2	1.91156
8	5	2	2	0
11	6	2	4	1.42502
18	10	4	5	1.58413
19	11	5	0	0.536382
1	1	0	1	0.472445
4	3	1	1	1.65351
3	3	1	1	1.52215
6	4	1	3	1.32317
13	7	3	2	1.61811
10	6	2	4	1.61252
18	10	4	5	1.45339
19	11	5	0	0.538261
1	1	0	1	0.473435
4	3	1	1	1.65287
3	3	1	1	1.52209
6	4	1	3	1.32323
15	8	3	5	0.937731
20	11	5	0	0
2	2	0	2	1.74628
12	6	2	4	1.63386
17	9	4	3	1.86313
16	8	3	5	1.59264
20	11	5	0	0
2	2	0	2	1.71689
12	6	2	4	1.63515
18	10	4	5	1.27593
19	11	5	0	0
2	2	0	2	1.90556
8	5	2	2	0
7	5	2	2	1.58759
11	6	2	4	0.586393
17	9	4	3	1.92958
16	8	3	5	1.62209
20	11	5	0	0
2	2	0	2	1.7152
12	6	2	4	1.63516
18	10	4	5	1.27495
19	11	5	0	0
2	2	0	2	1.90555
8	5	2	2	0
11	6	2	4	1.42973
18	10	4	5	1.57951
19	11	5	0	0.525141
1	1	0	1	0.472109
4	3	1	1	1.65345
6	4	1	3	1.52242
15	8	3	5	1.34784
20	11	5	0	0
2	2	0	2	1.74852
8	5	2	2	0
11	6	2	4	1.53289
17	9	4	3	1.54876
14	7	3	2	1.60074
9	5	2	2	1.5838
11	6	2	4	1.14675
17	9	4	3	1.49827
16	8	3	5	1.58925
20	11	5	0	0
2	2	0	2	1.70921
12	6	2	4	1.63507
18	10	4	5	1.27328
19	11	5	0	0
1	1	0	1	0.470045
4	3	1	1	1.65207
6	4	1	3	1.52218
13	7	3	2	1.62787
10	6	2	4	1.6463
17	9	4	3	1.48661
16	8	3	5	1.62933
20	11	5	0	0
1	1	0	1	0.407128
5	4	1	3	1.65193
15	8	3	5	0.554621
20	11	5	0	0
1	1	0	1	0.43784
5	4	1	3	1.65278
15	8	3	5	0.552031
20	11	5	0	0
1	1	0	1	0.437651
4	3	1	1	1.6528
6	4	1	3	1.46768
15	8	3	5	1.2991
20	11	5	0	0
2	2	0	2	1.7494
12	6	2	4	1.63401
18	10	4	5	1.2788
19	11	5	0	0
2	2	0	2	1.9056
12	6	2	4	1.65625
17	9	4	3	1.84457
14	7	3	2	1.59215
10	6	2	4	1.58899
17	9	4	3	1.77025
14	7	3	2	1.58192
9	5	2	2	1.57546
7	5	2	2	1.62771
7	5	2	2	2.00607
11	6	2	4	0.474945
17	9	4	3	1.71848
16	8	3	5	1.6225
20	11	5	0	0
1	1	0	1	0.407374
5	4	1	3	1.651
13	7	3	2	1.83814
10	6	2	4	1.9558
17	9	4	3	1.48532
16	8	3	5	1.62828
20	11	5	0	0
2	2	0	2	1.71706
12	6	2	4	1.63514
18	10	4	5	1.2743
19	11	5	0	0
1	1	0	1	0.47005
5	4	1	3	1.64997
13	7	3	2	1.57047
9	5	2	2	1.87851
7	5	2	2	1.55117
7	5	2	2	2.35928
7	5	2	2	2.02907
7	5	2	2	1.9036
7	5	2	2	1.87948
11	6	2	4	0.365455
18	10	4	5	0.844143
19	11	5	0	0.525773
1	1	0	1	0.472762
5	4	1	3	1.65115
13	7	3	2	1.57072
10	6	2	4	1.91045
17	9	4	3	1.48705
16	8	3	5	1.62842
20	11	5	0	0
