1.44688
1.63545
1.86002
1.59193
1.58573
1.33067
1.86221
1.59229
1.58142
1.09798
1.50013
1.58995
0
1.70898
1.63506
1.85981
1.59187
0
0.4081
1.65249
0.554215
0
1.72838
1.63337
1.28113
0
1.90561
1.65625
1.20155
0
1.90656
1.66209
1.84461
1.59217
1.58889
1.29033
1.50738
0.493257
0.471914
1.65286
1.52179
1.27137
1.31594
0.884947
0
1.74578
0
1.53222
1.54881
1.60075
1.58382
1.14676
1.49826
1.58924
0
1.70921
1.63507
1.85982
1.59188
0
0.4081
1.65249
0.554215
0
1.72838
0
1.53487
1.54844
1.60064
0
0.407456
1.65116
1.83824
1.95587
1.45651
0.53689
1.91082
0
1.58406
1.91963
0.543275
1.84873
1.62092
0
1.71818
1.63519
1.85998
1.59191
0
0.408098
1.65249
0.554216
0
0.437836
1.65279
1.45834
1.32464
1.61957
1.61667
1.45494
0.53827
0.473403
1.65075
1.57074
1.91036
1.56062
0.906256
1.71841
1.60438
1.59261
1.56645
0.540328
0.473324
1.65087
0.858533
0
1.7298
0
1.61625
0.585967
1.87626
0
1.90551
1.6623
1.19808
0
1.90653
0
1.42834
1.57962
0.525351
1.90972
1.65686
1.84357
1.59209
0
0.408055
1.6524
1.46962
1.27947
0
0.42823
1.65378
1.45611
1.27756
1.30915
1.61534
1.61265
1.48687
1.62833
1.6018
1.50481
1.56905
0
1.71324
0
1.6135
0.586372
1.87654
0
1.90554
1.66229
1.19806
0
0.469908
1.65007
0.857229
0
1.73087
0
1.53523
1.49476
0.498577
1.9145
0
1.41921
1.58023
0.526924
1.90956
0
1.4257
1.58379
1.6027
1.59006
1.6319
0.535975
0.865372
0.510363
1.91456
0
1.42268
1.58425
0.536478
1.90899
0
1.42624
1.58029
0.526811
1.90957
0
1.42569
1.58027
0.526762
0.472146
1.65146
0.857982
0
1.7298
0
1.61626
1.93708
0.529953
1.78241
1.62195
0
1.71756
1.63517
1.85994
1.59191
1.58572
1.65345
0.54225
1.91017
0
1.58405
0.589215
1.89046
0
1.90733
0
1.41663
1.5838
1.60288
0
0.407405
1.65143
1.47015
1.27679
0
0.428263
1.65377
0.551829
0
1.72859
0
1.61617
1.93712
2.02071
1.86181
1.88625
1.87345
0.364149
1.46914
1.60854
1.60034
1.61965
0.531313
0.856101
0.509865
0.472194
1.65292
1.52184
1.27141
1.31594
0.884936
0
1.74578
1.63383
1.86315
1.59264
0
1.71689
1.63515
1.86023
1.592
1.58574
1.65337
0.54225
1.91017
1.66626
1.83435
1.5907
0
0.408126
1.65229
1.84104
1.95728
1.5863
0.923072
1.55309
0.445643
1.91189
1.65702
1.20051
0
0.469919
1.65007
0.857233
0
1.73087
0
1.53523
1.54839
1.60059
0
1.70828
0
1.52873
1.50438
0.49972
0.471519
1.65292
1.52214
1.62803
1.64632
1.51283
2.38529
2.01926
0.398154
0.823681
0.513651
0.472667
1.65115
1.5707
1.91043
1.48706
1.62841
0
0.406985
1.65211
1.46933
1.27602
0
1.75001
1.63405
1.27894
0
0.470081
1.64997
0.857405
0
1.73088
0
1.61631
0.585975
1.93314
1.62283
0
1.71508
1.63516
1.85974
1.59191
0
1.71713
1.63515
1.86024
1.59201
0
0.408102
1.65256
1.46287
1.3247
1.62012
1.61631
1.63009
1.48344
0.44084
1.91526
1.65634
1.19901
0
0.469914
1.65216
1.522
1.62786
1.6463
1.51287
2.38511
2.01927
1.89562
0.375449
0.84577
0.524924
0.472754
1.6532
1.52228
1.34737
0
1.74855
0
1.53289
1.49608
0.499979
0.471495
1.65289
1.5218
1.32318
0.937797
0
1.74629
0
1.53231
1.4963
0.500205
0.471504
1.65289
1.5218
1.32318
1.61812
1.61252
1.45339
0.538261
0.473436
1.65078
1.57074
1.91037
1.56064
0.90625
1.71839
1.60439
1.59261
1.61715
0.531317
2.11379
1.60485
1.58974
1.10674
1.07695
0.534168
0.472651
1.65292
1.52188
1.27142
1.31594
0.884934
0
1.74578
1.63383
1.86315
1.59264
0
0.408087
1.65255
1.46288
1.27767
1.24692
1.2558
1.31158
1.61575
1.61272
1.4554
0.538269
0.473392
1.65284
1.52241
1.62808
1.64632
1.48666
1.62932
1.60256
1.63758
2.01594
1.96943
1.87059
1.87752
0.364086
1.46916
1.60859
0
0.407603
1.651
1.47007
1.27497
0
1.75008
1.63406
1.27896
0
1.9056
1.65625
1.20155
0
1.90656
0
1.42835
1.58334
1.60293
0
0.407408
1.65143
1.47015
1.2768
0
1.75006
1.63406
1.86328
1.59266
1.58594
1.32871
1.48999
0.495881
0.47192
1.65284
1.52212
1.62808
1.64633
1.45538
0.538181
0.473457
1.65291
1.52243
1.62807
1.64632
1.45538
0.538181
0.473457
1.65083
1.57074
1.91039
1.48707
1.62841
0
1.71695
1.63515
1.27431
0
0.47005
1.64997
1.57047
1.87851
1.55117
0.90287
1.72182
1.60342
0
0.40748
1.65095
1.8381
1.95577
1.45651
0.536891
1.91082
0
1.58406
1.91963
0.543275
1.31062
0.469292
0.471979
1.65101
1.5706
1.9103
1.45726
0.537245
0.47349
1.65292
1.52211
1.32323
0.937732
0
1.74629
1.63386
1.86313
1.59264
0
1.71689
0
1.52965
1.55064
1.6012
0
0.407468
1.65116
1.83822
1.95587
1.48531
1.62828
1.6027
1.50511
1.56786
1.57404
1.5891
0.538871
1.9125
1.66621
1.83442
1.59074
1.5888
1.62578
2.01558
1.9663
0.370918
1.46827
1.62309
1.59567
1.87218
1.5761
0
0.407373
1.65117
0.555085
0
1.72833
0
1.61615
0.585958
1.87623
0
1.9055
0
1.58034
1.95443
0.54187
1.77399
1.62227
0
1.7173
1.63516
1.27393
0
1.90555
0
1.42973
1.58326
1.60293
0
0.407407
1.65133
1.83831
1.95594
1.48531
1.62828
0
1.71706
0
1.61373
1.93605
0.529724
1.7818
1.62195
0
0.409781
1.65177
1.46294
1.27776
1.3087
0.88555
0
0.428388
1.65363
0.548374
0
0.437627
1.65278
0.552017
0
0.437652
1.65279
0.552017
0
1.72856
1.63339
1.86277
1.59263
1.58593
1.62738
0.538513
2.11836
1.60421
1.58935
1.10406
1.07892
0.534356
1.91437
1.66624
1.21292
0
1.90652
1.65624
1.84459
1.59217
1.58886
1.7703
1.58192
0
0.408365
1.65087
0.555233
0
0.43785
1.65278
1.86571
1.96575
1.45737
0.536865
0.473495
1.65085
0.858431
0
0.436968
1.65272
1.46802
1.30007
0
0.427991
1.65378
1.46527
1.6241
1.63526
1.89115
0.929838
1.80186
1.6209
1.59784
1.09306
1.363
0.517202
1.91427
1.66624
1.21281
0
1.90652
0
1.42856
1.5796
0.525352
1.90972
1.65686
1.20078
0
0.469919
1.65007
0.857235
0
1.73088
0
1.53523
1.49476
0.498579
0.471447
1.65288
1.52213
1.62803
1.64632
1.51284
0.90695
1.74756
1.6202
0
0.409942
1.65168
1.47008
1.63376
1.63582
1.89581
0.926668
1.69897
0.37529
1.90985
0
1.41904
1.58038
0.526857
1.90954
0
1.58664
1.95298
0.54192
1.08464
0.505601
0.472362
1.65089
0.858102
0
0.436965
1.65272
1.46805
1.30009
0
1.74939
1.63401
1.86324
1.59265
0
1.71689
0
1.61399
0.586396
1.93362
1.62288
1.59619
1.1789
1.28491
0.532185
1.91466
1.66623
1.83429
1.59076
1.58879
1.65456
0.542286
0.473656
1.65331
1.52253
1.62807
1.64631
0.934309
1.5523
1.61453
0
0.409784
1.65177
0.555005
0
0.43785
1.65278
1.86573
1.96575
1.45738
0.536865
1.91087
0
1.42561
1.58408
0.536362
0.472442
1.65151
0.858161
0
1.7298
1.63343
1.28166
0
1.90561
0
1.42975
1.58326
1.60293
0
0.407408
1.65133
0.555268
0
1.72832
1.63337
1.28111
0
0.470091
1.65207
1.52184
1.32311
0.937701
0
1.74629
1.63386
1.86313
1.59264
0
0.408088
1.65255
1.46288
1.3247
1.62012
1.61631
1.45494
0.538281
1.91158
0
1.42547
1.58407
0.53637
0.472443
1.65351
1.52248
1.34816
0
1.74851
0
1.61524
1.93545
0.530246
1.78273
1.62195
0
1.71756
0
1.61366
1.93634
0.529697
1.08971
0.50691
1.91436
1.66625
1.21277
0
1.90652
1.65624
1.84459
1.59217
0
0.408051
1.65233
0.554422
0
1.72837
0
1.53487
1.49511
0.49869
0.471454
1.65081
1.57051
1.91001
1.17619
0.978771
0.553588
0.472755
1.6526
1.52217
1.34669
0
1.74856
1.6341
1.2793
0
0.470083
1.64997
0.857403
0
1.73088
1.63349
1.28197
0
1.90561
1.65625
1.84456
1.59215
1.58899
1.65566
0.542268
1.91037
1.66626
1.2139
0
1.90653
1.65624
1.20102
0
0.469924
1.65007
1.57043
1.8785
1.4562
0.537379
1.91109
1.66621
1.21389
0
1.90653
1.65624
1.84459
1.59217
1.58889
1.62553
0.538392
2.1149
1.60481
1.58949
1.62317
2.01579
1.96423
1.87256
1.87691
0.364055
0.843183
0.526396
0.472762
1.65115
1.57072
1.91045
1.56072
2.35217
0.523997
1.84226
1.60378
0
1.70992
0
1.52856
1.55094
1.60128
0
0.407472
1.65125
1.46312
1.32473
0.893158
0
0.428491
1.65364
0.548374
0
1.72862
1.63339
1.28121
0
1.90561
0
1.58759
0.586393
1.92958
1.62209
1.59602
1.84342
1.5733
0
0.407575
1.65123
1.46943
1.2734
0
1.75008
0
1.61507
1.93523
2.02067
1.86197
1.88624
0.365005
1.46923
1.60919
0
0.407605
1.651
1.47008
1.634
1.6359
1.48596
1.62888
0
1.71574
0
1.61373
1.93612
0.529716
1.78176
1.62195
1.6077
1.87355
1.58053
1.57035
1.0876
1.49618
1.58573
0
0.408569
1.65048
1.83737
1.9554
1.45648
0.536892
0.473501
1.65086
1.57074
1.91043
1.56072
2.35218
2.02756
0.404255
1.46373
1.6234
1.61022
1.06989
1.46868
0.500518
1.91403
0
1.58617
0.586556
1.92992
1.62211
1.596
1.17907
1.76326
1.58926
1.582
1.08767
1.50059
1.58993
0
1.7091
0
1.52846
1.55091
1.6013
1.58411
1.58381
0.540007
0.473331
1.65087
0.858525
0
0.43697
1.65271
0.551954
0
0.437657
1.6528
1.4584
1.27734
1.24718
1.31684
1.87215
1.61404
1.48676
1.62821
1.60176
1.50503
1.56897
1.57412
1.18749
0.870022
0.547013
0.473036
1.65079
0.858466
0
1.7298
0
1.61625
0.585967
1.93314
1.62284
1.59621
1.84216
1.57342
0
0.407585
1.65113
1.83946
1.95617
1.43458
1.5251
1.58783
1.58067
1.10675
1.08032
0.537141
0.472725
1.65293
1.5219
1.32322
0.937796
0
0.428333
1.65369
0.54838
0
0.437628
1.6528
1.46769
1.62357
1.63502
1.45433
0.538549
0.473413
1.65076
0.858373
0
1.7298
1.63343
1.28165
0
1.90561
1.65625
1.20155
0
0.469926
1.65007
0.857234
0
0.436592
1.65368
0.551871
0
0.43766
1.65281
1.4584
1.27734
1.30906
1.61535
1.61265
1.80397
2.33385
0.549649
1.79262
1.6215
0
1.709
1.6351
1.85984
1.59188
1.58574
1.32975
1.49111
0.495781
1.91463
1.6578
1.84339
1.5921
1.58903
1.62554
2.01591
0.467565
1.45914
1.62292
0
0.407434
1.65108
1.46311
1.27781
1.24687
1.31683
0.609185
0
1.74475
1.63378
1.86313
1.59264
0
1.71689
0
1.52965
1.55064
1.6012
0
1.70821
0
1.52874
1.55093
1.60129
1.58409
1.58382
0.540007
0.473331
1.65087
1.57077
1.91037
1.48706
1.62841
1.60248
1.63908
0.539154
2.12484
1.60467
1.58928
1.62155
0.535784
2.12325
1.60445
1.58942
1.88569
1.57786
0
0.407081
1.65137
1.46238
1.32482
0.892811
0
0.428493
1.65365
1.46491
1.28841
0
1.74952
0
1.61504
1.93527
2.02068
0.372379
1.46748
1.62427
1.606
1.08453
1.80815
1.59483
1.58871
1.56581
0.539529
1.91266
1.6662
1.21355
0
1.90653
0
1.58735
0.586368
1.87922
0
1.90682
1.6623
1.19814
0
1.90653
1.66208
1.20095
0
0.469923
1.65007
0.857237
0
0.436593
1.65368
0.551871
0
1.72853
0
1.61617
1.93712
0.52992
1.78234
1.62195
0
0.40978
1.65168
1.83909
1.95626
1.5863
0.922973
1.79289
1.62024
1.59623
1.58929
0.540998
0.473362
1.65096
1.57077
1.9104
1.56077
0.906239
1.71823
1.60442
0
0.407473
1.65096
0.555394
0
1.72831
0
1.61615
0.585959
1.93314
1.62285
1.59621
1.84214
1.57342
0
1.71556
0
1.5284
1.55082
1.60127
0
1.7082
0
1.61368
1.9366
0.528977
1.7815
1.62195
1.60771
1.61356
0.541167
0.473385
1.65305
1.52208
1.32324
0.937762
0
0.428333
1.6537
1.46495
1.62413
1.63528
1.48568
1.62885
1.60212
1.41398
0.54252
1.90865
0
1.42593
1.58419
0.536356
0.472443
1.65351
1.52215
1.27129
1.31592
1.61545
1.61274
1.80476
0.907802
1.82025
1.62311
1.59863
1.62415
2.02126
0.458693
1.45977
1.62289
0
0.407444
1.65097
0.555392
0
0.437855
1.65279
1.4676
1.62359
1.63503
1.45434
0.53855
1.91171
1.6662
1.21381
0
1.90653
0
1.42856
1.5796
0.525356
1.90972
0
1.42561
1.58027
0.526769
0.472147
1.65347
1.52243
1.3479
0
1.74851
0
1.53289
1.49608
0.499979
0.471496
1.65081
1.57051
1.91002
1.17642
1.52346
1.58575
1.5817
1.55738
0.539165
0.473293
1.65083
0.858493
0
0.436969
1.65271
0.551954
0
1.72855
0
1.5349
1.4951
0.498678
1.91448
0
1.58046
0.586414
1.87933
0
1.90684
0
1.58029
0.586202
1.92897
1.62219
0
1.71516
1.63516
1.85974
1.59191
0
1.71713
1.63515
1.86024
1.59201
0
1.71702
1.63515
1.27595
0
1.90556
1.65625
1.84458
1.59215
1.58902
1.62553
2.01591
1.96594
1.87161
0.369096
0.845456
0.525774
0.472761
1.65319
1.52228
1.34737
0
0.429202
1.65382
0.551851
0
1.72858
0
1.61617
1.93712
0.529922
1.08964
0.506863
0.472373
1.65089
1.57066
1.91024
1.56039
0.906255
1.05447
0.521591
1.91466
1.66624
1.83428
1.59076
1.58879
1.76758
1.58209
1.57551
1.58002
0.539002
0.473313
1.65084
0.858492
0
0.436969
1.65272
1.45876
1.32466
0.88914
0
0.428492
1.65364
1.4649
1.62414
1.63527
1.8913
2.38384
0.544122
1.09268
0.511879
1.91433
1.66624
1.83427
1.59075
1.58881
1.62578
2.01559
1.96629
1.87156
0.369126
1.46934
1.60921
1.60044
1.61979
0.531318
0.856114
0.509858
1.91447
0
1.42268
1.58426
0.536479
0.472457
1.65352
1.52215
1.32317
1.61811
1.61252
1.59156
1.49878
0.438222
1.91515
0
1.4177
1.58372
1.60283
0
1.70831
1.63508
1.2737
0
1.90555
1.65625
1.84458
1.59215
1.58899
1.65567
0.542268
1.91037
1.66626
1.21391
0
1.90653
1.65624
1.84459
1.59217
1.58886
1.7703
1.58192
0
0.408366
1.65097
1.46244
1.32483
0.89297
0
1.74559
1.63383
1.27839
0
1.90559
0
1.42975
1.58326
1.60293
0
1.70831
1.63508
1.27371
0
0.470047
1.64997
1.57047
1.87851
1.08166
1.24357
0.544775
0.472596
1.65268
1.52217
1.34667
0
1.74856
1.6341
1.86322
1.59265
1.5859
1.76019
1.58257
1.57578
1.62823
2.00598
1.976
1.87212
1.87812
1.87322
0.363503
1.4691
1.60847
1.60032
1.8785
1.57118
1.5704
1.92989
1.57767
0
0.406193
1.65168
0.55481
0
1.72834
1.63337
1.28112
0
1.90561
1.65625
1.20155
0
1.90656
1.66208
1.20096
0
0.469923
1.65216
1.522
1.62786
1.6463
1.45534
0.538175
0.473457
1.65291
1.5221
1.27144
1.31593
0.884938
0
0.428398
1.65364
1.4648
1.28797
0
1.74952
0
1.53246
1.49606
0.500236
0.471502
1.65289
1.5218
1.32318
0.937795
0
1.74629
0
1.53231
1.4963
0.500204
0.471504
1.65289
1.52214
1.34644
0
0.429204
1.65382
1.86513
1.96495
1.42886
1.1114
0.538982
0.472391
1.65051
0.857847
0
1.72981
1.63343
1.28166
0
1.90561
0
1.58759
1.95292
0.54187
1.77451
1.62227
1.60795
1.04671
1.44901
0.503625
1.91402
0
1.58616
1.95244
0.541912
1.77452
1.62226
1.60794
1.0467
1.44899
0.503626
0.472305
1.65295
1.52184
1.27138
1.25369
1.31625
1.87135
1.61402
1.41228
1.55183
1.61214
0
0.409551
1.65192
0.554915
0
1.72834
0
1.61615
1.93713
2.02071
1.86182
0.379222
0.850201
0.525745
1.91304
0
1.58339
1.91945
2.01441
0.384257
0.846226
0.511284
0.4727
1.65324
1.52195
1.27139
1.25368
1.25461
1.24414
1.25513
1.24414
1.2551
1.31217
1.61578
1.61274
1.8048
0.908174
1.75673
0.258731
1.90705
0
1.41814
1.58385
1.60279
1.59011
1.63192
0.53598
0.865361
0.510363
0.472175
1.65082
0.858051
0
1.7298
1.63343
1.86283
1.59264
0
1.71692
1.63515
1.86023
1.592
0
1.71702
1.63515
1.27594
0
1.90556
1.65625
1.84458
1.59215
1.58886
1.77025
1.58192
1.57546
1.62771
0.53492
0.868744
0.511101
0.472166
1.6529
1.52183
1.27141
1.25369
1.31625
1.87135
1.61402
1.48677
1.62821
1.60176
1.50502
1.56897
1.5741
1.89769
1.57472
1.57103
1.55075
0.538448
1.91303
1.66619
1.21349
0
0.469965
1.65005
1.57043
1.8785
1.48649
1.62867
1.60255
1.44065
1.31293
0.508535
0.471813
1.65277
1.52212
1.62809
1.64633
0.935643
1.4817
0.443125
1.9158
1.65639
1.84377
1.59218
0
1.71463
0
1.52955
1.55068
1.60122
1.58404
1.88959
1.57911
1.57068
1.92982
1.5778
0
1.71752
0
1.52847
1.50396
0.50017
0.471527
1.65084
1.57051
1.91004
1.55989
2.35386
2.02832
1.90356
1.87977
0.3655
0.844216
0.525768
1.91293
1.66629
1.83424
1.59074
0
0.408127
1.65236
1.46959
1.63322
1.63577
1.89549
0.925882
1.70039
0.373369
1.9098
1.65656
1.19999
0
0.469917
1.65216
1.522
1.34624
0
1.74851
1.6341
1.86322
1.59265
0
1.71689
1.63515
1.27593
0
0.470054
1.65207
1.52184
1.32311
1.6181
1.61251
1.45339
0.538261
0.473435
1.65287
1.52243
1.34792
0
0.429203
1.65382
0.551852
0
1.72859
0
1.53491
1.49509
0.498674
1.91448
1.65692
1.20006
0
1.90654
0
1.42835
1.57962
0.525355
0.472114
1.65345
1.52209
1.27128
1.31592
0.885109
0
1.74578
1.63383
1.27828
0
0.470078
1.64997
0.857401
0
1.73088
0
1.53523
1.49476
0.498577
1.9145
1.65692
1.20006
0
0.469918
1.65216
1.52166
1.3231
0.937733
0
0.428331
1.65369
0.548379
0
0.437628
1.6528
1.45841
1.27734
1.30906
1.61535
1.61265
1.48687
1.62833
1.6018
1.41509
0.542508
0.473858
1.65151
0.856865
0
1.72979
0
1.53509
1.49489
0.498612
1.91449
1.65692
1.20006
0
0.469918
1.65216
1.52166
1.32309
0.937733
0
0.428331
1.6537
1.45561
1.32467
1.6196
1.61669
1.45494
0.53827
1.91158
1.6662
1.83447
1.59073
1.58878
1.76767
1.58209
1.57552
1.16544
1.49269
1.58438
0
1.70759
1.63499
1.27295
0
0.470042
1.64997
0.857399
0
0.436592
1.65369
1.45903
1.32468
1.61956
1.61667
1.62751
1.48187
0.441436
0.470591
1.65065
1.57039
1.90982
1.45736
0.537256
0.473489
1.65083
1.57074
1.91041
1.48707
1.62841
0
0.406985
1.65204
1.8409
1.95704
1.58617
0.923007
1.79206
1.62023
0
0.409811
1.65173
1.47008
1.27691
0
0.428254
1.65377
0.551831
0
1.72859
1.63339
1.86277
1.59263
0
1.71692
1.63515
1.27593
0
0.470054
1.64997
1.57047
1.87851
1.55117
2.35928
0.522397
1.10461
0.513933
0.472322
1.65295
1.52186
1.32322
1.61814
1.61252
1.83738
2.31554
0.550347
1.10741
0.509378
1.91469
0
1.42257
1.58712
1.5983
1.58911
1.63153
2.01224
1.96983
1.87193
0.369151
0.84543
0.525758
1.91296
0
1.42302
1.58435
0.536471
0.472458
1.65352
1.52215
1.32317
1.61811
1.61251
1.83731
2.31555
2.00697
1.8589
1.89163
0.365104
0.845471
0.525661
0.472764
1.65115
0.858486
0
1.72979
0
1.53509
1.5484
1.60061
1.58358
1.89165
1.57933
1.57075
1.07958
1.49615
1.58598
0
0.408563
1.65059
1.47001
1.27295
0
1.75011
0
1.53252
1.49607
0.500207
0.471501
1.65289
1.52213
1.34642
0
0.429204
1.65383
1.45653
1.27746
1.30915
0.885099
0
0.428384
1.65364
1.45544
1.32468
1.6196
1.6167
1.62758
1.48184
0.44141
1.91527
0
1.41774
1.58017
0.526669
0.472149
1.65347
1.5221
1.32316
0.937771
0
1.74629
1.63386
1.86313
1.59264
0
1.71689
0
1.61399
1.93617
0.52976
1.78186
1.62195
0
1.71755
1.63517
1.85994
1.59191
0
1.71713
0
1.52966
1.55064
1.6012
0
1.7082
1.63508
1.2736
0
1.90555
1.65625
1.84458
1.59215
1.58902
1.29048
1.50736
0.493258
0.471914
1.65286
1.52212
1.62807
1.64633
1.45538
0.538181
1.91135
1.66621
1.21385
0
1.90653
1.65624
1.84459
1.59217
0
0.408051
1.65233
1.84094
1.95724
1.58631
2.32994
0.543727
1.84373
1.60506
1.59002
1.5977
0.540089
0.47336
1.65094
0.858552
0
0.43697
1.65271
1.86696
1.96585
1.42912
1.52363
1.58775
0
1.70708
1.63499
1.85971
1.59185
0
0.408102
1.65256
1.47042
1.62728
1.63571
1.41925
1.49665
0.341327
0.469935
1.65293
1.52204
1.62793
1.64631
0.936595
1.55227
1.61452
0
1.71617
1.63516
1.2751
0
0.470049
1.64997
0.857401
0
1.73088
0
1.61631
1.93702
2.02055
1.86179
0.379242
0.850199
0.525745
1.91304
0
1.423
1.58716
1.59828
1.58911
1.62315
0.540753
0.473432
1.65311
1.5221
1.27145
1.25366
1.25461
1.24414
1.25513
1.31151
0.885048
0
1.74584
0
1.61493
0.586291
1.93373
1.62279
1.59617
1.17857
1.28484
0.532204
1.91466
1.66623
1.83429
1.59076
0
0.408127
1.65236
1.46959
1.27949
0
0.428229
1.65377
1.86484
1.96484
1.58553
2.32584
0.543593
1.84526
1.60493
1.58995
1.88326
1.57764
1.57055
1.92979
1.57777
0
1.71754
1.63524
1.2739
0
0.470049
1.65207
1.52184
1.32311
0.937705
0
1.74629
0
1.53231
1.54881
1.60075
1.58382
1.14676
1.49826
1.58925
1.58262
1.56542
0.539309
1.91262
0
1.42475
1.58701
1.59834
0
1.70839
1.63506
1.2736
0
1.90555
1.65624
1.84458
1.59215
1.58888
1.29049
1.86008
1.59867
1.58195
1.56377
0.53937
1.91272
1.6662
1.21354
0
0.469965
1.65215
1.522
1.34625
0
0.429208
1.65382
1.86512
1.96495
1.58555
0.917944
1.48853
0.457307
0.4721
1.65318
1.52186
1.27134
1.25369
1.25461
1.24414
1.31636
0.609331
0
0.428481
1.65359
1.46469
1.28771
0
0.428021
1.65376
1.86453
1.96482
1.58558
0.917975
1.49042
0.456957
0.472097
1.65114
1.57058
1.91038
1.18505
0.977057
0.553609
1.91708
0
1.42292
1.58706
1.59832
0
1.70839
1.63506
1.85984
1.59188
1.58571
1.65345
0.54225
1.91017
0
1.58405
0.589215
1.89046
0
1.90733
1.6623
1.84427
1.59224
0
0.408049
1.65233
1.84093
1.95724
1.58631
2.32994
2.01541
0.401915
1.4642
1.62367
0
1.71625
0
1.52878
1.50437
0.499734
1.91427
0
1.41928
1.58377
1.60273
1.59009
1.62768
0.540925
1.91156
0
1.42502
1.58413
0.536382
0.472445
1.65351
1.52215
1.32317
1.61811
1.61252
1.45339
0.538261
0.473435
1.65287
1.52209
1.32323
0.937731
0
1.74628
1.63386
1.86313
1.59264
0
1.71689
1.63515
1.27593
0
1.90556
0
1.58759
0.586393
1.92958
1.62209
0
1.7152
1.63516
1.27495
0
1.90555
0
1.42973
1.57951
0.525141
0.472109
1.65345
1.52242
1.34784
0
1.74852
0
1.53289
1.54876
1.60074
1.5838
1.14675
1.49827
1.58925
0
1.70921
1.63507
1.27328
0
0.470045
1.65207
1.52218
1.62787
1.6463
1.48661
1.62933
0
0.407128
1.65193
0.554621
0
0.43784
1.65278
0.552031
0
0.437651
1.6528
1.46768
1.2991
0
1.7494
1.63401
1.2788
0
1.9056
1.65625
1.84457
1.59215
1.58899
1.77025
1.58192
1.57546
1.62771
2.00607
0.474945
1.71848
1.6225
0
0.407374
1.651
1.83814
1.9558
1.48532
1.62828
0
1.71706
1.63514
1.2743
0
0.47005
1.64997
1.57047
1.87851
1.55117
2.35928
2.02907
1.9036
1.87948
0.365455
0.844143
0.525773
0.472762
1.65115
1.57072
1.91045
1.48705
1.62842
0
