1.55668
1.58699
2.07355
2.23627
0
0.330409
1.5063
1.52253
1.53997
1.5339
1.53445
1.53454
1.53454
1.53454
1.47622
1.58356
0.52386
1.65035
1.60209
0
1.32356
1.57063
1.34975
2.06966
2.13575
0
1.3425
1.55979
1.40118
0.478071
1.65194
1.49455
0.537038
1.64946
1.60299
1.60603
1.59346
0.561425
1.64141
0
0
0
1.55086
2.14833
2.26226
1.60905
0.533971
1.3291
0.595615
1.64638
1.53941
2.11946
2.17134
0
1.34063
1.55959
0
1.39462
2.06748
2.06875
1.62661
0.513952
1.31733
0.58858
1.64668
1.53841
2.11948
2.17145
1.63961
1.42941
1.30579
2.08338
2.09413
1.62535
0.51391
0.737406
1.37159
0.62269
1.63995
0
0
1.3029
2.22064
2.24848
1.61816
1.8092
0.594005
1.6386
0
0
0
1.08602
1.28609
2.12004
2.25319
1.61009
1.85902
0.595913
1.63867
0
1.39931
2.11713
2.09583
1.62927
1.87488
2.14363
2.22463
1.61935
1.54776
2.12524
2.23097
0
0.332204
1.50624
1.52253
1.53997
1.53389
1.53445
1.53455
1.47622
1.58356
2.11932
2.14512
1.64011
1.55264
2.1356
2.2452
1.61669
0.793394
0.723203
0
1.29972
2.14983
2.25807
0
0.332117
1.50631
1.78042
0
0.371552
0
1.10534
0.585433
1.54549
0.484736
1.65353
1.58944
0
0.250806
1.51935
1.75772
1.59091
0
0.277717
1.54799
1.50165
1.8319
1.57696
1.63851
1.6074
1.37092
2.09328
2.09164
1.62644
0.517255
1.31744
0.588531
1.64669
1.60723
1.60644
1.59675
0.559409
1.64127
0
0
1.30311
2.22094
2.24852
1.61817
1.80908
0.594001
1.6386
1.60444
1.60713
1.38242
0.844635
0
1.2995
2.15281
2.26312
0
0.331698
1.50623
1.52261
1.76885
1.57598
0
0.274731
1.53992
1.5062
1.81828
1.57675
0
0.275251
1.54111
1.40703
1.61293
0
1.5323
1.57379
1.08293
2.06763
2.13671
1.64884
1.55724
2.13423
2.24876
1.61631
1.79872
2.12683
2.22911
0
1.60333
1.56161
1.59061
1.63289
1.60173
1.36125
2.08581
2.08794
0
1.33158
1.55953
1.58988
0
1.52952
1.57513
1.56927
1.63245
1.6006
1.35727
2.08516
2.08806
0
0.583161
1.50533
1.52308
1.77638
1.5764
1.63766
1.61655
0.527962
1.64093
0
0
0
1.55093
0.516856
1.65121
1.46845
2.11946
2.17875
0
1.34003
1.55962
0
0.989204
1.31344
0.591338
1.64162
1.60182
0
1.35386
1.57886
1.32978
0.472892
1.65212
1.60489
1.60598
1.5928
2.07547
2.23388
1.61576
0.533554
0.713052
0
1.29964
2.14989
2.25816
1.60957
1.91694
0.596754
1.63866
1.60439
1.60713
1.59665
0.559374
1.64131
1.61025
1.60704
1.35384
0.841168
0
0.867778
0.582241
0.825503
0.82392
1.54475
0.484493
1.65355
1.5894
1.59625
1.10319
0.776151
1.3467
2.25614
2.26288
1.62229
0.537666
1.32396
2.05284
2.08587
0
1.58321
1.55958
1.58989
0
1.52952
1.57513
1.56928
0
1.27792
1.57421
1.22659
2.06452
2.13539
0
1.34242
1.55982
1.58997
1.63301
1.6013
1.18003
1.36333
0.631726
1.63852
1.60368
0
0
1.52154
1.74822
1.59307
0
0.278227
1.54856
1.39396
0
1.37263
2.05771
2.06619
1.63111
0.513383
0.744256
1.37296
2.26219
2.2607
1.62345
1.54044
0.598653
1.63826
0
1.39932
0.564872
1.65252
1.60488
0
0
1.52179
1.51929
1.77911
0
0.635355
0
1.54935
2.1495
2.26261
0
1.61478
1.56151
1.42419
0.481259
1.65184
0
0
0
1.55116
2.14832
2.26225
0
0.331824
1.5063
1.78049
1.58486
0
0.277655
1.54831
1.39449
0
1.37262
2.0577
2.0662
1.63111
1.87042
0.615334
1.63773
0
1.39824
0.564995
1.65251
1.60491
1.60616
1.34758
1.35337
0.587923
1.64761
1.53704
0.533868
1.64964
1.50449
0.536388
1.64948
1.60295
1.60602
1.59344
2.07471
2.23394
1.61568
1.82357
2.12828
2.22817
1.61815
1.53982
0.596963
1.6381
1.54338
2.11954
2.17043
0
0.632435
1.5051
1.52301
1.54104
1.53356
1.47617
1.57758
1.63648
1.61046
1.37008
0.581299
1.64821
1.53428
0.534044
1.64963
1.60268
1.60598
1.59335
2.0748
2.23393
0
0.330449
1.50623
1.52255
1.76897
1.57598
0
0.274732
1.53992
1.50617
1.5445
1.53376
1.53435
1.47621
1.57763
0
0.27442
1.53804
1.41176
1.58206
0.522902
1.65036
1.6017
1.60585
1.5931
0.561737
1.64142
0
1.40626
2.12201
2.09534
0
0.331068
1.50545
1.52306
1.77645
1.57039
0.524402
1.65034
0
1.41742
0.556907
1.65279
1.52336
2.11952
2.17297
0
1.34051
1.5596
0
1.39462
0.580596
1.64938
1.53311
0.534105
1.64962
0
0
0
1.08384
0.585485
1.54541
0.484733
1.65353
1.58944
0
0.250806
1.51932
1.52157
1.53957
1.47662
1.57781
1.63637
1.61858
0.528506
1.64092
1.61022
0
1.3118
1.57138
0
1.39337
0.580436
1.64939
1.53308
2.11944
2.17216
1.63952
1.55259
2.13522
2.24495
0
1.60231
1.5614
1.59051
0
1.52935
1.57516
1.56946
1.63245
1.6007
1.35729
2.08519
2.08808
1.62624
1.86124
0.614243
1.63776
1.60365
0
0
1.52245
1.74281
1.59399
0
0.278422
1.54874
1.39358
1.58268
2.11771
2.14672
1.64011
1.43184
1.00674
0
1.29986
0.518367
1.65011
1.58938
0
1.34881
1.57906
1.59357
0
0.259218
1.52649
1.69312
1.60196
1.64191
1.58288
1.37726
2.0872
2.08648
0
1.33158
1.55949
1.40174
2.07436
2.1366
1.64929
1.55725
2.13481
2.24927
0
0.33109
1.50617
1.52254
1.53997
1.53389
1.53445
1.53455
1.47622
1.57765
0
1.5368
1.57905
0
1.38462
0.580235
1.64936
1.53321
2.11944
2.17215
1.63952
1.42852
1.30574
0.582425
1.64702
0
0
1.3031
0.580374
1.643
1.6008
1.60399
1.28672
1.35209
0.592275
1.64753
0
1.40233
2.1192
2.09734
0
1.5854
1.55984
1.40176
2.07441
2.1366
1.6493
1.55725
2.13481
2.24927
1.61629
1.79905
0.599294
1.63796
0
0
0
1.55072
0.516939
1.65121
1.58697
1.59626
1.11353
1.35102
2.05009
2.08162
0
0.330775
1.50545
1.80751
1.58156
0
1.55411
1.57561
1.55783
1.63299
1.62353
0.5355
1.64577
1.52785
2.11975
2.17269
1.63939
1.42689
1.30568
0.582427
1.64702
1.53706
2.11953
2.17161
0
0.632163
1.50519
1.80771
1.58048
0.524789
1.65031
1.60207
1.60588
1.59315
2.07506
2.2339
1.61571
0.537289
0.712455
0
1.29964
0.51884
1.64996
1.58552
0
0
1.52286
1.52029
1.77389
0
0.635424
1.30515
0.581948
1.64258
1.51468
0.535711
1.64951
0
1.41648
2.12026
2.10071
1.62867
0.517066
1.32063
2.05623
2.08687
1.62466
1.88646
2.14439
2.22386
1.6195
0.885489
1.32216
0.589055
1.64667
1.54393
2.11938
2.17016
1.63975
1.43113
1.00444
0
0.768732
0.845171
1.5446
0.484522
1.65351
1.46466
0.538161
1.64926
1.60338
1.60608
1.59358
2.07479
2.23397
0
1.60475
1.56142
1.59051
0
1.52935
1.57516
1.56946
0
0
1.52612
1.51351
1.54234
1.47688
1.57723
2.11915
2.14508
0
0.63262
1.50511
1.52302
1.77631
1.57646
1.63766
1.61655
2.05365
2.24261
1.61303
0.517376
1.32852
0.595335
1.64646
1.60154
1.60642
1.59682
2.07149
2.2345
0
1.60518
1.56141
1.5905
1.63292
1.60159
1.17979
0
1.30011
2.16086
2.26283
0
0.331961
1.50621
1.52261
1.76884
1.57598
1.63769
1.61641
2.05366
2.24259
0
1.60422
1.55907
1.42605
2.07752
2.13721
1.64378
1.55736
0.60161
1.63637
1.5412
0.533736
1.64966
1.60264
0
1.32342
1.57067
1.34916
0.47357
1.65212
1.49376
0.537081
1.64945
0
1.41623
2.1203
2.10062
1.62868
0.517054
1.32062
0.589526
1.64662
0
0
1.30313
0.580323
1.643
1.51391
0.53575
1.64951
0
1.41647
2.12026
2.10071
0
1.58693
1.56003
0
1.39462
2.06747
2.06875
1.62661
1.86733
0.615216
1.63772
0
0
1.30334
0.580339
1.64299
1.6008
1.60398
1.28667
1.35209
2.05578
2.08116
0
1.58251
1.55958
1.40175
2.07437
2.1366
0
1.34255
1.55977
1.40118
0.478066
1.65195
0
0
1.30251
0.581887
1.6429
1.60091
1.60401
1.28816
0.809545
1.35185
0.619591
1.6398
1.60302
0
1.35079
1.5788
0
1.39274
0.580477
1.64939
1.60727
1.60655
1.37078
1.35339
2.05405
2.08113
1.62524
1.87926
0.615295
1.63776
0
1.39821
2.11628
2.09522
1.62929
0.51581
1.32002
0.589401
1.64663
1.60151
1.60642
1.59677
0.559405
1.64126
1.6103
0
0
1.52204
1.51905
1.54033
1.47673
1.57786
0
1.53673
1.57907
1.56529
1.63213
1.62493
2.04783
2.23974
1.61281
1.84898
2.13273
2.22568
1.61841
1.54615
2.12585
2.23044
0
1.60313
1.56156
1.40132
0.478309
1.65194
1.605
0
0
1.5213
1.51984
1.77648
1.57084
2.11998
2.14507
1.64011
1.43158
1.00662
0
0.76874
1.55339
0.49019
1.65306
1.58971
0
0.250785
1.51933
1.75779
0
0.371684
1.30546
0.581996
1.64258
1.60095
1.604
1.28852
0.809397
1.35187
2.25907
2.26311
1.62251
1.79705
2.13301
2.22856
1.61847
1.53966
2.1266
2.23021
0
0.332312
1.50633
1.78016
1.58487
1.64076
1.58883
1.37535
2.08875
2.08779
0
0.584077
1.50531
1.52308
1.77637
1.5764
0
0.278421
1.53987
1.40845
1.58217
0.522818
1.65036
1.60169
0
0
1.52141
1.74747
1.59317
0
0.278255
1.5486
1.39388
1.58267
0.522444
1.65037
1.60166
1.60585
1.59308
2.07511
2.23389
0
0.330473
1.50623
1.52254
1.53997
1.53389
1.53446
1.47622
0
1.37052
0.582533
1.64921
1.60759
0
1.32271
1.57122
1.34229
2.06911
2.13555
0
1.34249
1.5598
0
1.39464
2.06745
2.06875
0
0.58429
1.50535
1.80766
1.58046
2.12003
2.14632
1.64012
1.55272
2.13557
2.24526
0
0.331421
1.50627
1.78044
1.58484
1.64076
1.58881
1.37536
0.580761
1.64837
1.6068
0
1.32306
1.57121
1.58261
0
1.27386
1.57468
1.22197
2.06451
2.13539
1.64888
1.47619
1.30861
2.08473
2.09462
1.62538
1.87511
0.615042
1.63774
1.60366
1.60704
1.38765
0.843868
0
0.866887
0.582168
1.54585
2.11809
2.25287
1.61279
0.539028
1.32765
0.594944
1.64644
1.60153
0
1.3233
1.5713
1.58241
1.63307
1.60496
1.35889
0.582201
1.64835
1.60684
1.60649
1.59639
0.559628
1.64128
1.61028
0
1.32121
1.57127
1.33745
0.472867
1.65214
1.60478
0
1.32245
1.57051
1.58375
0
1.27381
1.57472
0
1.38922
2.07556
2.07183
1.62681
1.86229
0.614873
1.63773
1.54509
2.11948
2.1702
1.63971
1.4306
1.00474
1.39021
0.633496
1.63915
1.60358
0
1.33053
1.57957
1.58717
0
0.255958
1.52637
1.51341
1.54234
1.5339
1.53439
1.47621
1.57763
0
0.274418
1.53804
1.412
1.6106
0
1.53356
1.57621
1.55718
1.63305
1.62342
2.04792
2.23958
1.61281
0.518762
0.680821
1.35902
0.617368
1.64028
0
0
1.30283
0.580423
1.643
1.51394
0.53575
1.64951
1.6029
0
0
1.52147
1.51976
1.77685
0
1.37123
0.582648
1.64919
1.60759
0
1.32271
1.57123
1.58257
1.63309
1.605
1.16248
0
0.853654
1.54552
0.489083
1.65302
1.4651
2.1194
2.17911
1.6381
1.55124
0.602522
1.63702
0
0
0
1.55074
2.14835
2.26227
0
0.33182
1.50622
1.52261
1.76884
1.57099
2.11991
2.14505
1.64011
1.43156
1.0066
1.3905
0.633464
1.63916
1.60358
0
0
1.5218
1.74675
1.59331
0
1.54213
1.57534
1.07772
0.473393
1.65219
0
1.41899
2.13536
2.10414
0
0.331082
1.50549
1.52306
1.77647
1.57039
2.11985
2.14496
1.64011
1.43149
1.00659
0
1.29987
2.14916
2.25661
0
1.61393
1.56157
1.5946
0
0.259521
1.52772
1.69348
1.5815
0.52334
1.65034
1.50189
0.536536
1.64947
1.60298
1.60603
1.29233
0.831902
1.35119
0.619345
1.63982
1.52764
2.11987
2.17232
1.6394
1.42668
0.99883
1.39017
2.26779
2.25928
1.6243
1.54229
2.13091
2.22982
1.61824
1.53915
0.597359
1.63808
1.60415
1.60709
1.59675
2.07218
2.23456
0
1.60507
1.5614
1.59049
1.63292
1.62254
0.533678
1.6405
1.52693
0.53482
1.64957
1.60277
0
1.32339
1.57068
1.58345
0
0
1.5271
1.69172
0
1.37196
2.05718
2.06629
1.63108
0.513345
0.744149
1.37293
2.26218
2.2607
1.62345
0.804366
1.32277
2.05411
2.0857
0
0.330593
1.50533
1.52307
1.54104
1.53356
1.53448
1.47622
1.57763
0
0.274418
1.53804
1.412
1.6106
0
0.281559
1.5505
1.39194
1.58283
0.522357
1.65037
0
1.41772
0.556656
1.65279
1.60424
1.60607
1.34366
0.83149
1.35289
2.25971
2.26319
1.62256
1.7964
2.133
2.22858
0
1.60215
1.56156
1.40133
0.478312
1.65194
1.49461
2.12033
2.17606
0
0.630265
1.50512
1.52302
1.77632
1.5704
0.524403
1.65034
1.50254
2.12007
2.17548
1.63892
1.41908
0.996542
1.3901
0.633387
1.63916
1.60357
0
1.33054
1.57957
1.33122
0.472565
1.65214
1.60483
1.60595
1.59278
2.07549
2.23387
0
0.330508
1.50622
1.52255
1.76897
1.57598
0
0.274732
1.53992
1.50617
1.5445
1.53377
1.4761
1.58356
0.523842
1.65035
1.60208
0
1.32356
1.57063
1.58357
1.63322
1.62488
0.53431
1.64052
1.59913
1.61037
1.59842
0.558078
1.64121
1.61035
0
1.3212
1.57126
0
0.960587
1.31386
2.23053
2.24997
0
1.61059
1.56195
1.59076
1.63285
1.62264
2.04944
2.24023
0
0.327917
1.50369
1.78519
1.58366
1.64058
1.60567
0.536777
1.64114
1.60998
0
0
1.52178
1.74587
0
1.6232
2.05688
2.06636
1.63107
1.87092
2.14463
2.22452
1.61947
0.883555
1.32219
0.589074
1.64667
1.59911
1.61247
1.444
0.862107
1.3584
0.624603
1.63931
1.52993
2.11983
2.17209
1.63944
1.5525
2.13521
2.24484
1.61669
0.793555
0.723384
0
1.29972
0.518807
1.64998
1.58554
0
1.34834
1.57906
1.59371
1.63169
1.60416
1.36027
2.08618
2.08831
0
0.583423
1.50532
1.52307
1.54105
1.47612
1.57797
1.63629
1.61078
1.36988
2.09365
2.09222
0
1.33171
1.55952
1.40174
0.478087
1.65194
1.49453
0.537039
1.64946
0
1.41624
0.557752
1.65278
0
0
1.30292
2.22095
2.24851
0
0.333668
1.50601
1.52263
1.76874
1.57598
0
1.54057
1.5785
1.56407
0
0
1.5262
1.69786
1.58136
0.523446
1.65034
1.60199
0
1.32358
1.57062
1.58359
1.63322
1.62488
2.04892
2.24024
1.61284
1.85016
0.609027
1.63778
1.60424
0
1.3219
1.57162
1.58142
0
0
1.5269
1.51321
1.54243
1.53389
1.53438
1.53455
1.47622
1.58356
0.523859
1.65035
1.60209
1.60588
1.28464
1.35377
2.05187
2.08099
0
0.330888
1.50536
1.52308
1.7764
1.5764
1.63766
1.60866
1.3712
2.09342
2.09187
0
1.3317
1.55952
0
0.988893
0
1.55133
0.519642
1.65106
1.46878
0.538035
1.64927
1.60335
0
0
1.52153
1.74692
1.5809
0.523879
1.65033
1.60202
1.60587
1.28389
1.35378
2.05185
2.08099
1.62518
1.88022
0.615352
1.63776
1.54516
0.533364
1.64968
1.60259
0
0
1.52147
1.7472
1.59322
0
0.278265
1.54861
1.39386
1.58267
0.522443
1.65037
1.50154
2.12008
2.17556
0
0.630284
1.5052
1.8077
1.58158
1.64096
1.58721
1.37596
2.08824
2.08731
1.62643
1.86052
0.614351
1.63775
1.60364
0
1.32209
1.57161
1.58147
1.633
1.60475
1.15953
0
1.30029
2.15221
2.25875
0
0.332066
1.50631
1.78045
1.58486
1.64076
1.58881
1.37536
2.08874
2.08778
1.62643
1.86022
2.14357
2.22512
0
0.333451
1.50634
1.78003
1.58489
1.64076
1.60106
2.07514
2.23945
0
0.328806
1.50611
1.78113
1.58475
1.64077
1.58895
1.37537
0.58076
1.64837
1.6068
0
1.32306
1.5712
1.34255
0.473135
1.65213
1.60479
0
1.32245
1.57051
1.35085
2.06976
2.13576
1.64912
1.47837
1.04579
1.39055
2.26796
2.25934
0
1.60233
1.56159
1.59066
1.63288
1.6226
2.04945
2.24023
0
0.327917
1.50369
1.78519
1.58366
1.64058
1.59356
1.25754
1.35443
2.26276
2.26341
0
0.332516
1.50641
1.77989
1.58493
1.64076
1.58885
1.37535
2.08875
2.08779
0
0.584079
1.50531
1.52307
1.54104
1.53356
1.53448
1.53455
1.47622
0
1.37053
2.05436
2.06653
0
1.33124
1.55945
1.40175
0.478076
1.65195
1.60498
0
1.32238
1.57053
1.58369
1.63324
1.60515
1.16614
0
1.30028
0.521223
1.64971
0
0
0
1.08315
0.58548
1.5454
2.11835
2.25303
0
0.332724
1.506
1.52263
1.53997
1.47644
1.58358
2.1192
2.1451
1.64011
1.55263
0.602584
1.63683
1.60351
0
0
1.52227
1.74387
1.5938
0
0.278382
1.54869
1.50115
1.83307
1.57698
1.63852
1.60739
1.25191
1.3605
0.630207
1.63871
1.60365
0
0
1.52149
1.51989
1.54017
1.53402
1.47616
1.57761
0
0.274411
1.53803
1.50735
1.81481
0
0.636636
1.30516
2.22274
2.24894
1.61821
1.80894
2.12011
2.22765
0
1.60389
1.5616
1.59061
1.63289
1.60172
1.36125
0.582071
1.64837
0
1.40387
2.12029
2.09815
1.62915
0.516145
0.738716
1.37032
0.622093
1.63999
1.60307
0
1.33347
1.57493
1.58798
0
1.52747
1.57484
1.5703
0
1.2779
1.57425
1.57021
0
1.27788
1.57424
1.22596
0.468977
1.65229
1.60457
0
1.32253
1.57855
1.58736
1.63188
1.62343
0.534191
1.64587
0
0
0
1.5509
0.516868
1.65121
1.58697
1.59626
1.58832
2.08743
2.2362
0
0.331388
1.50631
1.78027
1.58086
0.524347
1.65032
1.60205
0
1.32357
1.57062
1.3498
2.06966
2.13575
1.64911
1.55716
0.601347
1.63644
1.54123
0.533731
1.64966
1.60264
0
0
1.52145
1.51975
1.5402
1.47671
1.57785
1.63636
1.6107
1.24323
0
1.29984
0.523575
1.65111
1.46896
2.11946
2.17871
1.63818
1.40848
0.990837
1.38997
2.26772
2.25927
1.62428
0.827699
1.3217
2.05498
2.0856
1.62468
1.88709
2.14443
2.22382
1.61951
0.88587
0.760947
0
0.81327
0.844042
0.825967
0.824468
0.824213
1.54473
0.48449
1.65355
1.5894
0
0.25081
1.51935
1.75773
1.59091
0
0.277716
1.548
1.39578
1.61822
1.64317
1.5915
2.08323
2.23764
1.61551
1.86057
2.12929
2.22667
1.61838
1.54586
0.596409
1.63813
1.60417
1.60709
1.38392
1.35264
2.05467
2.08107
0
0.330935
1.50544
1.80752
1.58046
2.12003
2.14632
1.64012
1.43213
1.30596
2.08343
2.09413
0
0.331029
1.50542
1.80754
1.58155
0
0.280995
1.54935
1.50059
1.54628
1.53361
1.53432
1.47621
1.58356
2.11933
2.14513
0
1.34079
1.55963
1.58989
0
1.52946
1.57515
1.56932
1.63245
1.60062
1.35728
2.08517
2.08807
1.62624
1.86125
2.1436
2.2251
0
0.33345
1.50634
1.78003
1.58489
0
0.277643
1.54828
1.50142
1.54605
1.47716
0
0.637977
0
1.54935
2.1495
2.26261
1.60899
0.533807
1.3291
2.04862
2.08696
1.62441
0.506869
0.730876
0
1.29972
2.14932
2.25746
1.60962
1.91622
2.12409
2.22538
1.61807
1.54401
0.597357
1.6381
1.60415
1.60709
1.38418
0.844091
0
1.2995
2.15281
2.26312
1.60886
0.533445
0.706239
1.35872
0.61719
1.6403
1.60285
1.60481
1.33852
1.35226
0.588218
1.64758
1.60743
0
1.32293
1.57129
1.58241
0
0
1.52697
1.5132
1.80194
1.57661
1.63813
1.61574
2.05379
2.24262
1.61304
1.85514
2.13276
2.22528
0
1.60353
1.56171
1.59066
1.63287
1.60178
1.17985
0
1.30012
2.16086
2.26283
0
0.331961
1.50621
1.52259
1.53997
1.47644
1.58358
2.1192
2.1451
0
0.632629
1.50519
1.80772
0
0.369473
0
1.10522
1.28631
0.484072
1.65317
1.58927
1.59618
1.58786
0.57242
1.64069
1.6101
0
1.32094
1.5714
1.58182
1.63305
1.62496
2.04882
2.2402
1.61283
1.85006
2.13274
2.22561
0
0.332865
1.5063
1.52253
1.53997
1.5339
1.53445
1.53455
1.47622
1.57765
0
1.5368
1.57905
0
1.38461
2.07809
2.07299
1.62687
0.515343
0.74706
0
1.29979
2.14922
2.2573
1.60964
0.535465
0.709737
0
0.831375
0.843012
0.826089
0.824505
1.54474
0.484506
1.65355
1.5894
1.59625
1.10319
1.35129
0.593506
1.64728
1.60745
0
1.323
1.5713
0
1.39332
0.580428
1.64939
0
0
1.30305
0.580517
1.64299
1.60081
0
1.35356
1.57891
1.33061
0.472966
1.65212
1.6049
0
1.32241
1.57052
0
0.968519
0
1.55142
2.15056
2.26278
1.60896
0.533734
1.32909
2.04862
2.08697
0
0.330539
1.50535
1.52308
1.77641
1.57039
2.11985
2.14496
0
1.34079
1.55963
0
1.39462
0.580597
1.64938
1.60727
1.60654
1.37082
1.35338
0.587801
1.64765
1.60742
0
1.32293
1.57128
1.58242
1.63308
1.60496
1.35889
0.5822
1.64835
1.53443
2.11956
2.17204
0
1.34059
1.55959
1.58987
0
0.25799
1.52742
1.69473
1.58147
2.1186
2.14648
0
0.632708
1.50519
1.80773
1.58157
1.64096
1.58722
1.25912
1.35341
0.62515
1.63918
1.60344
1.60478
1.33809
0.81776
0
1.29947
0.523114
1.65109
1.58725
1.59628
1.11529
1.35101
0.593499
1.64728
0
1.402
0.564371
1.65259
1.52411
2.11952
2.17289
0
1.34051
1.5596
1.58987
0
1.52946
1.57515
1.56931
1.63245
1.62486
2.04814
2.23986
1.61281
0.51869
0.680564
1.35903
0.617379
1.64028
0
1.40717
0.563338
1.65268
0
0
1.30293
2.22094
2.24851
0
1.60552
1.56126
1.59054
1.63294
1.60161
1.17994
0
1.30011
2.16086
2.26283
1.60928
0.534267
0.708232
0
1.29955
2.15007
2.25817
1.60955
1.91728
2.12417
2.2253
0
1.60347
1.56163
0
1.39468
2.06734
2.06875
1.62661
1.86741
0.61522
1.63772
0
0
0
1.5507
0.516943
1.65121
1.58698
0
1.59399
1.57559
1.59694
1.63217
1.62368
0.533743
1.64053
1.59939
0
0
1.52251
1.74352
0
0.371723
0
1.55144
2.14947
2.26259
1.60899
0.533816
0.706844
0
0.831457
0.842996
0.826088
1.54486
0.484563
1.65354
1.5894
1.59625
1.10322
0.776153
1.3467
0.615606
1.64019
1.60278
1.6046
1.59541
2.0711
2.23404
0
0.330214
1.50624
1.52254
1.53998
1.47644
1.57785
0
0.27426
1.53789
1.412
1.58205
2.11817
2.14657
1.64011
1.43183
1.30595
2.08342
2.09413
1.62535
1.87584
0.615093
1.63774
1.60366
1.60704
1.38767
1.35257
0.587643
1.64768
0
0
0
1.55079
2.14833
2.26227
0
1.61472
1.56151
1.42418
0.48126
1.65184
1.60513
1.60603
1.28019
1.35403
2.05176
2.08095
1.62518
0.512873
0.737555
1.37128
2.26186
2.26084
1.62337
1.54029
2.132
2.2292
1.61836
1.5394
0.597217
1.63809
1.60415
0
1.32179
1.57157
1.58157
0
0
1.52691
1.51323
1.80185
1.57661
1.63813
1.61574
0.527767
1.64094
0
0
0
1.55093
0.516855
1.65121
1.46845
2.11946
2.17875
1.63817
1.40835
0.988151
1.38997
2.26772
2.25927
0
1.60247
1.5616
1.59066
1.63288
1.60178
1.36125
0.58207
1.64837
1.53436
2.11956
2.17205
0
0.632046
1.50511
1.52302
1.77632
1.5704
2.11986
2.14496
1.64011
1.55265
0.602573
1.63683
0
1.40053
2.11784
2.09637
0
1.58525
1.55982
0
1.39462
2.06748
2.06875
1.62661
0.513952
0.744529
1.37326
0.623342
1.63991
0
1.40538
0.563868
1.65266
1.60467
1.60613
1.34589
0.831995
0
0.867279
0.582229
0.8255
0.823913
0.824146
0.82411
0.824105
0.824104
0.824101
1.54472
0.484486
1.65355
1.5894
1.59625
1.58792
0.572364
1.64069
1.6101
1.6072
1.36238
1.35378
0.587748
1.64766
1.60742
