1.35398
1.81696
1.41349
1.49284
1.71406
1.80185
1.75514
1.38526
1.30429
1.26847
1.82099
1.41427
1.49053
1.71418
1.80155
0.461336
0
1.59487
1.81461
1.45901
1.5416
0.389707
0.395783
0
0.299797
0
0
0
0
0
1.56763
1.8548
1.79491
1.70941
1.786
1.75084
1.38336
1.48842
1.71438
1.80116
0.986336
1.62904
1.7191
1.467
0.929014
1.63405
1.7174
1.46607
1.85377
1.39392
1.48553
1.71452
1.80105
1.52614
1.70648
1.61371
1.72276
1.47781
0.453495
1.85089
1.6556
1.41669
1.10541
1.56273
1.57492
1.71679
1.46406
0.450761
1.60092
1.65603
1.41424
1.26642
0.35224
1.6219
1.36524
1.49546
1.54691
0.414919
0.392348
1.55362
1.85467
1.72127
1.53166
1.93393
1.87785
1.50431
1.1143
1.62069
0
0
0
1.72715
1.63764
1.60963
1.26083
1.88004
1.84744
1.54079
0.868499
1.79305
1.57816
1.7174
1.46476
0.450733
0
1.60335
1.80583
1.5331
1.12877
1.8784
0
0
1.727
1.63741
1.60981
1.7783
1.71675
1.50707
0.834473
1.54401
1.57522
1.71739
1.46479
0.937412
1.63563
1.60606
1.43226
1.53675
1.17567
1.57923
1.58467
1.59939
1.41141
1.49174
1.71799
1.80192
1.5116
0
0
0
1.72712
1.63598
1.72084
1.47664
1.9332
0
0
0
1.72712
1.63767
1.61094
1.42884
1.48466
1.59746
1.32544
1.86955
1.15865
1.56477
1.57879
1.71759
1.46503
0.937418
1.63567
1.60608
1.42113
1.48796
1.7181
1.80089
1.71857
1.38225
1.30412
1.26913
0.353689
0
0
1.57994
1.85459
1.78451
1.70967
1.78875
1.77173
1.70704
1.61344
1.7228
1.47811
1.26545
1.63667
1.60603
1.78105
1.71754
1.50926
0.834794
1.62062
0
1.72502
1.6302
1.72133
1.47707
1.2556
1.63469
1.71736
1.46602
1.8539
1.39445
1.30513
1.2649
0.354262
0
0
0
0
1.56904
1.85468
1.79289
1.7095
1.7871
0.513015
1.63144
1.6073
1.78079
1.71251
1.5197
1.59816
1.51634
1.5421
1.71419
1.80822
1.72959
1.38258
1.4886
1.54578
2.28781
1.8202
1.49379
1.70718
1.79108
1.74943
1.38459
1.30393
1.26798
1.82078
1.41464
1.30503
1.25738
0.352848
1.60925
1.36484
1.50676
1.54714
1.92986
2.1701
1.49253
1.53719
1.93573
2.173
1.48838
1.53712
0.392045
1.93797
1.84195
1.71777
1.54089
0.424439
1.95871
1.83627
1.5402
0.97213
1.83498
1.41094
1.48742
1.60312
1.25416
1.54038
1.5906
1.22824
1.54462
1.71407
1.80909
0.807868
1.63223
1.60778
1.20984
1.86875
1.84879
1.54058
0.970178
0.376594
0.285505
0
0
0
0
0
1.56835
1.85477
1.7946
1.60659
1.60603
1.87091
1.31557
0.430352
1.91402
1.63418
1.41476
1.26316
1.8185
1.41636
1.5599
1.25762
0.35219
1.60933
1.36923
1.39693
1.09531
1.56347
1.5746
1.59598
2.14491
1.71428
1.51269
0.990427
1.84392
1.41005
1.48721
1.54604
2.28606
1.83185
1.50287
1.27382
0.409471
1.60729
1.62006
1.49642
1.60747
1.60943
1.87879
1.31627
0.437461
1.61133
1.63088
1.41489
1.09697
1.62581
0
0
1.72694
1.63743
1.6098
1.77831
1.71078
1.52075
1.55127
2.26
2.11819
1.49453
1.70692
1.79052
0.466195
0
1.59361
1.81713
1.53178
1.23512
1.8385
1.4104
1.30346
1.08978
1.56217
1.56953
1.71667
1.46394
0.450795
1.60092
1.65601
1.41424
1.10446
1.56277
1.57596
1.59655
1.42408
1.53323
1.32194
1.85022
1.40206
1.30426
1.25939
1.82089
1.41428
1.49056
1.54637
0.729449
1.94306
1.82581
1.70358
1.60608
1.59328
1.87229
1.16078
1.56314
1.5788
1.71759
1.465
1.85561
1.39445
1.30511
1.09799
1.62685
1.67673
1.63141
1.61785
1.78088
1.71094
1.52081
1.70828
1.80236
0.462688
1.61661
1.403
1.42687
1.10115
1.56328
1.57515
1.71681
1.46412
2.23386
1.70796
1.61866
1.6214
1.23469
1.88213
1.8475
1.74357
1.713
1.79452
1.51156
0
0
0
1.72712
1.63598
1.72084
1.47664
1.93319
1.70886
1.61827
1.62421
1.43564
1.4801
1.7185
1.79992
0.467065
0
1.59362
1.81559
1.53211
1.2343
1.83842
1.41041
1.30347
1.25778
1.82068
1.41435
1.49058
1.54638
0.729397
1.94305
1.82581
1.53946
0.864845
1.6168
1.67937
1.6308
1.61803
1.27046
0.311328
0
0.25252
0
1.56898
1.85477
1.7947
1.70942
1.78601
0.465709
0
0
1.57539
1.8542
1.537
0.872272
1.79734
1.57901
1.71741
1.46481
0.93748
1.63563
1.60605
1.42109
1.48822
1.59498
1.32515
1.87
1.15879
1.56472
1.58121
1.59858
1.86609
1.71019
1.51505
1.70924
1.80285
0.775256
1.62874
1.71895
1.46678
0.450022
1.6011
1.64799
1.48668
1.5424
1.91324
2.05826
1.49329
1.27125
1.85418
1.40732
1.30376
1.09109
1.62688
0
1.72486
1.63299
1.61793
1.77423
1.71067
1.52116
1.70821
1.80237
1.75946
1.38581
1.30408
1.10276
1.62707
1.67671
1.62675
1.72194
1.47608
1.93197
1.7089
1.61821
1.62423
1.44308
1.53973
1.1815
1.5773
1.58296
1.7176
1.46499
0.937333
1.63375
1.7174
1.46608
0.450015
0
1.60323
1.80605
1.72484
1.71126
1.79505
1.51506
1.70698
1.61841
1.61973
1.77131
1.711
1.5213
1.59776
1.51718
1.54207
1.5907
1.22738
1.54486
1.54235
0.918073
1.9349
1.7942
1.53706
0.972485
1.83388
1.41435
1.30411
1.2574
0.353703
1.60914
1.36134
1.40992
1.25871
1.81748
1.41605
1.49295
1.54663
0.72455
1.94263
1.82573
1.70351
1.54311
2.21188
1.86278
1.49354
1.70713
1.79212
1.77331
0
0
1.72709
1.63767
1.6096
1.77849
1.71081
1.52071
1.59775
1.51676
1.54203
1.5907
1.32023
1.87834
1.3162
0.437733
1.60564
1.63133
1.41495
1.26349
0.351216
0
0
0
1.57685
1.8548
1.79281
1.70947
1.78639
0.465576
1.61698
1.40392
1.42757
1.10145
1.62573
0
0
0
1.72714
1.63595
1.72085
1.47661
1.85193
1.39364
1.30522
1.26536
1.82135
1.41451
1.30505
1.2574
1.82042
1.41441
1.4906
1.71417
1.80157
1.75488
1.38522
1.30429
1.10367
1.62706
1.67672
1.62674
1.72194
1.47605
0.453985
1.60066
1.65547
1.41673
1.10539
1.56273
1.57492
1.71679
1.46406
0.450761
0
0
0
1.57585
1.85465
1.53647
1.13575
1.619
1.67877
1.62597
1.72195
1.47648
1.932
0
1.72441
1.63561
1.72081
1.47651
0.453219
1.85209
1.64842
1.48614
1.60683
1.61015
1.8772
1.3161
0.437459
1.61132
1.63095
1.41489
1.26342
0.351188
0
0
1.58481
1.85516
1.78846
1.70948
1.78801
0.513371
1.6314
1.6073
1.78079
1.71252
1.5197
1.59816
1.59733
1.87842
1.31598
0.437627
1.61125
1.62504
1.49438
1.71083
1.80266
1.51598
1.70692
1.61852
1.62173
1.44186
1.53928
1.32264
0.439944
1.60657
1.63071
1.41532
1.09851
1.62577
0
0
1.72694
1.63743
1.61116
1.42898
1.48461
1.59746
1.24873
1.53967
1.54106
2.28779
1.71594
1.50111
1.70711
1.79197
0.516584
1.63075
1.60721
1.21098
0.296297
0
1.57138
1.8547
1.53774
1.24207
1.84572
1.41274
1.3036
1.09032
1.56213
1.56955
1.71667
1.46394
0.450795
1.60092
1.65601
1.41424
1.10446
1.56277
1.57488
1.71679
1.46405
1.85787
1.39418
1.4855
1.71452
1.80048
0.741453
0
1.59426
1.81301
1.72723
1.71134
1.79423
0.463216
1.6165
1.3954
1.49532
1.71143
1.80213
1.51392
1.70692
1.61328
1.72282
1.47813
1.26589
1.63479
1.71737
1.46606
0.927994
1.63389
1.7174
1.46608
0.450012
0
1.60323
1.80606
1.53311
1.12872
1.87841
1.67862
1.62608
1.72194
1.47643
1.85006
1.39325
1.3052
1.26542
1.82134
1.41419
1.49051
1.54637
0.729518
1.94307
1.82581
1.53946
0.864843
1.6168
1.67937
1.6308
1.61963
1.43942
1.53832
1.32275
1.84943
1.40195
1.30424
1.09321
1.56202
1.57099
1.59519
2.13781
1.71003
1.51243
1.70958
1.80198
0.462223
0
1.59447
1.81567
1.53186
1.23515
1.83851
1.41012
1.48854
1.71431
1.80121
0.461422
1.61521
1.40307
1.42444
1.2642
1.82147
1.41595
1.55973
1.25768
1.81999
1.41484
1.30499
1.25734
0.352818
1.60926
1.37058
1.39698
1.26375
1.81704
1.41604
1.49293
1.71404
1.80243
1.50967
1.70691
1.61697
1.62247
1.4344
1.4808
1.71847
1.80065
1.51102
0
0
0
0
0
0
0
1.72715
1.63599
1.72084
1.47664
1.9332
1.70886
1.61827
1.62146
1.76733
1.711
1.52175
1.59771
1.59846
1.87838
1.31595
1.86729
1.40528
1.48661
1.54593
2.28627
1.8315
1.50291
1.27399
1.85641
1.40759
1.30391
1.09132
1.56206
1.57096
1.59519
2.13781
1.71003
1.51243
1.70958
1.80265
1.51449
1.70699
1.6133
1.72282
1.4781
1.84976
1.39332
1.30522
1.26547
0.354344
1.60906
1.35611
1.50145
1.60803
1.60799
1.87981
1.16281
1.56836
1.58264
1.59898
1.86436
1.71463
1.51144
0.990553
0.389571
1.89916
1.62103
1.49744
1.71064
1.80321
0.777211
1.62852
1.71894
1.46677
1.85237
1.39425
1.30514
1.09836
1.62685
1.67673
1.62675
1.72194
1.47605
1.85015
1.39327
1.30519
1.26541
1.82133
1.41452
1.30505
1.2574
1.82042
1.41474
1.30501
1.25735
0.352829
0
1.59632
1.8275
1.72032
1.54039
0.387273
0.394668
0
0.298301
0
1.56966
1.85478
1.7951
1.7094
1.78664
1.7745
0
0
0
1.72712
1.63598
1.72084
1.47664
1.93319
1.70886
1.61163
1.72328
1.48308
0.451363
0.263323
0
1.5786
1.85235
1.53724
0.971198
0.378565
1.89141
1.36922
1.49816
1.71062
1.80335
0.777459
1.6313
1.608
1.43355
1.53727
1.32228
0.439907
0
0
0
0
1.56947
1.85464
1.79231
1.70954
1.78723
1.77349
0
1.72435
1.63752
1.61101
1.43838
1.53924
1.1791
1.62949
0
1.72508
1.6256
1.72128
1.47694
1.85168
1.39316
1.48549
1.71452
1.80045
0.741602
1.61452
1.40654
1.42672
1.10333
1.62566
1.67465
1.63238
1.619
1.43925
1.54132
1.17942
1.62954
1.68135
1.62451
1.72209
1.47665
1.93221
0
0
1.72708
1.63766
1.61095
1.43848
1.53927
1.17916
1.62949
0
0
0
1.72714
1.63596
1.72085
1.47664
1.93319
0
0
0
0
1.72714
1.63767
1.6096
1.77861
1.71078
1.52072
1.70829
1.80235
0.46269
1.61661
1.403
1.42687
1.26388
1.82143
1.41597
1.55973
1.08827
1.5626
1.57054
1.59544
1.40683
1.49356
1.71791
1.80213
0.803905
1.63323
1.60793
1.78026
1.71748
1.50896
0.834772
1.54422
1.57531
1.71738
1.46479
0.937417
1.63563
1.60606
1.43226
1.53675
1.17567
1.57923
1.58268
1.71759
1.46498
0.93733
1.63567
1.60608
1.43228
1.53676
1.17568
1.62981
1.6813
1.62995
1.61999
1.43977
1.53845
1.32274
0.440078
0
1.59908
1.81437
1.53219
1.13131
1.87921
0
0
1.727
1.63741
1.61117
1.43857
1.53931
1.3226
1.85002
1.40203
1.30424
1.25943
0.353626
0
0
0
0
1.56904
1.85468
1.53725
1.13467
1.61898
0
1.72493
1.62996
1.72136
1.4771
1.93351
0
0
0
0
0
0
1.72715
1.63767
1.6096
1.77861
1.71673
1.50711
0.990513
0.388223
1.89825
1.62095
1.49753
1.71064
1.80253
0.461563
0
1.59457
1.81573
1.53182
1.13484
1.8007
1.57987
1.71743
1.46481
0.450716
0
0
0
1.57586
1.85465
1.53647
1.24347
1.8459
1.41239
1.48832
1.603
1.33061
1.87425
1.16076
1.62624
1.68171
1.62967
1.61846
1.26998
0.311813
1.5694
1.8546
1.80059
1.70904
1.78542
1.77685
0
0
0
0
0
0
0
0
0
0
0
0
1.72715
1.63767
1.6096
1.26096
1.88003
1.84744
1.54079
0.970139
1.83562
1.41396
1.48776
1.54609
2.28605
1.82786
1.49788
1.59592
1.62315
1.87016
1.31494
0.430916
1.91443
1.63454
1.41479
1.0964
1.56344
1.57436
1.71677
1.46403
1.8579
1.39418
1.48551
1.54568
0.817141
1.94464
1.82589
1.53953
0.972069
0.375772
1.89486
1.62013
1.49783
1.6076
1.60948
1.87905
1.16244
1.56846
1.58024
1.71765
1.46511
2.22071
0
0
0
0
1.72714
1.63598
1.72084
1.47664
1.9332
1.70886
1.61163
1.72328
1.48308
1.84837
1.3934
1.30542
1.09984
1.56205
1.56978
1.71668
1.46395
0.450793
0
0
0
0
1.5701
1.8546
1.79134
1.70959
1.7874
0.512944
1.62877
1.71893
1.46679
0.929011
1.63592
1.60619
1.43238
1.53684
1.32229
1.85042
1.40209
1.30425
1.09313
1.56202
1.56963
1.71668
1.46394
1.85785
1.39417
1.48551
1.71452
1.80106
1.52615
1.70648
1.61372
1.72276
1.47781
0.453495
0.250335
1.60293
1.80612
1.53328
1.12814
1.87831
1.67863
1.63123
1.61786
1.27065
1.88057
1.84758
1.5408
0.868473
1.87468
1.67894
1.62578
1.72196
1.4765
1.2456
1.6347
1.71738
1.46607
0.928003
1.6339
1.7174
1.46611
2.19837
0
0
0
1.72713
1.63767
1.61094
1.43848
1.53927
1.3226
0.439977
0
0
0
0
0
1.56699
1.85483
1.53692
1.13537
1.61899
1.67877
1.62597
1.72195
1.47648
1.2453
1.63658
1.60599
1.20599
0.294728
0
1.57133
1.8547
1.79073
1.60663
1.60528
1.87112
1.3156
1.86712
1.40562
1.30448
1.09177
1.62682
1.67671
1.62677
1.72194
1.47608
1.24418
1.63657
1.60651
1.43263
1.53694
1.17582
1.57908
1.58268
1.71759
1.46494
1.85572
1.39447
1.30511
1.09797
1.62685
1.67673
1.62675
1.72194
1.47605
1.85015
1.39327
1.3052
1.09913
1.62686
1.67674
1.62674
1.72194
1.47608
1.24424
1.63469
1.71738
1.46604
1.85386
1.39444
1.30514
1.2649
0.354263
1.60907
1.3613
1.40993
1.08704
1.56426
1.57368
1.71675
1.46401
0.45077
1.60091
1.64894
1.48695
1.60694
1.61024
1.87736
1.31612
0.437457
0
1.59971
1.81373
1.72807
1.60723
1.61438
1.87446
1.1608
1.56279
1.57873
1.71759
1.46503
0.937422
1.63567
1.60558
1.21182
0.295013
1.57047
1.85445
1.53622
1.24298
0.391629
1.89446
1.36937
1.49789
1.71065
1.80262
0.461542
0
0
1.57523
1.85417
1.78393
1.53523
0.40938
1.95741
1.84152
1.71723
1.54109
0.711188
0.409716
1.55027
1.85468
1.5332
1.13985
1.61909
0
0
1.727
1.63569
1.72088
1.47667
1.24588
1.63464
1.71737
1.46602
1.85388
1.39445
1.30513
1.09821
1.62685
1.67673
1.63141
1.61941
1.43946
1.54012
1.32271
0.440064
1.60654
1.63088
1.41535
1.26407
1.81895
1.41577
1.49293
1.6031
1.58182
1.87494
1.16095
1.62622
1.68171
1.62967
1.62013
1.43971
1.53841
1.32277
0.440107
0
1.59908
1.81438
1.53219
1.23077
1.83856
1.41395
1.30355
1.08989
1.62688
1.67667
1.63144
1.61784
1.7809
1.71094
1.52081
1.59774
1.5977
1.87822
1.15956
1.62647
0
0
1.72704
1.63747
1.61113
1.42894
1.48434
1.7183
1.80037
1.72176
1.38208
1.30411
1.10466
1.56258
1.56947
1.71667
1.46393
1.85785
1.39417
1.48551
1.71452
1.80048
1.46798
1.37919
1.4881
1.54568
2.2879
1.82002
1.49386
1.70718
1.7911
0.466192
0
1.59366
1.81694
1.5318
1.13465
1.88013
1.67855
1.63128
1.61939
1.42976
1.48417
1.55129
0.85862
0.409526
0
1.89368
1.85479
1.53893
1.1321
1.54387
1.58121
1.5984
1.86339
1.71122
1.515
1.59833
1.51457
1.54177
1.71426
1.80888
0.807262
1.63231
1.60837
1.42387
1.48675
1.54563
2.29313
1.47598
1.49895
1.70715
1.79183
1.74954
1.38463
1.30394
1.26799
0.353507
1.60917
1.36135
1.39709
1.26372
1.81707
1.41654
1.55991
1.0881
1.62701
1.67662
1.6268
1.72193
1.47604
0.453989
1.60066
1.65547
1.41673
1.26678
1.81963
1.41561
1.49291
1.60309
1.50447
1.54071
1.54203
2.28835
1.7182
1.50112
1.70711
1.79122
0.466186
1.61773
1.39681
1.50798
1.5446
0.429107
1.9512
1.83584
1.7125
1.71329
1.79635
0.766317
1.62956
1.71896
1.46684
0.928969
1.63593
1.6062
1.43238
1.53684
1.32229
0.439926
1.60633
1.63129
1.41536
1.09848
1.62577
1.67443
1.63243
1.61749
1.26472
1.87972
1.84751
1.74398
1.713
1.79384
0.462936
0
1.59458
1.81515
1.45889
1.54156
1.91795
2.23194
1.49222
1.53823
0.429603
1.93814
1.84075
1.54022
0.971426
1.83557
1.41381
1.48751
1.71436
1.80111
1.75423
1.38513
1.30429
1.1037
1.56249
1.56952
1.71667
1.46397
0.937273
1.63552
1.60551
1.84854
1.71213
1.51946
1.70853
1.8032
0.776175
1.63128
1.60799
1.43355
1.53727
1.17619
1.62972
0
0
0
0
0
0
0
0
0
1.72715
1.63767
1.61094
1.43847
1.53927
1.17915
1.62949
0
0
0
1.72714
1.63765
1.60962
1.26082
0.310437
1.56952
1.85461
1.80072
1.70905
1.78472
1.75003
1.38448
1.304
1.10254
1.62701
1.6767
1.62676
1.72194
1.47604
0.453985
1.60066
1.6483
1.486
1.60682
1.53536
1.54008
1.59086
1.32057
1.87804
1.16058
1.57045
1.58029
1.71765
1.46511
0.937422
1.63569
1.60558
1.78295
1.71229
1.5195
1.5514
2.25747
2.1219
1.49445
1.5967
1.62848
1.87086
1.15542
1.6268
1.68163
1.62969
1.61845
1.78059
1.71077
1.52094
1.70826
1.80235
0.462696
0
1.59433
1.81605
1.53182
1.1348
1.8007
1.58176
1.59846
0.862752
1.86112
1.84853
1.7439
1.60629
1.59813
1.87276
1.16044
1.56307
1.57877
1.71759
1.46503
0.937419
1.63376
1.7174
1.46612
2.19833
0
0
0
0
0
1.72715
1.63767
1.6096
1.26096
0.310437
1.56952
1.8546
1.53598
1.24313
0.391669
1.89451
1.37463
1.41245
1.26151
0.349971
1.62171
1.36488
1.49936
1.60832
1.60713
1.87976
1.31642
0.437462
0
1.59969
1.8138
1.53205
1.1318
1.79937
1.58163
1.59843
2.11315
1.71504
1.51169
0.990441
1.8438
1.41034
1.30411
1.09009
1.56197
1.56965
1.71668
1.46398
2.23476
1.70795
1.61191
1.72326
1.48307
1.84829
1.39339
1.30542
1.26572
0.354509
0
1.59645
1.82708
1.52945
1.14063
1.80214
1.58013
1.7173
1.46482
0.450704
0
1.60336
1.80581
1.72473
1.54005
1.9244
2.23896
1.49722
1.13078
1.62084
1.67998
1.62509
1.72202
1.47653
0.453949
0
1.60291
1.80613
1.72468
1.71129
1.79436
1.7585
1.38449
1.4883
1.71439
1.80059
0.741679
1.61453
1.40654
1.42672
1.26474
0.355724
0
1.5945
1.84003
1.52875
1.23936
0.380784
0.279644
0
1.58161
1.85404
1.78145
1.53549
0.409215
0.403564
0
0.298804
1.56038
1.85467
1.53644
1.24349
0.391587
1.89421
1.37462
1.41243
1.26149
1.81785
1.41645
1.55993
1.08813
1.62701
1.67662
1.63145
1.61939
1.43945
1.54011
1.17955
1.62954
0
0
1.727
1.63578
1.72086
1.47666
1.93318
1.70886
1.61163
1.72328
1.48308
0.451363
0.263325
1.60327
1.80538
1.72448
1.60746
1.61281
1.87442
1.16089
1.62614
0
0
1.72704
1.63747
1.61113
1.42894
1.48434
1.7183
1.80037
1.72176
1.38081
1.48858
1.71438
1.80112
1.52621
0
1.72437
1.63739
1.61109
1.42883
1.48441
1.71829
1.80101
1.51123
1.70694
1.61865
1.62399
1.44291
1.53965
1.3227
1.84994
1.40201
1.30424
1.25945
1.82089
1.41429
1.49055
1.71418
1.80156
0.461335
0
0
1.57502
1.85412
1.53702
0.872222
1.79731
1.58092
1.59866
1.41034
1.49219
1.71798
1.80132
0.462123
0
1.59366
1.81565
1.53209
1.23435
0.380295
1.88646
1.37429
1.412
1.26104
0.349819
1.6217
1.36759
1.41
1.25844
0.350162
1.62164
1.36744
1.41
1.25842
1.81799
1.41599
1.49293
1.60311
1.58184
1.87495
1.16096
1.56315
1.5788
1.71759
1.46503
0.937421
1.63376
1.7174
1.46612
2.19833
1.70828
1.61844
1.62144
1.23386
0.312308
1.56966
1.8546
1.536
1.2431
0.391665
1.89452
1.37463
1.41245
1.26151
0.349972
0
1.59482
1.83967
1.52874
1.23944
1.83878
1.41037
1.30342
1.25779
1.82065
1.41468
1.30502
1.25737
0.352832
0
1.59632
1.82752
1.52942
1.24016
1.83896
1.41006
1.48866
1.7143
1.80122
0.46142
1.61521
1.39527
1.49036
1.54436
0.427224
1.95124
1.83607
1.71273
1.54142
2.20955
1.86792
1.4993
1.13
1.547
1.57931
1.59844
1.40928
1.49271
1.71796
1.802
1.51167
0
0
1.72709
1.63765
1.60962
1.77851
1.7108
1.52072
1.59775
1.5977
1.87821
1.15955
1.62647
0
0
0
0
0
0
0
1.72715
1.63767
1.6096
1.77861
1.71079
1.52072
1.55127
0.775455
1.9308
1.82257
1.70115
1.71441
1.79694
1.50938
1.707
1.61196
1.7229
1.48155
1.8497
1.39333
1.30523
1.26547
0.35435
0
1.59644
1.8271
1.71999
1.6078
1.61808
1.87596
1.16111
1.62732
0
0
1.72704
1.63747
1.60977
1.26058
0.310525
0
1.824
1.85468
1.78996
1.70967
1.78689
0.465415
1.61691
1.40389
1.42755
1.26401
0.355221
0
0
0
0
1.56832
1.85475
1.79382
1.70945
1.78694
1.77403
1.70715
1.61357
1.7228
1.47808
0.453486
0.250383
0
0
0
0
1.56645
1.85485
1.79574
1.53339
1.93405
1.87669
1.48067
1.70738
1.79125
1.77414
1.70704
1.61854
1.61967
1.77134
1.71102
1.52129
1.55128
0.773966
0.383987
1.5535
1.85437
1.72514
1.60583
1.61333
1.87039
1.31545
1.86713
1.40533
1.48659
1.6029
1.25425
1.54029
1.71456
1.80862
0.807433
1.62936
1.71899
1.46688
2.18934
0
1.72443
1.63729
1.61118
1.42885
1.48439
1.71829
1.80038
1.7218
1.38081
1.48858
1.71438
1.80054
1.46804
1.37916
1.4881
1.7144
1.80045
1.46807
1.37914
1.4881
1.7144
1.80103
1.52616
1.70648
1.61842
1.61977
1.77142
1.71102
1.52129
1.59776
1.51717
1.54207
1.5907
1.32023
1.87835
1.16067
1.57044
1.58266
1.59899
1.12115
1.86277
1.84826
1.54047
0.970144
0.376477
0.28551
0
1.5813
1.85393
1.78098
1.60685
1.61088
1.87199
1.16016
1.62619
1.68172
1.62373
1.72212
1.47669
1.93223
0
0
1.72708
1.63598
1.72084
1.47663
1.93317
1.70886
1.61826
1.62146
1.23245
1.88206
1.84753
1.54082
0.868524
1.79303
1.58011
1.59817
1.86482
1.71062
1.51471
1.59833
1.51448
1.54175
1.71426
1.80887
0.807277
1.62941
1.71899
1.46687
2.18937
0
1.72443
1.63729
1.60982
1.25865
0.310223
1.56954
1.8546
1.80074
1.70905
1.78473
1.75004
1.38449
1.304
1.26797
1.8208
1.41463
1.30504
1.08847
1.62695
0
0
0
1.72714
1.63596
1.72085
1.47665
1.9332
0
0
1.72708
1.63766
1.61095
1.43848
1.53927
1.3226
1.85002
1.40203
1.30424
1.09318
1.56202
1.57099
1.59519
2.13781
1.71332
1.51281
0.990682
0.390108
1.89961
1.62119
1.49739
1.71065
1.80251
1.76228
1.38613
1.30414
1.10281
1.56251
1.5695
1.71667
1.46393
1.85785
1.39468
1.30511
1.09777
1.5619
1.5711
1.59551
1.42271
1.53271
1.17104
1.58152
1.58335
1.5992
1.1187
1.86271
1.84836
1.54045
0.868889
1.87496
0
1.72495
1.6327
1.61805
1.25321
0.311841
1.56953
1.8546
1.53597
1.24313
1.84588
1.41238
1.4883
1.71433
1.80115
0.46144
0
0
0
0
1.56906
1.85467
1.53728
1.13461
1.61898
1.67878
1.62596
1.72195
1.47644
1.85005
1.39326
1.3052
1.26542
0.354316
1.60907
1.3613
1.40993
1.25873
0.349443
1.62162
1.36465
1.49948
1.60833
1.52892
1.54153
1.71403
1.80882
1.51276
1.70677
1.61134
1.72294
1.4822
0.453409
1.85117
1.64844
1.48595
1.71129
1.80062
1.76026
1.38482
1.48823
1.71439
1.80059
0.741674
0
1.59425
1.81302
1.72724
1.71134
1.79493
1.76499
1.70699
1.61836
1.62179
1.43404
1.48098
1.71846
1.80067
0.804001
1.63047
1.71901
1.46687
1.85215
1.39423
1.30514
1.09838
1.62685
0
1.72486
1.633
1.61972
1.43099
1.48357
1.59751
1.32556
1.86941
1.31562
1.86756
1.40545
1.30448
1.09183
1.5619
1.5697
1.71668
1.46394
0.450793
1.60093
1.65601
1.41424
1.26642
0.352241
1.6219
1.36524
1.49546
1.7107
1.8034
0.461282
1.61621
1.4025
1.42405
1.26396
1.82138
1.41597
1.55974
1.08827
1.56261
1.57054
1.59543
1.42263
1.53268
1.17101
1.63057
0
1.72509
1.63312
1.61788
1.25377
0.311747
1.56953
1.8546
1.80067
1.70904
1.78544
0.513327
1.62862
1.71892
1.46678
2.19048
1.70837
1.61841
1.62145
1.23365
0.312297
0
0.251816
1.56488
1.85486
1.53674
1.2433
0.391597
1.89421
1.37462
1.41243
1.26149
1.81785
1.41594
1.49295
1.71404
1.80184
1.75523
1.38428
1.48806
1.7144
1.80055
0.741781
0
0
0
0
1.569
1.85467
1.79275
1.60665
1.54006
1.53683
1.59093
1.3212
1.87731
1.31613
0.437726
1.60564
1.63136
1.41496
1.26349
1.81871
1.41632
1.55988
1.25762
0.352192
1.60933
1.3637
1.50682
1.54716
0.415202
0.390615
0
0.300311
0
0
0
1.56771
1.85481
1.79521
1.7094
1.78594
0.466016
1.61702
1.40396
1.42759
1.10144
1.62573
1.67465
1.62803
1.72183
