1	1	0	1	1.36163
5	4	1	3	1.67874
15	8	3	5	1.64258
20	11	5	0	1.3926
1	1	0	1	1.66654
5	4	1	3	1.6929
13	7	3	2	1.60232
10	6	2	4	1.66961
17	9	4	3	1.50818
14	7	3	2	1.75539
10	6	2	4	1.66944
18	10	4	5	1.52185
19	11	5	0	0.495757
2	2	0	2	1.66913
8	5	2	2	0.332929
11	6	2	4	1.58303
18	10	4	5	1.55209
19	11	5	0	0.429884
1	1	0	1	1.50889
5	4	1	3	1.66272
15	8	3	5	1.60429
20	11	5	0	1.37772
2	2	0	2	1.68097
8	5	2	2	0.291599
7	5	2	2	1.57619
11	6	2	4	1.6245
17	9	4	3	1.5706
16	8	3	5	2.30527
20	11	5	0	0
1	1	0	1	0.938971
4	3	1	1	1.70654
6	4	1	3	0
15	8	3	5	1.6667
20	11	5	0	1.40509
2	2	0	2	1.67521
12	6	2	4	1.91911
17	9	4	3	1.34617
14	7	3	2	1.50831
10	6	2	4	1.6659
17	9	4	3	1.528
16	8	3	5	2.02359
20	11	5	0	0
1	1	0	1	0.997669
5	4	1	3	1.6991
13	7	3	2	1.64625
10	6	2	4	1.65768
18	10	4	5	1.49925
19	11	5	0	0.519907
2	2	0	2	1.67195
8	5	2	2	0.338562
11	6	2	4	1.5838
17	9	4	3	1.55206
14	7	3	2	0.957996
10	6	2	4	1.67205
17	9	4	3	1.52997
16	8	3	5	2.03182
20	11	5	0	0
2	2	0	2	1.61951
12	6	2	4	1.95905
17	9	4	3	1.34742
16	8	3	5	1.86388
20	11	5	0	0
2	2	0	2	1.64975
12	6	2	4	1.9768
17	9	4	3	1.59622
16	8	3	5	1.86559
20	11	5	0	0
1	1	0	1	1.22358
5	4	1	3	1.69891
15	8	3	5	1.64125
20	11	5	0	1.38821
1	1	0	1	1.66752
5	4	1	3	1.69273
13	7	3	2	1.60266
9	5	2	2	1.66942
11	6	2	4	1.60189
18	10	4	5	1.57465
19	11	5	0	0.43885
1	1	0	1	1.51368
5	4	1	3	1.66269
15	8	3	5	1.60424
20	11	5	0	1.37765
1	1	0	1	1.67932
5	4	1	3	1.6889
15	8	3	5	1.59877
20	11	5	0	1.39824
1	1	0	1	1.67912
5	4	1	3	1.68657
13	7	3	2	1.59247
9	5	2	2	1.67016
7	5	2	2	1.60157
7	5	2	2	1.56717
11	6	2	4	1.65256
17	9	4	3	1.564
16	8	3	5	2.31281
20	11	5	0	0
1	1	0	1	0.933043
4	3	1	1	1.70645
3	3	1	1	1.39416
6	4	1	3	0
15	8	3	5	1.65947
20	11	5	0	1.40481
2	2	0	2	1.67104
8	5	2	2	0.304401
11	6	2	4	1.57544
17	9	4	3	1.55084
16	8	3	5	2.31343
20	11	5	0	0
1	1	0	1	0.942028
5	4	1	3	1.70665
13	7	3	2	1.65179
10	6	2	4	1.65918
18	10	4	5	1.49961
19	11	5	0	0.519868
2	2	0	2	1.67192
8	5	2	2	0.338504
11	6	2	4	1.58379
18	10	4	5	1.55206
19	11	5	0	0.429734
2	2	0	2	1.66233
8	5	2	2	0.31178
11	6	2	4	1.59193
18	10	4	5	1.55171
19	11	5	0	0.430358
2	2	0	2	1.66235
12	6	2	4	1.91355
18	10	4	5	1.35839
19	11	5	0	0.951531
1	1	0	1	1.5531
5	4	1	3	1.6768
13	7	3	2	1.59352
9	5	2	2	1.67274
7	5	2	2	1.60152
7	5	2	2	1.56759
7	5	2	2	1.65249
11	6	2	4	1.63493
17	9	4	3	1.56901
14	7	3	2	0.964543
10	6	2	4	1.67169
18	10	4	5	1.53017
19	11	5	0	0.480842
2	2	0	2	1.66773
12	6	2	4	1.9337
18	10	4	5	1.36026
19	11	5	0	0.935904
1	1	0	1	1.55199
4	3	1	1	1.67668
3	3	1	1	0.467592
3	3	1	1	1.53823
6	4	1	3	0
15	8	3	5	1.6584
20	11	5	0	1.39519
2	2	0	2	1.67591
12	6	2	4	1.92052
18	10	4	5	1.34603
19	11	5	0	0.805072
1	1	0	1	1.53555
5	4	1	3	1.67609
15	8	3	5	1.59428
20	11	5	0	1.39143
1	1	0	1	1.67883
4	3	1	1	1.68627
3	3	1	1	0.810302
3	3	1	1	1.54141
6	4	1	3	0
15	8	3	5	1.65839
20	11	5	0	1.39534
1	1	0	1	1.67043
4	3	1	1	1.69637
6	4	1	3	0
15	8	3	5	1.67321
20	11	5	0	1.419
1	1	0	1	1.67056
5	4	1	3	1.69772
13	7	3	2	1.60443
10	6	2	4	1.66925
17	9	4	3	1.50449
16	8	3	5	1.99812
20	11	5	0	0
1	1	0	1	1.14201
4	3	1	1	1.70124
3	3	1	1	1.37675
3	3	1	1	1.53868
3	3	1	1	1.48797
6	4	1	3	0
13	7	3	2	1.65837
9	5	2	2	1.65773
11	6	2	4	1.58834
18	10	4	5	1.56386
19	11	5	0	0.457802
1	1	0	1	1.51354
5	4	1	3	1.66331
13	7	3	2	1.6036
9	5	2	2	1.66566
11	6	2	4	1.60414
17	9	4	3	1.57583
16	8	3	5	2.29599
20	11	5	0	0
1	1	0	1	0.977691
4	3	1	1	1.70737
3	3	1	1	1.39112
3	3	1	1	1.53729
3	3	1	1	1.48757
6	4	1	3	0
15	8	3	5	1.65788
20	11	5	0	1.39601
2	2	0	2	1.67349
12	6	2	4	1.92392
17	9	4	3	1.34539
16	8	3	5	1.57344
20	11	5	0	0
2	2	0	2	1.65152
12	6	2	4	1.97423
17	9	4	3	1.5949
14	7	3	2	1.78978
10	6	2	4	1.66616
18	10	4	5	1.52938
19	11	5	0	0.488187
1	1	0	1	1.44831
5	4	1	3	1.66643
13	7	3	2	1.60003
10	6	2	4	1.66971
18	10	4	5	1.50322
19	11	5	0	0.518783
2	2	0	2	1.67113
12	6	2	4	1.94395
17	9	4	3	1.34422
14	7	3	2	1.76833
9	5	2	2	1.66589
11	6	2	4	1.61843
17	9	4	3	1.58434
14	7	3	2	0.949672
10	6	2	4	1.67251
18	10	4	5	1.52933
19	11	5	0	0.48319
1	1	0	1	1.45703
4	3	1	1	1.6661
6	4	1	3	0
13	7	3	2	1.67587
10	6	2	4	1.67383
17	9	4	3	1.53262
14	7	3	2	1.60874
9	5	2	2	1.67053
7	5	2	2	1.60736
11	6	2	4	1.59254
18	10	4	5	1.57299
19	11	5	0	0.423862
2	2	0	2	1.66226
12	6	2	4	1.91385
17	9	4	3	1.36146
14	7	3	2	1.51118
9	5	2	2	1.6658
11	6	2	4	1.61685
17	9	4	3	1.57949
14	7	3	2	0.951483
10	6	2	4	1.67243
18	10	4	5	1.52948
19	11	5	0	0.482933
1	1	0	1	1.45705
4	3	1	1	1.66609
6	4	1	3	0
13	7	3	2	1.67587
9	5	2	2	1.67383
7	5	2	2	1.59112
7	5	2	2	1.58886
11	6	2	4	1.64444
17	9	4	3	1.5669
14	7	3	2	0.964024
10	6	2	4	1.67173
18	10	4	5	1.53019
19	11	5	0	0.480828
2	2	0	2	1.66773
12	6	2	4	1.93369
17	9	4	3	1.36026
14	7	3	2	1.7641
9	5	2	2	1.66586
11	6	2	4	1.61784
18	10	4	5	1.58406
19	11	5	0	0.39626
2	2	0	2	1.66128
12	6	2	4	1.90989
17	9	4	3	1.36109
16	8	3	5	1.57407
20	11	5	0	0
1	1	0	1	1.34635
4	3	1	1	1.69932
6	4	1	3	0
13	7	3	2	1.66893
10	6	2	4	1.67292
18	10	4	5	1.52504
19	11	5	0	0.437422
1	1	0	1	1.46283
4	3	1	1	1.66526
6	4	1	3	0
13	7	3	2	1.67584
9	5	2	2	1.67384
7	5	2	2	1.59113
11	6	2	4	1.58883
17	9	4	3	1.57336
14	7	3	2	0.958191
10	6	2	4	1.67227
17	9	4	3	1.52994
16	8	3	5	2.03199
20	11	5	0	0
1	1	0	1	0.991348
5	4	1	3	1.69919
15	8	3	5	1.64646
20	11	5	0	1.37755
1	1	0	1	1.66737
4	3	1	1	1.69203
6	4	1	3	0
15	8	3	5	1.67559
20	11	5	0	1.42049
1	1	0	1	1.6709
5	4	1	3	1.69777
13	7	3	2	1.60428
9	5	2	2	1.66933
7	5	2	2	1.60175
11	6	2	4	1.56715
18	10	4	5	1.57471
19	11	5	0	0.422377
2	2	0	2	1.66218
12	6	2	4	1.91358
18	10	4	5	1.36143
19	11	5	0	0.952687
2	2	0	2	1.67671
8	5	2	2	0.331223
11	6	2	4	1.58437
17	9	4	3	1.55233
14	7	3	2	0.957966
10	6	2	4	1.67205
17	9	4	3	1.52996
16	8	3	5	2.03183
20	11	5	0	0
2	2	0	2	1.61951
8	5	2	2	0.349081
7	5	2	2	1.57701
11	6	2	4	1.62435
17	9	4	3	1.57052
14	7	3	2	0.95881
10	6	2	4	1.67213
18	10	4	5	1.52987
19	11	5	0	0.481339
2	2	0	2	1.66779
8	5	2	2	0.328955
11	6	2	4	1.59129
18	10	4	5	1.55199
19	11	5	0	0.429978
2	2	0	2	1.66234
12	6	2	4	1.9135
17	9	4	3	1.35839
14	7	3	2	1.51105
9	5	2	2	1.66581
7	5	2	2	1.61685
11	6	2	4	1.59033
18	10	4	5	1.57254
19	11	5	0	0.424093
2	2	0	2	1.66228
12	6	2	4	1.91391
17	9	4	3	1.36147
16	8	3	5	1.57402
20	11	5	0	0
1	1	0	1	1.34622
4	3	1	1	1.69932
6	4	1	3	0
13	7	3	2	1.66893
10	6	2	4	1.67292
17	9	4	3	1.52504
16	8	3	5	2.02493
20	11	5	0	0
2	2	0	2	1.62977
8	5	2	2	0.351871
11	6	2	4	1.57831
18	10	4	5	1.55053
19	11	5	0	0.473335
1	1	0	1	1.50846
4	3	1	1	1.66287
3	3	1	1	0.865727
6	4	1	3	0
13	7	3	2	1.67018
10	6	2	4	1.66436
18	10	4	5	1.52804
19	11	5	0	0.437557
2	2	0	2	1.66573
8	5	2	2	0.323212
7	5	2	2	1.59195
7	5	2	2	1.61562
11	6	2	4	1.63968
17	9	4	3	1.57058
14	7	3	2	0.963857
9	5	2	2	1.67177
7	5	2	2	1.59417
7	5	2	2	1.588
11	6	2	4	1.64378
18	10	4	5	1.5673
19	11	5	0	0.418686
1	1	0	1	1.50579
5	4	1	3	1.66249
13	7	3	2	1.60454
9	5	2	2	1.66546
11	6	2	4	1.60411
18	10	4	5	1.57583
19	11	5	0	0.435929
2	2	0	2	1.66227
8	5	2	2	0.311263
11	6	2	4	1.59192
18	10	4	5	1.55171
19	11	5	0	0.430364
1	1	0	1	1.50887
4	3	1	1	1.66273
6	4	1	3	0
15	8	3	5	1.67478
20	11	5	0	1.42211
1	1	0	1	1.67108
4	3	1	1	1.69789
6	4	1	3	0
13	7	3	2	1.67544
10	6	2	4	1.6736
18	10	4	5	1.53166
19	11	5	0	0.431042
1	1	0	1	1.46224
5	4	1	3	1.66526
15	8	3	5	1.60135
20	11	5	0	1.38747
1	1	0	1	1.67878
5	4	1	3	1.69002
13	7	3	2	1.59806
10	6	2	4	1.66972
18	10	4	5	1.50918
19	11	5	0	0.514422
1	1	0	1	1.44859
4	3	1	1	1.67133
3	3	1	1	0.747555
3	3	1	1	1.54355
6	4	1	3	0
15	8	3	5	1.65845
20	11	5	0	1.39518
2	2	0	2	1.67008
12	6	2	4	1.92058
18	10	4	5	1.34602
19	11	5	0	0.805034
2	2	0	2	1.67621
8	5	2	2	0.33652
11	6	2	4	1.58417
18	10	4	5	1.55231
19	11	5	0	0.429489
1	1	0	1	1.50901
4	3	1	1	1.66271
3	3	1	1	0.866663
3	3	1	1	1.543
6	4	1	3	0
15	8	3	5	1.65846
20	11	5	0	1.39523
2	2	0	2	1.67575
12	6	2	4	1.92072
18	10	4	5	1.34602
19	11	5	0	0.805016
1	1	0	1	1.53555
4	3	1	1	1.67608
3	3	1	1	0.467103
6	4	1	3	0
15	8	3	5	1.66846
20	11	5	0	1.41223
1	1	0	1	1.667
4	3	1	1	1.69645
6	4	1	3	0
15	8	3	5	1.67333
20	11	5	0	1.41967
1	1	0	1	1.67055
5	4	1	3	1.69777
13	7	3	2	1.60436
10	6	2	4	1.6693
17	9	4	3	1.50454
16	8	3	5	1.99819
20	11	5	0	0
1	1	0	1	1.14179
4	3	1	1	1.70124
3	3	1	1	1.37678
3	3	1	1	1.53868
3	3	1	1	1.48797
6	4	1	3	0
13	7	3	2	1.65837
10	6	2	4	1.65746
18	10	4	5	1.50773
19	11	5	0	0.499331
1	1	0	1	1.45997
4	3	1	1	1.66668
6	4	1	3	0
15	8	3	5	1.67555
20	11	5	0	1.42356
1	1	0	1	1.67094
5	4	1	3	1.69801
13	7	3	2	1.60389
10	6	2	4	1.66952
18	10	4	5	1.5047
19	11	5	0	0.517142
2	2	0	2	1.67093
8	5	2	2	0.336275
7	5	2	2	1.58356
7	5	2	2	1.6199
11	6	2	4	1.63041
18	10	4	5	1.57048
19	11	5	0	0.415859
2	2	0	2	1.66154
12	6	2	4	1.91158
17	9	4	3	1.36125
16	8	3	5	1.57406
20	11	5	0	0
2	2	0	2	1.65031
8	5	2	2	0.358322
11	6	2	4	1.5833
18	10	4	5	1.55137
19	11	5	0	0.42973
1	1	0	1	1.50892
4	3	1	1	1.66275
6	4	1	3	0
15	8	3	5	1.67478
20	11	5	0	1.42212
2	2	0	2	1.67701
12	6	2	4	1.91317
17	9	4	3	1.35006
16	8	3	5	1.57377
20	11	5	0	0
2	2	0	2	1.6494
8	5	2	2	0.360601
7	5	2	2	1.58336
11	6	2	4	1.62101
18	10	4	5	1.57087
19	11	5	0	0.429904
1	1	0	1	1.50429
4	3	1	1	1.66265
3	3	1	1	0.86817
3	3	1	1	1.543
6	4	1	3	0
15	8	3	5	1.65846
20	11	5	0	1.39524
1	1	0	1	1.67039
5	4	1	3	1.69638
13	7	3	2	1.60644
10	6	2	4	1.66744
17	9	4	3	1.50304
14	7	3	2	1.77097
10	6	2	4	1.66909
18	10	4	5	1.52637
19	11	5	0	0.489492
2	2	0	2	1.66865
12	6	2	4	1.93701
17	9	4	3	1.36054
16	8	3	5	1.83363
20	11	5	0	0
1	1	0	1	1.24296
5	4	1	3	1.69882
15	8	3	5	1.64089
20	11	5	0	1.38834
2	2	0	2	1.67148
8	5	2	2	0.298653
11	6	2	4	1.57677
17	9	4	3	1.55119
14	7	3	2	0.957974
10	6	2	4	1.67206
17	9	4	3	1.52998
16	8	3	5	2.03182
20	11	5	0	0
1	1	0	1	0.991579
4	3	1	1	1.69919
6	4	1	3	0
15	8	3	5	1.66627
20	11	5	0	1.40397
1	1	0	1	1.66838
5	4	1	3	1.69733
15	8	3	5	1.60599
20	11	5	0	1.39435
1	1	0	1	1.67882
4	3	1	1	1.69006
3	3	1	1	0.834158
6	4	1	3	0
13	7	3	2	1.67087
10	6	2	4	1.66432
17	9	4	3	1.52837
14	7	3	2	1.47296
10	6	2	4	1.67069
18	10	4	5	1.52336
19	11	5	0	0.493441
1	1	0	1	1.45228
5	4	1	3	1.66657
15	8	3	5	1.59986
20	11	5	0	1.38727
1	1	0	1	1.67884
5	4	1	3	1.69012
13	7	3	2	1.59798
9	5	2	2	1.66979
7	5	2	2	1.60173
11	6	2	4	1.56708
17	9	4	3	1.57473
16	8	3	5	2.30827
20	11	5	0	0
1	1	0	1	0.941065
5	4	1	3	1.7066
13	7	3	2	1.65176
9	5	2	2	1.65919
7	5	2	2	1.60056
7	5	2	2	1.57134
11	6	2	4	1.65282
17	9	4	3	1.56378
16	8	3	5	2.31293
20	11	5	0	0
1	1	0	1	0.933106
5	4	1	3	1.70645
15	8	3	5	1.65185
20	11	5	0	1.3877
2	2	0	2	1.67431
12	6	2	4	1.91733
17	9	4	3	1.34701
14	7	3	2	1.50844
9	5	2	2	1.6659
11	6	2	4	1.61535
17	9	4	3	1.5786
14	7	3	2	0.951732
9	5	2	2	1.67243
7	5	2	2	1.5942
7	5	2	2	1.59416
7	5	2	2	1.64357
7	5	2	2	1.63853
11	6	2	4	1.64421
17	9	4	3	1.56711
14	7	3	2	0.964563
10	6	2	4	1.67289
18	10	4	5	1.5297
19	11	5	0	0.481434
2	2	0	2	1.66778
12	6	2	4	1.93384
17	9	4	3	1.36027
16	8	3	5	1.8326
20	11	5	0	0
1	1	0	1	1.23922
4	3	1	1	1.69882
6	4	1	3	0
13	7	3	2	1.66857
9	5	2	2	1.67282
7	5	2	2	1.59359
7	5	2	2	1.58681
7	5	2	2	1.64571
11	6	2	4	1.63806
17	9	4	3	1.56852
14	7	3	2	0.964377
10	6	2	4	1.67172
17	9	4	3	1.53019
14	7	3	2	1.32154
9	5	2	2	1.6711
7	5	2	2	1.59848
11	6	2	4	1.59412
18	10	4	5	1.57311
19	11	5	0	0.423702
2	2	0	2	1.66225
8	5	2	2	0.312298
7	5	2	2	1.59199
7	5	2	2	1.61661
7	5	2	2	1.63978
7	5	2	2	1.62582
7	5	2	2	1.6614
7	5	2	2	1.64874
11	6	2	4	1.64468
17	9	4	3	1.56604
16	8	3	5	2.31124
20	11	5	0	0
2	2	0	2	1.60778
8	5	2	2	0.345086
7	5	2	2	1.57511
7	5	2	2	1.62536
11	6	2	4	1.63981
18	10	4	5	1.57064
19	11	5	0	0.415414
1	1	0	1	1.50528
4	3	1	1	1.66243
6	4	1	3	0
13	7	3	2	1.67524
9	5	2	2	1.67387
7	5	2	2	1.59313
7	5	2	2	1.59016
11	6	2	4	1.64414
18	10	4	5	1.56688
19	11	5	0	0.418538
1	1	0	1	1.50595
4	3	1	1	1.6625
6	4	1	3	0
15	8	3	5	1.67476
20	11	5	0	1.42205
1	1	0	1	1.67108
5	4	1	3	1.69789
13	7	3	2	1.60408
9	5	2	2	1.66935
7	5	2	2	1.60171
7	5	2	2	1.56714
7	5	2	2	1.65264
11	6	2	4	1.63483
17	9	4	3	1.56904
16	8	3	5	2.31104
20	11	5	0	0
2	2	0	2	1.61024
12	6	2	4	1.95344
18	10	4	5	1.34808
19	11	5	0	0.79644
1	1	0	1	1.53323
4	3	1	1	1.67603
3	3	1	1	0.467076
6	4	1	3	0
15	8	3	5	1.66845
20	11	5	0	1.41222
1	1	0	1	1.667
4	3	1	1	1.69645
3	3	1	1	1.02962
3	3	1	1	1.54093
6	4	1	3	0
15	8	3	5	1.65832
20	11	5	0	1.39542
1	1	0	1	1.6703
4	3	1	1	1.69641
3	3	1	1	1.10232
3	3	1	1	1.54085
3	3	1	1	1.49805
3	3	1	1	1.46485
3	3	1	1	1.39242
6	4	1	3	0
13	7	3	2	1.65434
9	5	2	2	1.65593
11	6	2	4	1.58863
17	9	4	3	1.5642
16	8	3	5	2.30496
20	11	5	0	0
2	2	0	2	1.61062
12	6	2	4	1.94215
17	9	4	3	1.36747
14	7	3	2	1.51252
9	5	2	2	1.66561
7	5	2	2	1.61533
11	6	2	4	1.58942
18	10	4	5	1.57267
19	11	5	0	0.424059
2	2	0	2	1.66227
12	6	2	4	1.91388
17	9	4	3	1.36146
14	7	3	2	1.51117
10	6	2	4	1.66579
17	9	4	3	1.52827
14	7	3	2	1.34924
10	6	2	4	1.67074
18	10	4	5	1.52498
19	11	5	0	0.490925
2	2	0	2	1.66871
12	6	2	4	1.93715
17	9	4	3	1.36055
16	8	3	5	1.83373
20	11	5	0	0
1	1	0	1	1.24304
5	4	1	3	1.69882
13	7	3	2	1.64089
10	6	2	4	1.66283
17	9	4	3	1.5006
14	7	3	2	1.73518
10	6	2	4	1.66852
17	9	4	3	1.52706
16	8	3	5	2.02246
20	11	5	0	0
1	1	0	1	0.995937
5	4	1	3	1.69905
13	7	3	2	1.64627
9	5	2	2	1.65768
7	5	2	2	1.60204
7	5	2	2	1.90414
7	5	2	2	1.66572
11	6	2	4	1.63746
18	10	4	5	1.56942
19	11	5	0	0.418492
1	1	0	1	1.5059
4	3	1	1	1.66239
3	3	1	1	0.87109
3	3	1	1	1.54301
3	3	1	1	1.49904
6	4	1	3	0
15	8	3	5	1.65894
20	11	5	0	1.39492
2	2	0	2	1.67371
12	6	2	4	1.92418
17	9	4	3	1.34534
16	8	3	5	1.57341
20	11	5	0	0
1	1	0	1	1.31045
4	3	1	1	1.69943
3	3	1	1	1.35034
3	3	1	1	1.53972
3	3	1	1	1.49655
6	4	1	3	0
15	8	3	5	1.65893
20	11	5	0	1.39493
1	1	0	1	1.66558
4	3	1	1	1.69753
6	4	1	3	0
15	8	3	5	1.67309
20	11	5	0	1.41881
2	2	0	2	1.6767
12	6	2	4	1.91468
18	10	4	5	1.34917
19	11	5	0	0.810624
2	2	0	2	1.67629
8	5	2	2	0.336538
11	6	2	4	1.5842
18	10	4	5	1.55231
19	11	5	0	0.429484
2	2	0	2	1.66231
12	6	2	4	1.91339
18	10	4	5	1.35838
19	11	5	0	0.951663
1	1	0	1	1.55311
4	3	1	1	1.6768
6	4	1	3	0.285938
15	8	3	5	1.6768
20	11	5	0	1.42575
1	1	0	1	1.67084
5	4	1	3	1.69821
13	7	3	2	1.60369
9	5	2	2	1.66972
7	5	2	2	1.60158
11	6	2	4	1.56713
17	9	4	3	1.57472
16	8	3	5	2.30828
20	11	5	0	0
1	1	0	1	0.941072
4	3	1	1	1.7066
3	3	1	1	1.3934
3	3	1	1	1.53724
3	3	1	1	1.48758
3	3	1	1	1.43709
6	4	1	3	0
15	8	3	5	1.65555
20	11	5	0	1.3991
2	2	0	2	1.67368
8	5	2	2	0.308539
7	5	2	2	1.57622
7	5	2	2	1.62458
11	6	2	4	1.63986
18	10	4	5	1.57063
19	11	5	0	0.415475
2	2	0	2	1.66153
8	5	2	2	0.310442
7	5	2	2	1.59196
7	5	2	2	1.61677
7	5	2	2	1.63975
7	5	2	2	1.6258
7	5	2	2	1.66144
7	5	2	2	1.64873
11	6	2	4	1.64469
18	10	4	5	1.56604
19	11	5	0	0.420995
1	1	0	1	1.50641
4	3	1	1	1.66245
3	3	1	1	0.870434
6	4	1	3	0
13	7	3	2	1.67013
10	6	2	4	1.66434
18	10	4	5	1.52804
19	11	5	0	0.437559
1	1	0	1	1.46887
5	4	1	3	1.66514
13	7	3	2	1.60146
10	6	2	4	1.66916
17	9	4	3	1.50326
14	7	3	2	1.7495
10	6	2	4	1.66899
18	10	4	5	1.52652
19	11	5	0	0.489289
2	2	0	2	1.66863
8	5	2	2	0.331454
7	5	2	2	1.59621
7	5	2	2	1.62037
11	6	2	4	1.63929
18	10	4	5	1.57052
19	11	5	0	0.415821
1	1	0	1	1.50527
5	4	1	3	1.66244
15	8	3	5	1.6046
20	11	5	0	1.37793
2	2	0	2	1.68096
8	5	2	2	0.29161
11	6	2	4	1.57619
18	10	4	5	1.55113
19	11	5	0	0.430831
1	1	0	1	1.50845
5	4	1	3	1.66281
13	7	3	2	1.6042
10	6	2	4	1.66553
17	9	4	3	1.5011
16	8	3	5	1.99078
20	11	5	0	0
2	2	0	2	1.63945
8	5	2	2	0.356346
7	5	2	2	1.58054
7	5	2	2	1.62247
7	5	2	2	1.63964
11	6	2	4	1.62587
17	9	4	3	1.57094
14	7	3	2	0.964352
9	5	2	2	1.67175
11	6	2	4	1.59418
17	9	4	3	1.55909
16	8	3	5	2.31479
20	11	5	0	0
2	2	0	2	1.60995
8	5	2	2	0.339494
7	5	2	2	1.57349
7	5	2	2	1.62609
11	6	2	4	1.63981
18	10	4	5	1.57066
19	11	5	0	0.415357
2	2	0	2	1.66153
8	5	2	2	0.310443
11	6	2	4	1.59196
18	10	4	5	1.55162
19	11	5	0	0.430419
2	2	0	2	1.66235
8	5	2	2	0.311854
11	6	2	4	1.59189
17	9	4	3	1.55171
14	7	3	2	0.958074
9	5	2	2	1.67204
11	6	2	4	1.59425
17	9	4	3	1.55916
16	8	3	5	2.31473
20	11	5	0	0
1	1	0	1	0.945812
5	4	1	3	1.70672
15	8	3	5	1.64534
20	11	5	0	1.38515
1	1	0	1	1.66453
4	3	1	1	1.69311
6	4	1	3	0
13	7	3	2	1.67608
10	6	2	4	1.67373
18	10	4	5	1.5318
19	11	5	0	0.431172
2	2	0	2	1.66567
12	6	2	4	1.92724
17	9	4	3	1.35961
14	7	3	2	1.76693
9	5	2	2	1.66584
11	6	2	4	1.61751
18	10	4	5	1.58384
19	11	5	0	0.396503
2	2	0	2	1.66129
12	6	2	4	1.90994
18	10	4	5	1.3611
19	11	5	0	0.955253
2	2	0	2	1.67673
12	6	2	4	1.93897
17	9	4	3	1.34116
16	8	3	5	1.85132
20	11	5	0	0
2	2	0	2	1.6485
8	5	2	2	0.360392
7	5	2	2	1.58362
7	5	2	2	1.62083
7	5	2	2	1.63563
7	5	2	2	1.62596
11	6	2	4	1.66094
17	9	4	3	1.56244
16	8	3	5	2.3117
20	11	5	0	0
1	1	0	1	0.906153
4	3	1	1	1.70343
3	3	1	1	1.41624
3	3	1	1	1.5371
3	3	1	1	1.48689
3	3	1	1	1.43634
6	4	1	3	0
15	8	3	5	1.65551
20	11	5	0	1.39912
2	2	0	2	1.6737
8	5	2	2	0.308494
11	6	2	4	1.57621
17	9	4	3	1.55095
14	7	3	2	0.957952
9	5	2	2	1.67207
11	6	2	4	1.59426
17	9	4	3	1.55917
14	7	3	2	0.956791
9	5	2	2	1.67224
11	6	2	4	1.59409
17	9	4	3	1.55919
14	7	3	2	0.956799
9	5	2	2	1.67224
7	5	2	2	1.59409
7	5	2	2	1.58862
11	6	2	4	1.64358
17	9	4	3	1.56736
14	7	3	2	0.964021
10	6	2	4	1.67173
18	10	4	5	1.53018
19	11	5	0	0.48084
1	1	0	1	1.45697
4	3	1	1	1.66603
6	4	1	3	0
15	8	3	5	1.67544
20	11	5	0	1.42339
2	2	0	2	1.67705
12	6	2	4	1.91259
17	9	4	3	1.34728
14	7	3	2	1.50897
9	5	2	2	1.66587
7	5	2	2	1.61528
11	6	2	4	1.58953
17	9	4	3	1.57266
14	7	3	2	0.958176
10	6	2	4	1.67227
17	9	4	3	1.52994
16	8	3	5	2.03198
20	11	5	0	0
1	1	0	1	0.991357
4	3	1	1	1.69919
6	4	1	3	0
13	7	3	2	1.66705
10	6	2	4	1.66976
17	9	4	3	1.522
16	8	3	5	2.0266
20	11	5	0	0
1	1	0	1	1.06618
5	4	1	3	1.70165
15	8	3	5	1.64608
20	11	5	0	1.38492
1	1	0	1	1.6708
4	3	1	1	1.69287
3	3	1	1	0.915985
3	3	1	1	1.54133
3	3	1	1	1.49883
3	3	1	1	1.46495
6	4	1	3	0
13	7	3	2	1.65693
9	5	2	2	1.65725
11	6	2	4	1.58827
18	10	4	5	1.56391
19	11	5	0	0.457467
2	2	0	2	1.66378
8	5	2	2	0.315332
11	6	2	4	1.59161
17	9	4	3	1.55183
14	7	3	2	0.958058
10	6	2	4	1.67204
17	9	4	3	1.52997
16	8	3	5	2.03182
20	11	5	0	0
1	1	0	1	0.991594
4	3	1	1	1.69919
6	4	1	3	0
13	7	3	2	1.66705
10	6	2	4	1.66976
17	9	4	3	1.522
16	8	3	5	2.0266
20	11	5	0	0
1	1	0	1	1.06619
4	3	1	1	1.70165
3	3	1	1	1.39295
3	3	1	1	1.53793
6	4	1	3	0
13	7	3	2	1.65926
9	5	2	2	1.65888
7	5	2	2	1.58874
7	5	2	2	1.57143
7	5	2	2	1.65223
11	6	2	4	1.63399
18	10	4	5	1.56948
19	11	5	0	0.415715
1	1	0	1	1.50597
5	4	1	3	1.6624
13	7	3	2	1.60463
10	6	2	4	1.66543
18	10	4	5	1.50135
19	11	5	0	0.519078
1	1	0	1	1.4487
5	4	1	3	1.67178
13	7	3	2	1.5985
9	5	2	2	1.67046
11	6	2	4	1.60218
18	10	4	5	1.57532
19	11	5	0	0.438014
1	1	0	1	1.51347
4	3	1	1	1.66267
6	4	1	3	0
15	8	3	5	1.67479
20	11	5	0	1.42213
2	2	0	2	1.67701
12	6	2	4	1.91317
18	10	4	5	1.35006
19	11	5	0	0.811971
2	2	0	2	1.67632
12	6	2	4	1.94772
18	10	4	5	1.34161
19	11	5	0	0.901246
2	2	0	2	1.67645
8	5	2	2	0.336066
7	5	2	2	1.58426
11	6	2	4	1.61896
18	10	4	5	1.57109
19	11	5	0	0.429632
2	2	0	2	1.66208
8	5	2	2	0.311757
7	5	2	2	1.59199
11	6	2	4	1.61665
17	9	4	3	1.57091
14	7	3	2	0.958762
10	6	2	4	1.67214
17	9	4	3	1.52987
16	8	3	5	2.03197
20	11	5	0	0
2	2	0	2	1.61947
8	5	2	2	0.349048
7	5	2	2	1.577
11	6	2	4	1.62435
17	9	4	3	1.57052
14	7	3	2	0.95881
9	5	2	2	1.67213
7	5	2	2	1.5941
11	6	2	4	1.58851
17	9	4	3	1.57301
14	7	3	2	0.958255
9	5	2	2	1.67226
7	5	2	2	1.59399
7	5	2	2	1.58865
7	5	2	2	1.64353
11	6	2	4	1.63849
17	9	4	3	1.56867
14	7	3	2	0.964412
9	5	2	2	1.67172
7	5	2	2	1.59423
7	5	2	2	1.58795
11	6	2	4	1.64382
17	9	4	3	1.56729
16	8	3	5	2.31152
20	11	5	0	0
2	2	0	2	1.61022
8	5	2	2	0.344929
7	5	2	2	1.57531
7	5	2	2	1.62524
11	6	2	4	1.63982
17	9	4	3	1.57064
16	8	3	5	2.31114
20	11	5	0	0
1	1	0	1	0.933283
4	3	1	1	1.7033
3	3	1	1	1.41448
3	3	1	1	1.53723
3	3	1	1	1.48689
3	3	1	1	1.43633
3	3	1	1	1.44836
3	3	1	1	1.49533
6	4	1	3	0
13	7	3	2	1.65838
10	6	2	4	1.65752
17	9	4	3	1.50887
14	7	3	2	1.41691
10	6	2	4	1.66903
17	9	4	3	1.52918
14	7	3	2	1.3538
10	6	2	4	1.67077
17	9	4	3	1.525
14	7	3	2	1.33778
10	6	2	4	1.67064
17	9	4	3	1.52525
16	8	3	5	2.02418
20	11	5	0	0
2	2	0	2	1.62315
12	6	2	4	1.95999
18	10	4	5	1.34737
19	11	5	0	0.788677
1	1	0	1	1.53301
5	4	1	3	1.67592
15	8	3	5	1.59457
20	11	5	0	1.39122
1	1	0	1	1.67884
5	4	1	3	1.68621
13	7	3	2	1.59774
10	6	2	4	1.67004
18	10	4	5	1.50954
19	11	5	0	0.514034
2	2	0	2	1.67055
8	5	2	2	0.335395
11	6	2	4	1.58347
17	9	4	3	1.55209
16	8	3	5	2.31371
20	11	5	0	0
2	2	0	2	1.61007
8	5	2	2	0.340057
11	6	2	4	1.57365
18	10	4	5	1.55006
19	11	5	0	0.476912
2	2	0	2	1.66292
12	6	2	4	1.91559
17	9	4	3	1.35859
16	8	3	5	1.57396
20	11	5	0	0
1	1	0	1	1.34592
4	3	1	1	1.69933
3	3	1	1	1.34631
3	3	1	1	1.53983
3	3	1	1	1.49661
3	3	1	1	1.46367
6	4	1	3	0
15	8	3	5	1.65637
20	11	5	0	1.39762
1	1	0	1	1.66376
4	3	1	1	1.69409
6	4	1	3	0
15	8	3	5	1.67521
20	11	5	0	1.42026
1	1	0	1	1.67076
5	4	1	3	1.69778
15	8	3	5	1.60428
20	11	5	0	1.39687
1	1	0	1	1.67876
5	4	1	3	1.68575
13	7	3	2	1.59786
10	6	2	4	1.66994
18	10	4	5	1.50942
19	11	5	0	0.514163
1	1	0	1	1.44863
4	3	1	1	1.67131
6	4	1	3	0
13	7	3	2	1.67607
9	5	2	2	1.6738
7	5	2	2	1.5911
7	5	2	2	1.58892
7	5	2	2	1.64441
11	6	2	4	1.63863
18	10	4	5	1.56843
19	11	5	0	0.416679
1	1	0	1	1.50617
4	3	1	1	1.66241
3	3	1	1	0.870883
6	4	1	3	0
15	8	3	5	1.66678
20	11	5	0	1.41061
2	2	0	2	1.6718
8	5	2	2	0.303416
7	5	2	2	1.57536
7	5	2	2	1.62505
11	6	2	4	1.63987
17	9	4	3	1.57064
14	7	3	2	0.963868
10	6	2	4	1.67178
18	10	4	5	1.53015
19	11	5	0	0.480895
1	1	0	1	1.45696
4	3	1	1	1.66604
6	4	1	3	0
15	8	3	5	1.67544
20	11	5	0	1.42339
2	2	0	2	1.67705
12	6	2	4	1.91259
17	9	4	3	1.34728
14	7	3	2	1.50897
10	6	2	4	1.66586
17	9	4	3	1.52802
14	7	3	2	1.34708
9	5	2	2	1.67074
11	6	2	4	1.59901
17	9	4	3	1.57427
14	7	3	2	0.952958
10	6	2	4	1.67242
17	9	4	3	1.52962
14	7	3	2	1.3214
9	5	2	2	1.67105
7	5	2	2	1.59854
11	6	2	4	1.59406
18	10	4	5	1.57311
19	11	5	0	0.423692
1	1	0	1	1.50378
4	3	1	1	1.66274
6	4	1	3	0
13	7	3	2	1.67526
9	5	2	2	1.67387
7	5	2	2	1.59313
11	6	2	4	1.59017
17	9	4	3	1.57311
14	7	3	2	0.958198
9	5	2	2	1.67227
11	6	2	4	1.59399
17	9	4	3	1.55918
14	7	3	2	0.9568
9	5	2	2	1.67224
7	5	2	2	1.59409
11	6	2	4	1.58862
18	10	4	5	1.57299
19	11	5	0	0.424347
1	1	0	1	1.50379
4	3	1	1	1.66273
6	4	1	3	0
13	7	3	2	1.67525
10	6	2	4	1.67387
18	10	4	5	1.52776
19	11	5	0	0.437993
1	1	0	1	1.46233
5	4	1	3	1.66513
13	7	3	2	1.60151
10	6	2	4	1.66916
18	10	4	5	1.50326
19	11	5	0	0.518723
1	1	0	1	1.44921
4	3	1	1	1.67161
6	4	1	3	0
15	8	3	5	1.67571
20	11	5	0	1.42385
2	2	0	2	1.67706
8	5	2	2	0.300256
11	6	2	4	1.57552
17	9	4	3	1.5509
16	8	3	5	2.31343
20	11	5	0	0
2	2	0	2	1.61007
8	5	2	2	0.339985
7	5	2	2	1.57363
7	5	2	2	1.62604
11	6	2	4	1.63981
17	9	4	3	1.57066
14	7	3	2	0.963867
9	5	2	2	1.67178
11	6	2	4	1.59416
17	9	4	3	1.55909
16	8	3	5	2.31478
20	11	5	0	0
1	1	0	1	0.945851
5	4	1	3	1.70672
13	7	3	2	1.64534
9	5	2	2	1.65922
11	6	2	4	1.60058
17	9	4	3	1.57578
16	8	3	5	2.29453
20	11	5	0	0
1	1	0	1	0.982292
4	3	1	1	1.70744
3	3	1	1	1.39085
3	3	1	1	1.5373
6	4	1	3	0
13	7	3	2	1.65923
9	5	2	2	1.65883
11	6	2	4	1.58874
17	9	4	3	1.56393
16	8	3	5	2.30484
20	11	5	0	0
2	2	0	2	1.61063
8	5	2	2	0.336837
11	6	2	4	1.57305
18	10	4	5	1.55003
19	11	5	0	0.47715
2	2	0	2	1.66295
8	5	2	2	0.313642
7	5	2	2	1.59186
7	5	2	2	1.61633
11	6	2	4	1.63984
18	10	4	5	1.57064
19	11	5	0	0.415701
1	1	0	1	1.50526
5	4	1	3	1.66243
13	7	3	2	1.60461
10	6	2	4	1.66545
17	9	4	3	1.50135
16	8	3	5	1.99075
20	11	5	0	0
1	1	0	1	1.15252
4	3	1	1	1.7012
6	4	1	3	0
13	7	3	2	1.66811
10	6	2	4	1.67188
18	10	4	5	1.52372
19	11	5	0	0.437364
1	1	0	1	1.46326
4	3	1	1	1.66529
6	4	1	3	0
13	7	3	2	1.67584
10	6	2	4	1.67384
17	9	4	3	1.53257
14	7	3	2	1.60874
9	5	2	2	1.67053
11	6	2	4	1.60737
17	9	4	3	1.57776
16	8	3	5	2.2975
20	11	5	0	0
2	2	0	2	1.61036
12	6	2	4	1.94377
18	10	4	5	1.35663
19	11	5	0	0.807641
1	1	0	1	1.53474
5	4	1	3	1.67622
13	7	3	2	1.59423
10	6	2	4	1.67248
17	9	4	3	1.50432
14	7	3	2	1.72223
10	6	2	4	1.66911
18	10	4	5	1.52663
19	11	5	0	0.489133
2	2	0	2	1.66861
12	6	2	4	1.93687
18	10	4	5	1.36052
19	11	5	0	0.933347
1	1	0	1	1.55179
4	3	1	1	1.67666
6	4	1	3	0.284306
13	7	3	2	1.67712
9	5	2	2	1.67375
11	6	2	4	1.59093
17	9	4	3	1.57858
16	8	3	5	2.29397
20	11	5	0	0
2	2	0	2	1.61044
8	5	2	2	0.337214
7	5	2	2	1.57312
11	6	2	4	1.62625
18	10	4	5	1.57031
19	11	5	0	0.43087
2	2	0	2	1.66211
12	6	2	4	1.91321
17	9	4	3	1.3614
14	7	3	2	1.5112
9	5	2	2	1.6658
11	6	2	4	1.61685
18	10	4	5	1.57949
19	11	5	0	0.401418
2	2	0	2	1.66159
12	6	2	4	1.91093
17	9	4	3	1.3612
16	8	3	5	1.57405
20	11	5	0	0
1	1	0	1	1.3465
5	4	1	3	1.69932
13	7	3	2	1.63947
10	6	2	4	1.66337
18	10	4	5	1.50051
19	11	5	0	0.519565
1	1	0	1	1.4499
5	4	1	3	1.67201
15	8	3	5	1.59825
20	11	5	0	1.38815
2	2	0	2	1.68069
8	5	2	2	0.28648
7	5	2	2	1.57577
11	6	2	4	1.62471
17	9	4	3	1.57059
14	7	3	2	0.95884
9	5	2	2	1.67212
7	5	2	2	1.5941
11	6	2	4	1.5885
18	10	4	5	1.57301
19	11	5	0	0.424344
2	2	0	2	1.66223
8	5	2	2	0.312247
7	5	2	2	1.59199
11	6	2	4	1.61662
18	10	4	5	1.57092
19	11	5	0	0.430209
2	2	0	2	1.66208
12	6	2	4	1.91315
18	10	4	5	1.3614
19	11	5	0	0.952874
1	1	0	1	1.55321
4	3	1	1	1.67681
3	3	1	1	0.467658
6	4	1	3	0
15	8	3	5	1.66867
20	11	5	0	1.41251
1	1	0	1	1.66694
4	3	1	1	1.69648
3	3	1	1	1.02834
3	3	1	1	1.54093
3	3	1	1	1.4983
6	4	1	3	0
13	7	3	2	1.6594
9	5	2	2	1.658
7	5	2	2	1.58843
7	5	2	2	1.57143
11	6	2	4	1.65221
18	10	4	5	1.56459
19	11	5	0	0.430299
2	2	0	2	1.66248
8	5	2	2	0.312685
11	6	2	4	1.59196
17	9	4	3	1.55168
14	7	3	2	0.958076
9	5	2	2	1.67204
11	6	2	4	1.59425
18	10	4	5	1.55916
19	11	5	0	0.421338
1	1	0	1	1.50789
4	3	1	1	1.66287
6	4	1	3	0
13	7	3	2	1.67527
10	6	2	4	1.67386
18	10	4	5	1.52779
19	11	5	0	0.437993
2	2	0	2	1.6656
8	5	2	2	0.323218
11	6	2	4	1.59176
18	10	4	5	1.55186
19	11	5	0	0.430118
2	2	0	2	1.66234
12	6	2	4	1.9135
18	10	4	5	1.35839
19	11	5	0	0.951571
1	1	0	1	1.5531
5	4	1	3	1.6768
15	8	3	5	1.59348
20	11	5	0	1.39228
1	1	0	1	1.67878
5	4	1	3	1.68648
15	8	3	5	1.59228
20	11	5	0	1.40041
1	1	0	1	1.67897
5	4	1	3	1.68714
15	8	3	5	1.5926
20	11	5	0	1.40065
2	2	0	2	1.68088
12	6	2	4	1.89448
18	10	4	5	1.34921
19	11	5	0	0.826825
2	2	0	2	1.67644
12	6	2	4	1.94791
18	10	4	5	1.34175
19	11	5	0	0.900715
2	2	0	2	1.67645
12	6	2	4	1.94758
17	9	4	3	1.3413
16	8	3	5	1.85045
20	11	5	0	0
2	2	0	2	1.64846
8	5	2	2	0.360397
7	5	2	2	1.58362
7	5	2	2	1.62084
11	6	2	4	1.63563
18	10	4	5	1.57051
19	11	5	0	0.415774
2	2	0	2	1.66154
12	6	2	4	1.91158
18	10	4	5	1.36125
19	11	5	0	0.954198
1	1	0	1	1.55331
5	4	1	3	1.67682
13	7	3	2	1.5935
10	6	2	4	1.67275
18	10	4	5	1.50457
19	11	5	0	0.517779
2	2	0	2	1.67099
12	6	2	4	1.9435
17	9	4	3	1.34419
16	8	3	5	1.8382
20	11	5	0	0
2	2	0	2	1.64806
8	5	2	2	0.36047
11	6	2	4	1.58357
18	10	4	5	1.55139
19	11	5	0	0.429687
2	2	0	2	1.66239
12	6	2	4	1.91368
17	9	4	3	1.35841
16	8	3	5	1.57399
20	11	5	0	0
2	2	0	2	1.6503
8	5	2	2	0.358304
7	5	2	2	1.5833
11	6	2	4	1.62101
17	9	4	3	1.5709
14	7	3	2	0.958713
10	6	2	4	1.67214
18	10	4	5	1.52987
19	11	5	0	0.481344
1	1	0	1	1.45692
4	3	1	1	1.66606
6	4	1	3	0
15	8	3	5	1.67544
20	11	5	0	1.4234
1	1	0	1	1.67096
5	4	1	3	1.69803
15	8	3	5	1.60391
20	11	5	0	1.39747
1	1	0	1	1.67874
5	4	1	3	1.68592
15	8	3	5	1.5979
20	11	5	0	1.40006
1	1	0	1	1.679
5	4	1	3	1.6871
13	7	3	2	1.59258
9	5	2	2	1.67021
11	6	2	4	1.60153
18	10	4	5	1.5742
19	11	5	0	0.439779
2	2	0	2	1.66252
8	5	2	2	0.311741
11	6	2	4	1.59184
18	10	4	5	1.55174
19	11	5	0	0.430344
2	2	0	2	1.66235
12	6	2	4	1.91355
17	9	4	3	1.35839
14	7	3	2	1.51104
9	5	2	2	1.66581
11	6	2	4	1.61685
17	9	4	3	1.57949
16	8	3	5	2.29691
20	11	5	0	0
1	1	0	1	0.960001
5	4	1	3	1.70706
13	7	3	2	1.64292
10	6	2	4	1.65935
18	10	4	5	1.49958
19	11	5	0	0.519865
2	2	0	2	1.67192
8	5	2	2	0.338494
7	5	2	2	1.58379
7	5	2	2	1.61979
11	6	2	4	1.63043
18	10	4	5	1.57048
19	11	5	0	0.415868
1	1	0	1	1.50528
4	3	1	1	1.66244
3	3	1	1	0.870958
6	4	1	3	0
15	8	3	5	1.66678
20	11	5	0	1.41062
2	2	0	2	1.6718
8	5	2	2	0.303415
7	5	2	2	1.57536
7	5	2	2	1.62505
11	6	2	4	1.63987
17	9	4	3	1.57064
16	8	3	5	2.31113
20	11	5	0	0
1	1	0	1	0.93327
5	4	1	3	1.7033
13	7	3	2	1.64713
10	6	2	4	1.65705
17	9	4	3	1.49973
14	7	3	2	1.71613
9	5	2	2	1.66854
7	5	2	2	1.62306
11	6	2	4	1.59431
17	9	4	3	1.5721
16	8	3	5	2.30811
20	11	5	0	0
2	2	0	2	1.61026
12	6	2	4	1.9461
18	10	4	5	1.35312
19	11	5	0	0.806668
2	2	0	2	1.67646
8	5	2	2	0.337186
7	5	2	2	1.5842
11	6	2	4	1.619
18	10	4	5	1.57109
19	11	5	0	0.429636
1	1	0	1	1.50426
5	4	1	3	1.66264
13	7	3	2	1.60441
10	6	2	4	1.66551
18	10	4	5	1.50113
19	11	5	0	0.51909
2	2	0	2	1.6713
8	5	2	2	0.337178
11	6	2	4	1.58367
18	10	4	5	1.55208
19	11	5	0	0.429758
2	2	0	2	1.66233
12	6	2	4	1.91346
17	9	4	3	1.35839
16	8	3	5	1.57399
20	11	5	0	0
1	1	0	1	1.34617
4	3	1	1	1.69933
6	4	1	3	0
15	8	3	5	1.66838
20	11	5	0	1.40975
1	1	0	1	1.6702
4	3	1	1	1.69728
6	4	1	3	0
15	8	3	5	1.67315
20	11	5	0	1.41992
1	1	0	1	1.67055
5	4	1	3	1.69779
15	8	3	5	1.60433
20	11	5	0	1.39682
1	1	0	1	1.67876
4	3	1	1	1.68575
3	3	1	1	0.822646
3	3	1	1	1.54138
3	3	1	1	1.49944
3	3	1	1	1.4651
3	3	1	1	1.39393
6	4	1	3	0
15	8	3	5	1.65352
20	11	5	0	1.39986
1	1	0	1	1.66842
4	3	1	1	1.6969
6	4	1	3	0
15	8	3	5	1.67323
20	11	5	0	1.41918
2	2	0	2	1.67671
8	5	2	2	0.302048
11	6	2	4	1.5757
18	10	4	5	1.55091
19	11	5	0	0.473972
2	2	0	2	1.66262
12	6	2	4	1.91451
18	10	4	5	1.35849
19	11	5	0	0.950756
2	2	0	2	1.67671
12	6	2	4	1.93898
18	10	4	5	1.34118
19	11	5	0	0.897546
2	2	0	2	1.67643
8	5	2	2	0.336123
7	5	2	2	1.58425
7	5	2	2	1.61896
7	5	2	2	1.63059
7	5	2	2	1.62602
11	6	2	4	1.66079
18	10	4	5	1.56248
19	11	5	0	0.423904
2	2	0	2	1.66182
8	5	2	2	0.310862
11	6	2	4	1.59198
18	10	4	5	1.55165
19	11	5	0	0.4304
1	1	0	1	1.50888
4	3	1	1	1.66273
6	4	1	3	0
15	8	3	5	1.67478
20	11	5	0	1.42211
2	2	0	2	1.67701
12	6	2	4	1.91317
17	9	4	3	1.35006
14	7	3	2	1.50887
10	6	2	4	1.66587
18	10	4	5	1.52801
19	11	5	0	0.489504
2	2	0	2	1.66877
12	6	2	4	1.9375
18	10	4	5	1.36058
19	11	5	0	0.93284
1	1	0	1	1.55175
5	4	1	3	1.67666
13	7	3	2	1.59361
9	5	2	2	1.67268
7	5	2	2	1.60154
11	6	2	4	1.56759
18	10	4	5	1.57469
19	11	5	0	0.422399
1	1	0	1	1.50358
5	4	1	3	1.66271
15	8	3	5	1.60433
20	11	5	0	1.3778
2	2	0	2	1.68097
12	6	2	4	1.90447
17	9	4	3	1.34512
16	8	3	5	1.57356
20	11	5	0	0
1	1	0	1	1.31145
5	4	1	3	1.69942
15	8	3	5	1.64004
20	11	5	0	1.38791
2	2	0	2	1.67905
8	5	2	2	0.292122
11	6	2	4	1.57618
18	10	4	5	1.55116
19	11	5	0	0.430841
1	1	0	1	1.50845
5	4	1	3	1.66281
15	8	3	5	1.60421
20	11	5	0	1.37768
1	1	0	1	1.67932
4	3	1	1	1.68893
3	3	1	1	0.879647
6	4	1	3	0
13	7	3	2	1.67061
9	5	2	2	1.66438
11	6	2	4	1.58407
18	10	4	5	1.56494
19	11	5	0	0.456636
2	2	0	2	1.66357
8	5	2	2	0.314994
11	6	2	4	1.59174
18	10	4	5	1.55181
19	11	5	0	0.430276
1	1	0	1	1.50886
4	3	1	1	1.66273
3	3	1	1	0.866574
6	4	1	3	0
13	7	3	2	1.67017
9	5	2	2	1.66441
7	5	2	2	1.58427
11	6	2	4	1.57248
18	10	4	5	1.57469
19	11	5	0	0.423496
2	2	0	2	1.66208
12	6	2	4	1.91328
17	9	4	3	1.3614
14	7	3	2	1.51122
10	6	2	4	1.66579
18	10	4	5	1.52827
19	11	5	0	0.48916
2	2	0	2	1.66873
8	5	2	2	0.331824
7	5	2	2	1.59586
7	5	2	2	1.62034
11	6	2	4	1.6393
18	10	4	5	1.57051
19	11	5	0	0.415824
1	1	0	1	1.50527
4	3	1	1	1.66244
3	3	1	1	0.87097
6	4	1	3	0
15	8	3	5	1.66678
20	11	5	0	1.41062
1	1	0	1	1.66916
4	3	1	1	1.69628
6	4	1	3	0
15	8	3	5	1.67333
20	11	5	0	1.41963
1	1	0	1	1.67055
5	4	1	3	1.69777
13	7	3	2	1.60437
10	6	2	4	1.6693
17	9	4	3	1.50454
14	7	3	2	1.75807
10	6	2	4	1.66937
18	10	4	5	1.52643
19	11	5	0	0.489404
1	1	0	1	1.45036
5	4	1	3	1.66643
15	8	3	5	1.60001
20	11	5	0	1.3873
2	2	0	2	1.68066
8	5	2	2	0.287174
7	5	2	2	1.57581
7	5	2	2	1.6247
7	5	2	2	1.63993
7	5	2	2	1.62007
7	5	2	2	1.66182
11	6	2	4	1.64862
17	9	4	3	1.56574
16	8	3	5	2.31168
20	11	5	0	0
1	1	0	1	0.907596
4	3	1	1	1.70338
3	3	1	1	1.41616
3	3	1	1	1.5371
6	4	1	3	0
15	8	3	5	1.65845
20	11	5	0	1.39521
2	2	0	2	1.67498
12	6	2	4	1.92204
18	10	4	5	1.3462
19	11	5	0	0.804632
2	2	0	2	1.67619
12	6	2	4	1.94757
17	9	4	3	1.34163
16	8	3	5	1.84882
20	11	5	0	0
1	1	0	1	1.2532
5	4	1	3	1.69883
13	7	3	2	1.64073
9	5	2	2	1.6629
7	5	2	2	1.60096
11	6	2	4	1.90299
18	10	4	5	1.57562
19	11	5	0	0.421371
1	1	0	1	1.50378
4	3	1	1	1.66268
6	4	1	3	0
13	7	3	2	1.67525
9	5	2	2	1.67387
7	5	2	2	1.59313
7	5	2	2	1.59016
7	5	2	2	1.64414
7	5	2	2	1.63896
11	6	2	4	1.64404
17	9	4	3	1.5671
16	8	3	5	2.31074
20	11	5	0	0
1	1	0	1	0.906566
4	3	1	1	1.70336
6	4	1	3	0
13	7	3	2	1.66712
10	6	2	4	1.66998
18	10	4	5	1.52232
19	11	5	0	0.478817
1	1	0	1	1.46283
4	3	1	1	1.66541
3	3	1	1	0.763842
3	3	1	1	1.54353
3	3	1	1	1.49986
3	3	1	1	1.46507
6	4	1	3	0
15	8	3	5	1.65647
20	11	5	0	1.39755
2	2	0	2	1.67295
12	6	2	4	1.9192
18	10	4	5	1.34673
19	11	5	0	0.805118
1	1	0	1	1.53577
5	4	1	3	1.67604
15	8	3	5	1.59432
20	11	5	0	1.39141
1	1	0	1	1.67883
4	3	1	1	1.68626
6	4	1	3	0
13	7	3	2	1.67692
9	5	2	2	1.6739
11	6	2	4	1.59313
17	9	4	3	1.58169
16	8	3	5	2.29122
20	11	5	0	0
2	2	0	2	1.61047
12	6	2	4	1.94249
17	9	4	3	1.37058
14	7	3	2	1.5125
9	5	2	2	1.66561
7	5	2	2	1.61534
11	6	2	4	1.58942
17	9	4	3	1.57267
16	8	3	5	2.30821
20	11	5	0	0
1	1	0	1	0.941246
4	3	1	1	1.7066
3	3	1	1	1.39339
3	3	1	1	1.53724
6	4	1	3	0
13	7	3	2	1.65922
9	5	2	2	1.65882
7	5	2	2	1.58874
11	6	2	4	1.57143
18	10	4	5	1.57534
19	11	5	0	0.422683
2	2	0	2	1.66206
8	5	2	2	0.311829
11	6	2	4	1.592
18	10	4	5	1.55164
19	11	5	0	0.430392
1	1	0	1	1.50889
5	4	1	3	1.66273
15	8	3	5	1.60428
20	11	5	0	1.37771
1	1	0	1	1.67931
5	4	1	3	1.6889
15	8	3	5	1.59877
20	11	5	0	1.39825
1	1	0	1	1.67912
5	4	1	3	1.68658
13	7	3	2	1.59247
10	6	2	4	1.67016
17	9	4	3	1.50954
16	8	3	5	1.99371
20	11	5	0	0
2	2	0	2	1.63834
12	6	2	4	1.96937
17	9	4	3	1.34468
14	7	3	2	1.78943
9	5	2	2	1.66613
11	6	2	4	1.61771
18	10	4	5	1.58396
19	11	5	0	0.396112
2	2	0	2	1.66129
12	6	2	4	1.90992
18	10	4	5	1.36109
19	11	5	0	0.955274
1	1	0	1	1.55337
5	4	1	3	1.67682
13	7	3	2	1.59349
9	5	2	2	1.67276
11	6	2	4	1.60152
17	9	4	3	1.57432
14	7	3	2	0.945438
9	5	2	2	1.67274
7	5	2	2	1.5946
11	6	2	4	1.59451
18	10	4	5	1.57288
19	11	5	0	0.424315
2	2	0	2	1.66224
8	5	2	2	0.312284
11	6	2	4	1.59199
17	9	4	3	1.55166
16	8	3	5	2.31361
20	11	5	0	0
2	2	0	2	1.61008
8	5	2	2	0.34008
11	6	2	4	1.57365
17	9	4	3	1.55006
14	7	3	2	0.95783
9	5	2	2	1.67208
7	5	2	2	1.59426
7	5	2	2	1.58828
7	5	2	2	1.6437
7	5	2	2	1.63842
7	5	2	2	1.64421
11	6	2	4	1.65877
18	10	4	5	1.56248
19	11	5	0	0.421471
2	2	0	2	1.6618
12	6	2	4	1.91213
18	10	4	5	1.36132
19	11	5	0	0.953343
1	1	0	1	1.55324
4	3	1	1	1.67681
6	4	1	3	0.28609
15	8	3	5	1.67681
20	11	5	0	1.42575
2	2	0	2	1.67713
12	6	2	4	1.91173
17	9	4	3	1.34743
16	8	3	5	1.57384
20	11	5	0	0
2	2	0	2	1.64942
12	6	2	4	1.97647
18	10	4	5	1.59623
19	11	5	0	0.772489
1	1	0	1	1.53182
4	3	1	1	1.67552
6	4	1	3	0.269614
13	7	3	2	1.67683
9	5	2	2	1.67376
7	5	2	2	1.59097
7	5	2	2	1.58915
7	5	2	2	1.64429
7	5	2	2	1.6387
11	6	2	4	1.64411
17	9	4	3	1.56709
14	7	3	2	0.964576
9	5	2	2	1.67289
11	6	2	4	1.59413
17	9	4	3	1.55915
16	8	3	5	2.31471
20	11	5	0	0
2	2	0	2	1.60995
12	6	2	4	1.94518
18	10	4	5	1.35484
19	11	5	0	0.807231
1	1	0	1	1.53471
4	3	1	1	1.67621
3	3	1	1	0.467192
3	3	1	1	1.53838
6	4	1	3	0
15	8	3	5	1.65841
20	11	5	0	1.39519
1	1	0	1	1.67077
4	3	1	1	1.6963
3	3	1	1	1.10369
3	3	1	1	1.54085
6	4	1	3	0
15	8	3	5	1.65805
20	11	5	0	1.39542
1	1	0	1	1.67028
4	3	1	1	1.69642
3	3	1	1	1.10224
3	3	1	1	1.54085
3	3	1	1	1.49805
3	3	1	1	1.46485
6	4	1	3	0
15	8	3	5	1.65641
20	11	5	0	1.39759
2	2	0	2	1.67293
12	6	2	4	1.9192
18	10	4	5	1.34673
19	11	5	0	0.805137
1	1	0	1	1.53577
5	4	1	3	1.67604
13	7	3	2	1.59435
9	5	2	2	1.6724
11	6	2	4	1.60163
17	9	4	3	1.57448
14	7	3	2	0.945426
10	6	2	4	1.67274
17	9	4	3	1.52919
14	7	3	2	1.32345
9	5	2	2	1.67101
7	5	2	2	1.59861
7	5	2	2	1.59398
7	5	2	2	1.64621
7	5	2	2	1.63767
11	6	2	4	1.64417
17	9	4	3	1.56711
16	8	3	5	2.31081
20	11	5	0	0
1	1	0	1	0.906665
5	4	1	3	1.70336
13	7	3	2	1.64805
9	5	2	2	1.65686
11	6	2	4	1.60138
18	10	4	5	1.57521
19	11	5	0	0.43869
2	2	0	2	1.66246
8	5	2	2	0.311816
7	5	2	2	1.59187
11	6	2	4	1.61646
17	9	4	3	1.57093
16	8	3	5	2.30537
20	11	5	0	0
1	1	0	1	0.939171
5	4	1	3	1.70654
13	7	3	2	1.65174
9	5	2	2	1.65773
11	6	2	4	1.59953
18	10	4	5	1.57495
19	11	5	0	0.439032
1	1	0	1	1.51326
4	3	1	1	1.66272
3	3	1	1	0.865366
6	4	1	3	0
15	8	3	5	1.66681
20	11	5	0	1.41065
2	2	0	2	1.6718
12	6	2	4	1.91625
18	10	4	5	1.34915
19	11	5	0	0.808423
2	2	0	2	1.67627
12	6	2	4	1.94768
17	9	4	3	1.34163
16	8	3	5	1.84896
20	11	5	0	0
2	2	0	2	1.64842
8	5	2	2	0.360405
7	5	2	2	1.58361
11	6	2	4	1.62084
18	10	4	5	1.57089
19	11	5	0	0.429877
1	1	0	1	1.50429
5	4	1	3	1.66265
13	7	3	2	1.6044
10	6	2	4	1.66551
17	9	4	3	1.50114
16	8	3	5	1.99079
20	11	5	0	0
1	1	0	1	1.15251
5	4	1	3	1.7012
15	8	3	5	1.64373
20	11	5	0	1.38632
1	1	0	1	1.66652
4	3	1	1	1.69266
6	4	1	3	0
15	8	3	5	1.67578
20	11	5	0	1.42078
1	1	0	1	1.67098
4	3	1	1	1.69778
6	4	1	3	0
15	8	3	5	1.67482
20	11	5	0	1.42042
2	2	0	2	1.67677
12	6	2	4	1.9141
18	10	4	5	1.34922
19	11	5	0	0.811191
1	1	0	1	1.53642
4	3	1	1	1.67618
6	4	1	3	0.277343
13	7	3	2	1.67697
10	6	2	4	1.67375
18	10	4	5	1.53327
19	11	5	0	0.431271
2	2	0	2	1.6656
12	6	2	4	1.927
18	10	4	5	1.35958
19	11	5	0	0.94192
2	2	0	2	1.67667
8	5	2	2	0.331289
7	5	2	2	1.58435
11	6	2	4	1.61891
17	9	4	3	1.5711
14	7	3	2	0.958665
9	5	2	2	1.67215
11	6	2	4	1.59407
18	10	4	5	1.55917
19	11	5	0	0.421395
2	2	0	2	1.66266
8	5	2	2	0.312742
11	6	2	4	1.59189
17	9	4	3	1.55172
14	7	3	2	0.958072
9	5	2	2	1.67204
7	5	2	2	1.59425
7	5	2	2	1.58819
11	6	2	4	1.64374
18	10	4	5	1.56731
19	11	5	0	0.418684
2	2	0	2	1.6617
8	5	2	2	0.3108
11	6	2	4	1.59201
18	10	4	5	1.55163
19	11	5	0	0.430407
2	2	0	2	1.66235
8	5	2	2	0.311853
11	6	2	4	1.59193
18	10	4	5	1.55171
19	11	5	0	0.430356
2	2	0	2	1.66235
12	6	2	4	1.91355
18	10	4	5	1.35839
19	11	5	0	0.951534
1	1	0	1	1.5531
4	3	1	1	1.6768
3	3	1	1	0.467654
3	3	1	1	1.53819
6	4	1	3	0
15	8	3	5	1.6584
20	11	5	0	1.39519
1	1	0	1	1.6708
4	3	1	1	1.69629
6	4	1	3	0
13	7	3	2	1.67378
9	5	2	2	1.67356
7	5	2	2	1.59332
11	6	2	4	1.59018
18	10	4	5	1.57309
19	11	5	0	0.423433
2	2	0	2	1.66229
8	5	2	2	0.312441
11	6	2	4	1.59199
17	9	4	3	1.55166
14	7	3	2	0.958078
10	6	2	4	1.67204
17	9	4	3	1.52997
16	8	3	5	2.03182
20	11	5	0	0
1	1	0	1	0.991591
4	3	1	1	1.69919
3	3	1	1	1.41644
6	4	1	3	0
15	8	3	5	1.65924
20	11	5	0	1.4045
2	2	0	2	1.67103
8	5	2	2	0.304443
7	5	2	2	1.57544
11	6	2	4	1.62502
18	10	4	5	1.57053
19	11	5	0	0.430695
2	2	0	2	1.6621
12	6	2	4	1.91318
17	9	4	3	1.3614
16	8	3	5	1.57403
20	11	5	0	0
1	1	0	1	1.34629
5	4	1	3	1.69932
15	8	3	5	1.63947
20	11	5	0	1.38805
2	2	0	2	1.67909
8	5	2	2	0.292002
7	5	2	2	1.57617
7	5	2	2	1.62455
11	6	2	4	1.63991
18	10	4	5	1.57062
19	11	5	0	0.41548
2	2	0	2	1.66153
8	5	2	2	0.310445
11	6	2	4	1.59196
17	9	4	3	1.55162
16	8	3	5	2.3136
20	11	5	0	0
2	2	0	2	1.61008
8	5	2	2	0.340082
7	5	2	2	1.57365
7	5	2	2	1.62603
7	5	2	2	1.63981
11	6	2	4	1.61983
17	9	4	3	1.57102
14	7	3	2	0.964351
9	5	2	2	1.67175
7	5	2	2	1.59418
11	6	2	4	1.58799
18	10	4	5	1.57305
19	11	5	0	0.424313
2	2	0	2	1.66222
8	5	2	2	0.31224
7	5	2	2	1.59199
7	5	2	2	1.61662
7	5	2	2	1.63978
11	6	2	4	1.62582
18	10	4	5	1.57096
19	11	5	0	0.415821
1	1	0	1	1.50586
5	4	1	3	1.66236
15	8	3	5	1.60467
20	11	5	0	1.37795
2	2	0	2	1.68095
8	5	2	2	0.291624
11	6	2	4	1.57619
17	9	4	3	1.55113
14	7	3	2	0.957963
9	5	2	2	1.67207
11	6	2	4	1.59425
18	10	4	5	1.55917
19	11	5	0	0.421352
2	2	0	2	1.66266
12	6	2	4	1.91456
17	9	4	3	1.35849
16	8	3	5	1.57398
20	11	5	0	0
1	1	0	1	1.34606
5	4	1	3	1.69933
13	7	3	2	1.63947
9	5	2	2	1.66336
7	5	2	2	1.60118
11	6	2	4	1.90318
18	10	4	5	1.57561
19	11	5	0	0.421373
1	1	0	1	1.50377
5	4	1	3	1.66268
15	8	3	5	1.60436
20	11	5	0	1.37781
1	1	0	1	1.67931
5	4	1	3	1.68891
15	8	3	5	1.59877
20	11	5	0	1.39825
1	1	0	1	1.67912
4	3	1	1	1.68659
3	3	1	1	0.808053
6	4	1	3	0
15	8	3	5	1.66742
20	11	5	0	1.41124
1	1	0	1	1.66738
4	3	1	1	1.69636
6	4	1	3	0
15	8	3	5	1.67333
20	11	5	0	1.41964
2	2	0	2	1.67672
8	5	2	2	0.30192
7	5	2	2	1.57569
11	6	2	4	1.62482
18	10	4	5	1.57056
19	11	5	0	0.430663
2	2	0	2	1.6621
8	5	2	2	0.311769
7	5	2	2	1.59199
11	6	2	4	1.61664
18	10	4	5	1.57091
19	11	5	0	0.430215
1	1	0	1	1.50424
4	3	1	1	1.66264
6	4	1	3	0
15	8	3	5	1.67477
20	11	5	0	1.42207
2	2	0	2	1.67701
12	6	2	4	1.91319
17	9	4	3	1.35006
14	7	3	2	1.50887
9	5	2	2	1.66587
7	5	2	2	1.61528
7	5	2	2	1.58954
11	6	2	4	1.64256
17	9	4	3	1.56757
14	7	3	2	0.96401
9	5	2	2	1.67174
7	5	2	2	1.59424
7	5	2	2	1.58797
7	5	2	2	1.64381
11	6	2	4	1.63835
18	10	4	5	1.5687
19	11	5	0	0.416725
2	2	0	2	1.6615
12	6	2	4	1.91132
17	9	4	3	1.36123
16	8	3	5	1.57406
20	11	5	0	0
1	1	0	1	1.34621
5	4	1	3	1.69932
15	8	3	5	1.63948
20	11	5	0	1.38804
2	2	0	2	1.67909
8	5	2	2	0.292008
11	6	2	4	1.57617
18	10	4	5	1.55116
19	11	5	0	0.430843
2	2	0	2	1.66253
8	5	2	2	0.312381
11	6	2	4	1.59189
17	9	4	3	1.55172
16	8	3	5	2.3136
20	11	5	0	0
1	1	0	1	0.941575
5	4	1	3	1.70663
13	7	3	2	1.65178
9	5	2	2	1.65918
7	5	2	2	1.60056
7	5	2	2	1.57134
11	6	2	4	1.65282
18	10	4	5	1.56378
19	11	5	0	0.419237
1	1	0	1	1.50652
4	3	1	1	1.66256
3	3	1	1	0.869733
6	4	1	3	0
13	7	3	2	1.67015
9	5	2	2	1.6644
7	5	2	2	1.58428
7	5	2	2	1.57247
7	5	2	2	1.64673
11	6	2	4	1.63624
18	10	4	5	1.56924
19	11	5	0	0.416327
2	2	0	2	1.66148
8	5	2	2	0.310192
11	6	2	4	1.59196
18	10	4	5	1.55162
19	11	5	0	0.430421
1	1	0	1	1.50889
4	3	1	1	1.66273
6	4	1	3	0
13	7	3	2	1.67527
10	6	2	4	1.67387
17	9	4	3	1.52778
14	7	3	2	1.46403
9	5	2	2	1.67119
7	5	2	2	1.60763
11	6	2	4	1.59407
17	9	4	3	1.57283
14	7	3	2	0.958187
10	6	2	4	1.67227
17	9	4	3	1.52994
14	7	3	2	1.3202
9	5	2	2	1.67108
7	5	2	2	1.5985
7	5	2	2	1.59411
11	6	2	4	1.64613
18	10	4	5	1.56628
19	11	5	0	0.418815
2	2	0	2	1.66176
8	5	2	2	0.310908
7	5	2	2	1.592
11	6	2	4	1.6167
17	9	4	3	1.57091
16	8	3	5	2.30536
20	11	5	0	0
2	2	0	2	1.6104
12	6	2	4	1.94665
18	10	4	5	1.35306
19	11	5	0	0.806266
1	1	0	1	1.53462
5	4	1	3	1.67619
13	7	3	2	1.59425
9	5	2	2	1.67247
7	5	2	2	1.60162
7	5	2	2	1.5676
7	5	2	2	1.65251
11	6	2	4	1.63493
18	10	4	5	1.56901
19	11	5	0	0.41817
1	1	0	1	1.50602
4	3	1	1	1.66239
6	4	1	3	0
15	8	3	5	1.67475
20	11	5	0	1.42203
2	2	0	2	1.67701
12	6	2	4	1.9132
18	10	4	5	1.35006
19	11	5	0	0.811939
1	1	0	1	1.5365
4	3	1	1	1.6762
3	3	1	1	0.467175
6	4	1	3	0
15	8	3	5	1.66849
20	11	5	0	1.41228
2	2	0	2	1.67108
8	5	2	2	0.30333
11	6	2	4	1.57537
18	10	4	5	1.55084
19	11	5	0	0.471036
1	1	0	1	1.50831
5	4	1	3	1.66286
15	8	3	5	1.60415
20	11	5	0	1.37766
2	2	0	2	1.68098
8	5	2	2	0.291581
7	5	2	2	1.57619
7	5	2	2	1.6245
7	5	2	2	1.63991
11	6	2	4	1.6201
18	10	4	5	1.57099
19	11	5	0	0.415711
2	2	0	2	1.66141
12	6	2	4	1.91103
18	10	4	5	1.3612
19	11	5	0	0.954628
1	1	0	1	1.55333
4	3	1	1	1.67682
6	4	1	3	0.286213
15	8	3	5	1.67681
20	11	5	0	1.42575
1	1	0	1	1.67084
5	4	1	3	1.69821
15	8	3	5	1.60368
20	11	5	0	1.39793
2	2	0	2	1.68059
12	6	2	4	1.89665
18	10	4	5	1.34913
19	11	5	0	0.824889
2	2	0	2	1.67641
12	6	2	4	1.94788
17	9	4	3	1.34175
16	8	3	5	1.84927
20	11	5	0	0
2	2	0	2	1.64843
12	6	2	4	1.97625
18	10	4	5	1.59775
19	11	5	0	0.771418
2	2	0	2	1.67563
12	6	2	4	1.94698
18	10	4	5	1.34175
19	11	5	0	0.90404
1	1	0	1	1.54911
4	3	1	1	1.67641
6	4	1	3	0.281608
15	8	3	5	1.67669
20	11	5	0	1.4256
2	2	0	2	1.67712
12	6	2	4	1.91178
18	10	4	5	1.34742
19	11	5	0	0.813401
1	1	0	1	1.53668
4	3	1	1	1.67622
6	4	1	3	0.277754
15	8	3	5	1.67661
20	11	5	0	1.42547
1	1	0	1	1.67084
5	4	1	3	1.69819
15	8	3	5	1.6037
20	11	5	0	1.39788
2	2	0	2	1.68059
12	6	2	4	1.89668
18	10	4	5	1.34913
19	11	5	0	0.824864
1	1	0	1	1.53706
4	3	1	1	1.67629
6	4	1	3	0.278525
13	7	3	2	1.67699
10	6	2	4	1.67375
18	10	4	5	1.53328
19	11	5	0	0.431271
2	2	0	2	1.6656
12	6	2	4	1.92701
18	10	4	5	1.35958
19	11	5	0	0.941915
2	2	0	2	1.67667
12	6	2	4	1.93898
18	10	4	5	1.3412
19	11	5	0	0.897806
1	1	0	1	1.54845
5	4	1	3	1.67635
13	7	3	2	1.59383
9	5	2	2	1.67254
7	5	2	2	1.60159
7	5	2	2	1.56759
7	5	2	2	1.65251
7	5	2	2	1.63493
7	5	2	2	1.6451
11	6	2	4	1.65874
17	9	4	3	1.56277
14	7	3	2	0.964575
10	6	2	4	1.67286
17	9	4	3	1.52973
16	8	3	5	2.03195
20	11	5	0	0
2	2	0	2	1.61954
12	6	2	4	1.95907
18	10	4	5	1.34742
19	11	5	0	0.788941
1	1	0	1	1.53301
5	4	1	3	1.67593
15	8	3	5	1.59457
20	11	5	0	1.39122
2	2	0	2	1.68073
12	6	2	4	1.89627
18	10	4	5	1.34917
19	11	5	0	0.825175
1	1	0	1	1.5371
4	3	1	1	1.6763
3	3	1	1	0.467235
3	3	1	1	1.53836
3	3	1	1	1.50121
6	4	1	3	0
15	8	3	5	1.65897
20	11	5	0	1.39493
2	2	0	2	1.67376
12	6	2	4	1.92412
18	10	4	5	1.34535
19	11	5	0	0.803734
1	1	0	1	1.53549
4	3	1	1	1.67605
6	4	1	3	0.275837
15	8	3	5	1.67657
20	11	5	0	1.42541
2	2	0	2	1.67711
12	6	2	4	1.91184
17	9	4	3	1.34742
16	8	3	5	1.57384
20	11	5	0	0
1	1	0	1	1.2928
4	3	1	1	1.69864
3	3	1	1	1.35834
6	4	1	3	0
15	8	3	5	1.66394
20	11	5	0	1.40776
2	2	0	2	1.67874
8	5	2	2	0.303907
11	6	2	4	1.57539
18	10	4	5	1.55083
19	11	5	0	0.471049
2	2	0	2	1.66264
12	6	2	4	1.9146
17	9	4	3	1.35849
16	8	3	5	1.57398
20	11	5	0	0
1	1	0	1	1.34605
5	4	1	3	1.69933
13	7	3	2	1.63947
9	5	2	2	1.66336
11	6	2	4	1.60118
17	9	4	3	1.57309
14	7	3	2	0.947096
9	5	2	2	1.67268
11	6	2	4	1.59447
18	10	4	5	1.5594
19	11	5	0	0.421517
2	2	0	2	1.66266
12	6	2	4	1.91457
17	9	4	3	1.35849
14	7	3	2	1.51101
10	6	2	4	1.6658
18	10	4	5	1.52826
19	11	5	0	0.489163
1	1	0	1	1.44814
4	3	1	1	1.66649
3	3	1	1	0.757687
3	3	1	1	1.54353
6	4	1	3	0
13	7	3	2	1.65925
9	5	2	2	1.65949
11	6	2	4	1.58889
17	9	4	3	1.56397
14	7	3	2	0.947636
9	5	2	2	1.67267
11	6	2	4	1.5946
18	10	4	5	1.55942
19	11	5	0	0.421514
2	2	0	2	1.66266
12	6	2	4	1.91457
17	9	4	3	1.35849
16	8	3	5	1.57398
20	11	5	0	0
1	1	0	1	1.34607
4	3	1	1	1.69933
6	4	1	3	0
15	8	3	5	1.66838
20	11	5	0	1.40975
1	1	0	1	1.6702
5	4	1	3	1.69727
15	8	3	5	1.60506
20	11	5	0	1.39523
2	2	0	2	1.68066
12	6	2	4	1.89823
18	10	4	5	1.34829
19	11	5	0	0.823417
1	1	0	1	1.53687
4	3	1	1	1.67627
3	3	1	1	0.467219
6	4	1	3	0
13	7	3	2	1.67227
9	5	2	2	1.66503
11	6	2	4	1.58922
18	10	4	5	1.57269
19	11	5	0	0.443918
2	2	0	2	1.66232
12	6	2	4	1.91313
18	10	4	5	1.35837
19	11	5	0	0.951803
1	1	0	1	1.55312
4	3	1	1	1.6768
3	3	1	1	0.467655
6	4	1	3	0
13	7	3	2	1.67247
10	6	2	4	1.66503
18	10	4	5	1.5287
19	11	5	0	0.437352
1	1	0	1	1.46852
5	4	1	3	1.66514
13	7	3	2	1.60147
9	5	2	2	1.66916
11	6	2	4	1.60243
18	10	4	5	1.57328
19	11	5	0	0.441724
2	2	0	2	1.66271
8	5	2	2	0.312502
11	6	2	4	1.59185
17	9	4	3	1.55174
16	8	3	5	2.31359
20	11	5	0	0
2	2	0	2	1.61008
8	5	2	2	0.340077
7	5	2	2	1.57365
7	5	2	2	1.62603
7	5	2	2	1.63981
11	6	2	4	1.61983
18	10	4	5	1.57102
19	11	5	0	0.415646
1	1	0	1	1.50588
5	4	1	3	1.66236
13	7	3	2	1.60467
9	5	2	2	1.66542
7	5	2	2	1.6041
11	6	2	4	1.90568
17	9	4	3	1.57536
14	7	3	2	0.962729
10	6	2	4	1.67196
18	10	4	5	1.53013
19	11	5	0	0.48097
2	2	0	2	1.66775
8	5	2	2	0.328853
7	5	2	2	1.59129
7	5	2	2	1.62062
7	5	2	2	1.63964
11	6	2	4	1.62601
18	10	4	5	1.57094
19	11	5	0	0.415879
1	1	0	1	1.50585
5	4	1	3	1.66236
13	7	3	2	1.60467
10	6	2	4	1.66542
18	10	4	5	1.50136
19	11	5	0	0.519076
1	1	0	1	1.4487
5	4	1	3	1.67178
15	8	3	5	1.59848
20	11	5	0	1.38806
2	2	0	2	1.68068
8	5	2	2	0.286566
11	6	2	4	1.57578
17	9	4	3	1.55114
16	8	3	5	2.31335
20	11	5	0	0
1	1	0	1	0.941921
5	4	1	3	1.70664
13	7	3	2	1.65179
10	6	2	4	1.65918
17	9	4	3	1.49961
16	8	3	5	2.00404
20	11	5	0	0
1	1	0	1	1.12167
4	3	1	1	1.70111
3	3	1	1	1.38221
3	3	1	1	1.53849
6	4	1	3	0
13	7	3	2	1.65954
10	6	2	4	1.65867
17	9	4	3	1.50838
16	8	3	5	2.03008
20	11	5	0	0
1	1	0	1	1.06026
4	3	1	1	1.70119
3	3	1	1	1.39514
6	4	1	3	0
15	8	3	5	1.65963
20	11	5	0	1.4049
2	2	0	2	1.67106
8	5	2	2	0.304365
11	6	2	4	1.57543
18	10	4	5	1.55084
19	11	5	0	0.471028
