1	1	0	1	1.37844
4	3	1	1	1.7001
3	3	1	1	1.24259
6	4	1	3	1.29453
15	8	3	5	1.67252
20	11	5	0	1.72341
2	2	0	2	1.38098
8	5	2	2	1.92352
11	6	2	4	1.71942
17	9	4	3	1.59927
16	8	3	5	0.523356
20	11	5	0	1.48886
2	2	0	2	1.5954
8	5	2	2	1.92287
11	6	2	4	1.7173
17	9	4	3	1.59885
14	7	3	2	2.03555
9	5	2	2	1.95857
7	5	2	2	1.68542
7	5	2	2	1.67705
11	6	2	4	0.989256
17	9	4	3	1.65421
14	7	3	2	2.04519
10	6	2	4	1.92006
18	10	4	5	0
19	11	5	0	1.65133
1	1	0	1	1.48975
4	3	1	1	1.69167
3	3	1	1	1.47582
6	4	1	3	1.30901
15	8	3	5	1.66622
20	11	5	0	1.72165
2	2	0	2	1.38093
12	6	2	4	0.503032
17	9	4	3	0.535432
16	8	3	5	0.522496
20	11	5	0	1.472
1	1	0	1	1.60291
4	3	1	1	1.69955
6	4	1	3	0
15	8	3	5	1.5947
20	11	5	0	1.42681
2	2	0	2	1.38087
12	6	2	4	0.500036
18	10	4	5	0.625823
19	11	5	0	1.66379
1	1	0	1	1.48387
5	4	1	3	1.68937
15	8	3	5	1.84537
20	11	5	0	1.44832
2	2	0	2	1.38887
12	6	2	4	0.498733
18	10	4	5	0.626363
19	11	5	0	1.66378
2	2	0	2	1.48391
12	6	2	4	0.380563
18	10	4	5	0.61973
19	11	5	0	1.66913
2	2	0	2	1.48808
12	6	2	4	0.369062
18	10	4	5	0.618997
19	11	5	0	1.6691
1	1	0	1	1.48829
5	4	1	3	1.68832
15	8	3	5	1.8443
20	11	5	0	1.4483
2	2	0	2	1.38886
12	6	2	4	0.498735
18	10	4	5	0.626363
19	11	5	0	1.66378
2	2	0	2	1.48391
8	5	2	2	1.93009
7	5	2	2	1.72023
7	5	2	2	1.65938
7	5	2	2	2.03044
11	6	2	4	1.47231
17	9	4	3	1.6518
14	7	3	2	2.05132
9	5	2	2	1.96364
11	6	2	4	1.20771
18	10	4	5	0
19	11	5	0	1.65414
2	2	0	2	1.48449
8	5	2	2	1.94539
11	6	2	4	1.71619
18	10	4	5	0
19	11	5	0	1.65564
2	2	0	2	1.4642
12	6	2	4	0.426866
18	10	4	5	0.632574
19	11	5	0	1.66399
2	2	0	2	1.48665
12	6	2	4	0.374085
17	9	4	3	0.475139
14	7	3	2	2.06061
9	5	2	2	1.82247
11	6	2	4	1.49132
18	10	4	5	0
19	11	5	0	1.66498
2	2	0	2	1.47675
12	6	2	4	0.417582
17	9	4	3	0.503169
16	8	3	5	0.511114
20	11	5	0	1.46721
1	1	0	1	1.6061
4	3	1	1	1.69954
3	3	1	1	1.23847
3	3	1	1	1.3301
6	4	1	3	0
15	8	3	5	1.63701
20	11	5	0	1.7159
1	1	0	1	1.3845
4	3	1	1	1.69903
3	3	1	1	1.23849
3	3	1	1	1.33004
3	3	1	1	1.00684
3	3	1	1	1.17943
6	4	1	3	0.260977
15	8	3	5	1.66009
20	11	5	0	1.73043
1	1	0	1	1.38441
5	4	1	3	1.69892
15	8	3	5	1.84832
20	11	5	0	1.44596
1	1	0	1	1.39085
5	4	1	3	1.69948
13	7	3	2	0.431226
10	6	2	4	0.284906
18	10	4	5	0
19	11	5	0	1.64825
2	2	0	2	1.49488
12	6	2	4	0.37916
17	9	4	3	0.497651
16	8	3	5	0.508024
20	11	5	0	1.46616
1	1	0	1	1.60667
5	4	1	3	1.69954
15	8	3	5	1.84866
20	11	5	0	1.44411
2	2	0	2	1.39137
8	5	2	2	1.9276
11	6	2	4	1.72036
18	10	4	5	0
19	11	5	0	1.65628
2	2	0	2	1.47452
12	6	2	4	0.427126
17	9	4	3	0.48929
14	7	3	2	2.06658
10	6	2	4	1.8077
17	9	4	3	1.59603
14	7	3	2	1.84995
9	5	2	2	1.89253
11	6	2	4	1.41755
17	9	4	3	1.68766
14	7	3	2	2.03299
10	6	2	4	1.95789
18	10	4	5	0
19	11	5	0	1.65139
2	2	0	2	1.48925
8	5	2	2	1.93246
7	5	2	2	1.72058
11	6	2	4	1.41741
18	10	4	5	0
19	11	5	0	1.66339
1	1	0	1	1.47934
4	3	1	1	1.69141
3	3	1	1	1.47025
3	3	1	1	1.32577
3	3	1	1	0.985858
6	4	1	3	0
13	7	3	2	0.304779
10	6	2	4	0.380452
17	9	4	3	1.67479
14	7	3	2	1.77994
10	6	2	4	1.91905
17	9	4	3	1.63748
14	7	3	2	1.80817
9	5	2	2	1.90275
7	5	2	2	1.68303
11	6	2	4	1.15617
17	9	4	3	1.64875
14	7	3	2	2.04998
9	5	2	2	1.96482
11	6	2	4	1.20265
18	10	4	5	0
19	11	5	0	1.65415
1	1	0	1	1.48466
5	4	1	3	1.69259
15	8	3	5	1.8429
20	11	5	0	1.44818
1	1	0	1	1.38901
4	3	1	1	1.69946
6	4	1	3	0
13	7	3	2	0.263935
10	6	2	4	0
17	9	4	3	1.67692
16	8	3	5	0.334053
20	11	5	0	1.49002
2	2	0	2	1.35722
12	6	2	4	0.501622
18	10	4	5	0.62408
19	11	5	0	1.6687
1	1	0	1	1.48385
5	4	1	3	1.68928
15	8	3	5	1.84537
20	11	5	0	1.44832
1	1	0	1	1.38896
5	4	1	3	1.69946
13	7	3	2	0.431222
9	5	2	2	1.71798
11	6	2	4	0.674028
18	10	4	5	0
19	11	5	0	1.66021
2	2	0	2	1.47559
8	5	2	2	1.9628
7	5	2	2	1.72156
7	5	2	2	1.65934
11	6	2	4	0.655589
18	10	4	5	0
19	11	5	0	1.65769
1	1	0	1	1.46532
5	4	1	3	1.69501
13	7	3	2	0.422015
9	5	2	2	1.43873
7	5	2	2	2.13684
11	6	2	4	0.662423
18	10	4	5	0
19	11	5	0	1.65618
2	2	0	2	1.46938
12	6	2	4	0.43512
18	10	4	5	0.626295
19	11	5	0	1.66914
1	1	0	1	1.48656
4	3	1	1	1.68874
3	3	1	1	1.4745
3	3	1	1	1.31137
3	3	1	1	0.99621
6	4	1	3	0
13	7	3	2	0.314713
9	5	2	2	1.77394
11	6	2	4	0.676429
18	10	4	5	0
19	11	5	0	1.65849
2	2	0	2	1.47726
8	5	2	2	1.95956
7	5	2	2	1.72152
11	6	2	4	1.40752
18	10	4	5	0
19	11	5	0	1.66338
1	1	0	1	1.47925
5	4	1	3	1.69143
13	7	3	2	0.420266
9	5	2	2	1.43794
7	5	2	2	2.13689
11	6	2	4	0.662485
17	9	4	3	1.64006
14	7	3	2	2.04209
10	6	2	4	1.93102
17	9	4	3	1.63979
16	8	3	5	0.358974
20	11	5	0	1.48736
1	1	0	1	1.35296
5	4	1	3	1.69969
15	8	3	5	1.84896
20	11	5	0	1.44628
1	1	0	1	1.39062
5	4	1	3	1.69947
15	8	3	5	1.8471
20	11	5	0	1.44629
1	1	0	1	1.3906
4	3	1	1	1.69947
3	3	1	1	1.23764
6	4	1	3	1.30023
13	7	3	2	0.349905
10	6	2	4	0.321302
17	9	4	3	1.67584
14	7	3	2	1.7641
10	6	2	4	1.91781
18	10	4	5	0
19	11	5	0	1.65102
2	2	0	2	1.49202
12	6	2	4	0.378648
17	9	4	3	0.480215
16	8	3	5	0.510618
20	11	5	0	1.46627
1	1	0	1	1.60663
4	3	1	1	1.69954
6	4	1	3	0
15	8	3	5	1.59459
20	11	5	0	1.42679
1	1	0	1	1.38097
4	3	1	1	1.69911
3	3	1	1	1.23803
3	3	1	1	1.33025
6	4	1	3	0
13	7	3	2	0.313857
10	6	2	4	0.385139
18	10	4	5	0
19	11	5	0	1.64839
1	1	0	1	1.49583
5	4	1	3	1.69133
13	7	3	2	0.419265
9	5	2	2	1.43785
11	6	2	4	0.67395
17	9	4	3	1.70516
14	7	3	2	2.03359
10	6	2	4	1.97737
17	9	4	3	1.62167
16	8	3	5	0.372687
20	11	5	0	1.4862
2	2	0	2	1.3515
8	5	2	2	1.92551
7	5	2	2	1.72067
11	6	2	4	1.24578
17	9	4	3	1.66345
14	7	3	2	2.04569
10	6	2	4	1.8915
18	10	4	5	0
19	11	5	0	1.65164
2	2	0	2	1.48998
12	6	2	4	0.333176
18	10	4	5	0.610999
19	11	5	0	1.6641
1	1	0	1	1.48833
4	3	1	1	1.68859
3	3	1	1	1.47524
6	4	1	3	1.28001
13	7	3	2	0.349145
9	5	2	2	1.7306
7	5	2	2	2.13446
11	6	2	4	0.660462
18	10	4	5	0
19	11	5	0	1.65621
1	1	0	1	1.46714
5	4	1	3	1.6951
13	7	3	2	0.421908
9	5	2	2	1.43891
11	6	2	4	0.673881
17	9	4	3	1.70519
14	7	3	2	2.03358
10	6	2	4	1.97739
17	9	4	3	1.62167
16	8	3	5	0.372688
20	11	5	0	1.4862
2	2	0	2	1.3515
12	6	2	4	0.501638
17	9	4	3	0.555481
14	7	3	2	2.07411
10	6	2	4	1.84304
18	10	4	5	0
19	11	5	0	1.65193
2	2	0	2	1.49133
12	6	2	4	0.390479
18	10	4	5	0.62404
19	11	5	0	1.66905
2	2	0	2	1.48767
12	6	2	4	0.370006
17	9	4	3	0.473948
14	7	3	2	2.06025
10	6	2	4	1.78062
17	9	4	3	1.59782
14	7	3	2	1.84857
9	5	2	2	1.89428
11	6	2	4	1.40387
17	9	4	3	1.68755
16	8	3	5	0.51273
20	11	5	0	1.49021
2	2	0	2	1.35439
8	5	2	2	1.92727
11	6	2	4	1.71684
18	10	4	5	0
19	11	5	0	1.65619
1	1	0	1	1.47358
4	3	1	1	1.6943
6	4	1	3	0.255805
15	8	3	5	1.65138
20	11	5	0	1.42808
1	1	0	1	1.37901
4	3	1	1	1.69905
6	4	1	3	0
15	8	3	5	1.59544
20	11	5	0	1.4269
2	2	0	2	1.38083
12	6	2	4	0.500025
18	10	4	5	0.625826
19	11	5	0	1.66379
2	2	0	2	1.4838
12	6	2	4	0.3808
17	9	4	3	0.477999
14	7	3	2	2.06114
9	5	2	2	1.82613
7	5	2	2	1.66193
7	5	2	2	1.68266
11	6	2	4	1.01281
18	10	4	5	0
19	11	5	0	1.65731
1	1	0	1	1.48613
5	4	1	3	1.69168
13	7	3	2	0.419299
10	6	2	4	0
18	10	4	5	0
19	11	5	0	1.64816
1	1	0	1	1.49434
4	3	1	1	1.6917
3	3	1	1	1.47278
3	3	1	1	1.32597
3	3	1	1	0.984476
3	3	1	1	1.17756
3	3	1	1	0.912109
3	3	1	1	1.2062
6	4	1	3	0
15	8	3	5	1.64736
20	11	5	0	1.72755
2	2	0	2	1.38447
12	6	2	4	0.503332
17	9	4	3	0.536385
14	7	3	2	2.07642
9	5	2	2	1.87545
11	6	2	4	1.52338
18	10	4	5	0
19	11	5	0	1.66355
2	2	0	2	1.47909
12	6	2	4	0.412446
18	10	4	5	0.616795
19	11	5	0	1.66918
2	2	0	2	1.48751
8	5	2	2	1.92321
11	6	2	4	1.71513
18	10	4	5	0
19	11	5	0	1.65605
1	1	0	1	1.46407
4	3	1	1	1.69579
3	3	1	1	1.47502
6	4	1	3	1.31023
13	7	3	2	0.348105
10	6	2	4	0.322372
17	9	4	3	1.67588
14	7	3	2	1.76391
9	5	2	2	1.92528
7	5	2	2	1.68767
7	5	2	2	1.6821
11	6	2	4	1.03643
17	9	4	3	1.64148
16	8	3	5	0.510367
20	11	5	0	1.48583
1	1	0	1	1.34648
4	3	1	1	1.69967
3	3	1	1	1.23875
6	4	1	3	1.29829
15	8	3	5	1.67157
20	11	5	0	1.7231
2	2	0	2	1.38095
12	6	2	4	0.503096
18	10	4	5	0.625033
19	11	5	0	1.66366
1	1	0	1	1.48371
5	4	1	3	1.68939
15	8	3	5	1.8454
20	11	5	0	1.44832
2	2	0	2	1.38887
12	6	2	4	0.498733
18	10	4	5	0.626363
19	11	5	0	1.66378
2	2	0	2	1.48391
12	6	2	4	0.380564
18	10	4	5	0.61973
19	11	5	0	1.66913
2	2	0	2	1.48808
12	6	2	4	0.369068
18	10	4	5	0.618998
19	11	5	0	1.6691
2	2	0	2	1.48832
8	5	2	2	1.9205
11	6	2	4	1.71512
17	9	4	3	1.60283
14	7	3	2	2.0138
9	5	2	2	1.96754
11	6	2	4	1.04955
17	9	4	3	1.6874
14	7	3	2	2.00745
9	5	2	2	1.99146
7	5	2	2	1.68255
11	6	2	4	1.09406
17	9	4	3	1.64897
14	7	3	2	2.0484
10	6	2	4	1.92837
18	10	4	5	0
19	11	5	0	1.65121
1	1	0	1	1.48935
4	3	1	1	1.69172
6	4	1	3	0.260302
13	7	3	2	0.309848
9	5	2	2	1.41033
7	5	2	2	2.13246
7	5	2	2	2.00313
11	6	2	4	0.631437
18	10	4	5	0
19	11	5	0	1.66042
1	1	0	1	1.48495
5	4	1	3	1.69117
13	7	3	2	0.419298
9	5	2	2	1.43844
11	6	2	4	0.673946
18	10	4	5	0
19	11	5	0	1.66032
2	2	0	2	1.47537
8	5	2	2	1.96274
11	6	2	4	1.71732
17	9	4	3	1.60323
16	8	3	5	0.524967
20	11	5	0	1.49055
2	2	0	2	1.34814
8	5	2	2	1.92382
11	6	2	4	1.71728
17	9	4	3	1.59882
14	7	3	2	2.03549
9	5	2	2	1.95858
7	5	2	2	1.68541
11	6	2	4	1.21993
17	9	4	3	1.64909
14	7	3	2	2.04826
10	6	2	4	1.92932
18	10	4	5	0
19	11	5	0	1.65119
2	2	0	2	1.48919
8	5	2	2	1.93288
7	5	2	2	1.7206
11	6	2	4	1.41681
18	10	4	5	0
19	11	5	0	1.66339
1	1	0	1	1.47938
4	3	1	1	1.6914
6	4	1	3	0.254444
15	8	3	5	1.65152
20	11	5	0	1.42773
2	2	0	2	1.37903
12	6	2	4	0.500375
17	9	4	3	0.530725
16	8	3	5	0.522372
20	11	5	0	1.47188
1	1	0	1	1.60298
4	3	1	1	1.69955
6	4	1	3	0
15	8	3	5	1.5947
20	11	5	0	1.42681
2	2	0	2	1.38087
12	6	2	4	0.500036
17	9	4	3	0.529976
14	7	3	2	2.07623
9	5	2	2	1.87375
7	5	2	2	1.66495
7	5	2	2	1.68391
11	6	2	4	1.0205
18	10	4	5	0
19	11	5	0	1.65731
1	1	0	1	1.48592
5	4	1	3	1.69175
13	7	3	2	0.419365
10	6	2	4	0
17	9	4	3	1.67638
16	8	3	5	0.342279
20	11	5	0	1.48975
1	1	0	1	1.35801
5	4	1	3	1.69969
13	7	3	2	0.433053
10	6	2	4	0.285176
18	10	4	5	0
19	11	5	0	1.64825
1	1	0	1	1.49487
5	4	1	3	1.69159
13	7	3	2	0.419446
10	6	2	4	0
18	10	4	5	0
19	11	5	0	1.64818
2	2	0	2	1.49439
8	5	2	2	1.9539
11	6	2	4	1.71249
18	10	4	5	0
19	11	5	0	1.65573
2	2	0	2	1.46449
8	5	2	2	1.94436
7	5	2	2	1.72293
11	6	2	4	1.40285
17	9	4	3	1.67494
16	8	3	5	0.506905
20	11	5	0	1.48132
1	1	0	1	1.59247
4	3	1	1	1.69964
6	4	1	3	0
13	7	3	2	0.262879
10	6	2	4	0
18	10	4	5	0
19	11	5	0	1.6485
1	1	0	1	1.49509
5	4	1	3	1.69149
15	8	3	5	1.84207
20	11	5	0	1.44779
1	1	0	1	1.38929
5	4	1	3	1.69946
15	8	3	5	1.84708
20	11	5	0	1.44628
1	1	0	1	1.39061
4	3	1	1	1.69947
6	4	1	3	0
15	8	3	5	1.59655
20	11	5	0	1.42705
2	2	0	2	1.38076
12	6	2	4	0.500012
17	9	4	3	0.529931
14	7	3	2	2.07623
9	5	2	2	1.87374
11	6	2	4	1.52252
17	9	4	3	1.63843
16	8	3	5	0.506983
20	11	5	0	1.48443
1	1	0	1	1.34709
5	4	1	3	1.69968
13	7	3	2	0.433074
10	6	2	4	0.285427
18	10	4	5	0
19	11	5	0	1.64825
2	2	0	2	1.49489
12	6	2	4	0.379126
17	9	4	3	0.497667
14	7	3	2	2.06256
9	5	2	2	1.75869
11	6	2	4	1.48717
17	9	4	3	1.63741
14	7	3	2	2.03639
9	5	2	2	1.93017
7	5	2	2	1.68082
7	5	2	2	1.68156
11	6	2	4	1.05531
18	10	4	5	0
19	11	5	0	1.65743
1	1	0	1	1.48528
4	3	1	1	1.6919
6	4	1	3	0.258307
13	7	3	2	0.309474
9	5	2	2	1.41044
11	6	2	4	0.680824
17	9	4	3	1.70511
14	7	3	2	2.03422
9	5	2	2	2.00149
7	5	2	2	1.68646
7	5	2	2	1.68178
7	5	2	2	1.64534
11	6	2	4	1.20668
17	9	4	3	1.64798
14	7	3	2	2.05081
10	6	2	4	1.92129
17	9	4	3	1.63642
14	7	3	2	1.80072
9	5	2	2	1.90586
7	5	2	2	1.68259
11	6	2	4	1.15204
17	9	4	3	1.64918
14	7	3	2	2.04987
10	6	2	4	1.92511
18	10	4	5	0
19	11	5	0	1.65125
2	2	0	2	1.4894
8	5	2	2	1.93238
7	5	2	2	1.7206
11	6	2	4	1.41702
18	10	4	5	0
19	11	5	0	1.66339
1	1	0	1	1.47938
5	4	1	3	1.6914
15	8	3	5	1.84355
20	11	5	0	1.44786
2	2	0	2	1.38915
12	6	2	4	0.498735
17	9	4	3	0.525909
16	8	3	5	0.522186
20	11	5	0	1.47173
2	2	0	2	1.60289
8	5	2	2	1.91937
7	5	2	2	1.72083
7	5	2	2	1.65767
11	6	2	4	0.982041
18	10	4	5	0
19	11	5	0	1.65769
1	1	0	1	1.47457
5	4	1	3	1.69439
15	8	3	5	1.84661
20	11	5	0	1.4486
2	2	0	2	1.38874
12	6	2	4	0.49871
17	9	4	3	0.525838
14	7	3	2	2.07604
9	5	2	2	1.87253
7	5	2	2	1.66488
11	6	2	4	1.15334
17	9	4	3	1.64
16	8	3	5	0.516703
20	11	5	0	1.48623
1	1	0	1	1.34759
5	4	1	3	1.69967
13	7	3	2	0.433067
10	6	2	4	0.285392
17	9	4	3	1.67595
16	8	3	5	0.345041
20	11	5	0	1.48971
1	1	0	1	1.35805
4	3	1	1	1.69969
6	4	1	3	0
13	7	3	2	0.263009
10	6	2	4	0
17	9	4	3	1.67691
14	7	3	2	1.76655
9	5	2	2	1.93093
11	6	2	4	1.18452
17	9	4	3	1.68673
16	8	3	5	0.515699
20	11	5	0	1.49125
2	2	0	2	1.35532
12	6	2	4	0.5018
18	10	4	5	0.624039
19	11	5	0	1.6687
2	2	0	2	1.48379
8	5	2	2	1.93025
7	5	2	2	1.72023
11	6	2	4	1.41684
17	9	4	3	1.67818
16	8	3	5	0.508987
20	11	5	0	1.48188
1	1	0	1	1.34193
5	4	1	3	1.69964
15	8	3	5	1.84888
20	11	5	0	1.44627
1	1	0	1	1.39062
5	4	1	3	1.69947
13	7	3	2	0.431225
9	5	2	2	1.71786
11	6	2	4	0.674027
18	10	4	5	0
19	11	5	0	1.66021
2	2	0	2	1.47559
12	6	2	4	0.43911
17	9	4	3	0.499046
14	7	3	2	2.0659
10	6	2	4	1.8085
18	10	4	5	0
19	11	5	0	1.65191
1	1	0	1	1.49131
4	3	1	1	1.692
3	3	1	1	1.4795
3	3	1	1	1.32266
3	3	1	1	0.9905
3	3	1	1	1.17818
3	3	1	1	1.18556
3	3	1	1	1.20687
6	4	1	3	0
13	7	3	2	0.319314
9	5	2	2	1.76833
11	6	2	4	0.676327
18	10	4	5	0
19	11	5	0	1.65842
2	2	0	2	1.47716
8	5	2	2	1.95953
11	6	2	4	1.7173
17	9	4	3	1.60325
14	7	3	2	2.01394
10	6	2	4	1.91304
18	10	4	5	0
19	11	5	0	1.65111
1	1	0	1	1.49071
5	4	1	3	1.69176
13	7	3	2	0.419013
10	6	2	4	0
18	10	4	5	0
19	11	5	0	1.64816
2	2	0	2	1.49435
8	5	2	2	1.95399
11	6	2	4	1.7125
18	10	4	5	0
19	11	5	0	1.65573
1	1	0	1	1.46456
4	3	1	1	1.69577
6	4	1	3	0.251613
13	7	3	2	0.307797
10	6	2	4	0
18	10	4	5	0
19	11	5	0	1.64844
1	1	0	1	1.49519
4	3	1	1	1.69151
3	3	1	1	1.47275
3	3	1	1	1.32588
3	3	1	1	0.984746
3	3	1	1	1.17762
6	4	1	3	0.250036
15	8	3	5	1.65551
20	11	5	0	1.72897
2	2	0	2	1.38444
12	6	2	4	0.503459
17	9	4	3	0.53663
14	7	3	2	2.07643
10	6	2	4	1.84921
17	9	4	3	1.59241
16	8	3	5	0.401926
20	11	5	0	1.48483
1	1	0	1	1.3496
5	4	1	3	1.6997
13	7	3	2	0.433179
9	5	2	2	1.71847
7	5	2	2	2.13729
11	6	2	4	0.662551
17	9	4	3	1.64014
14	7	3	2	2.04213
10	6	2	4	1.93106
18	10	4	5	0
19	11	5	0	1.65116
1	1	0	1	1.49084
4	3	1	1	1.6917
6	4	1	3	0.259714
15	8	3	5	1.65258
20	11	5	0	1.4279
1	1	0	1	1.37907
4	3	1	1	1.69905
3	3	1	1	1.23808
3	3	1	1	1.33021
3	3	1	1	1.00783
3	3	1	1	1.17878
6	4	1	3	0.260509
13	7	3	2	0.329452
9	5	2	2	1.76118
7	5	2	2	2.13782
7	5	2	2	2.00364
11	6	2	4	0.631335
17	9	4	3	1.65218
14	7	3	2	2.0465
10	6	2	4	1.90932
18	10	4	5	0
19	11	5	0	1.65152
2	2	0	2	1.48947
8	5	2	2	1.88765
11	6	2	4	1.71663
17	9	4	3	1.60439
16	8	3	5	0.524835
20	11	5	0	1.4907
1	1	0	1	1.34851
4	3	1	1	1.69978
6	4	1	3	0
13	7	3	2	0.263369
10	6	2	4	0
18	10	4	5	0
19	11	5	0	1.6485
1	1	0	1	1.49509
4	3	1	1	1.6915
6	4	1	3	0.25779
15	8	3	5	1.65071
20	11	5	0	1.42778
1	1	0	1	1.37915
4	3	1	1	1.69905
6	4	1	3	0
15	8	3	5	1.59544
20	11	5	0	1.4269
1	1	0	1	1.38093
4	3	1	1	1.69911
3	3	1	1	1.23803
6	4	1	3	1.29898
15	8	3	5	1.67131
20	11	5	0	1.72302
1	1	0	1	1.38105
4	3	1	1	1.69898
6	4	1	3	0
15	8	3	5	1.59477
20	11	5	0	1.4268
2	2	0	2	1.38087
8	5	2	2	1.92374
7	5	2	2	1.72254
7	5	2	2	1.65852
7	5	2	2	1.66788
11	6	2	4	1.19687
17	9	4	3	1.6573
16	8	3	5	0.513026
20	11	5	0	1.48698
1	1	0	1	1.34765
4	3	1	1	1.69967
3	3	1	1	1.23875
6	4	1	3	1.29835
13	7	3	2	0.350197
10	6	2	4	0.321873
17	9	4	3	1.67583
16	8	3	5	0.331105
20	11	5	0	1.48982
1	1	0	1	1.35796
5	4	1	3	1.69969
15	8	3	5	1.84895
20	11	5	0	1.4463
2	2	0	2	1.39052
12	6	2	4	0.498792
18	10	4	5	0.626364
19	11	5	0	1.66379
2	2	0	2	1.4839
12	6	2	4	0.380575
18	10	4	5	0.619731
19	11	5	0	1.66913
2	2	0	2	1.48808
12	6	2	4	0.369065
18	10	4	5	0.618998
19	11	5	0	1.6691
1	1	0	1	1.48829
4	3	1	1	1.68832
6	4	1	3	0.259253
13	7	3	2	0.319337
10	6	2	4	0
18	10	4	5	0
19	11	5	0	1.64819
1	1	0	1	1.49528
5	4	1	3	1.69159
15	8	3	5	1.84216
20	11	5	0	1.44783
2	2	0	2	1.38917
8	5	2	2	1.92685
11	6	2	4	1.7204
18	10	4	5	0
19	11	5	0	1.65628
2	2	0	2	1.47454
8	5	2	2	1.94553
11	6	2	4	1.71813
17	9	4	3	1.60247
16	8	3	5	0.52258
20	11	5	0	1.49001
1	1	0	1	1.34716
5	4	1	3	1.69977
13	7	3	2	0.432428
10	6	2	4	0.283097
18	10	4	5	0
19	11	5	0	1.64825
2	2	0	2	1.49487
8	5	2	2	1.95392
7	5	2	2	1.71941
11	6	2	4	1.42793
17	9	4	3	1.6765
14	7	3	2	2.05159
9	5	2	2	1.93694
11	6	2	4	1.52768
17	9	4	3	1.66847
16	8	3	5	0.522342
20	11	5	0	1.49001
1	1	0	1	1.35237
5	4	1	3	1.69972
13	7	3	2	0.433077
9	5	2	2	1.718
11	6	2	4	0.674048
18	10	4	5	0
19	11	5	0	1.6602
2	2	0	2	1.47561
12	6	2	4	0.439084
18	10	4	5	0.6232
19	11	5	0	1.66922
2	2	0	2	1.4869
8	5	2	2	1.92485
11	6	2	4	1.71521
17	9	4	3	1.60276
16	8	3	5	0.524574
20	11	5	0	1.49049
1	1	0	1	1.34824
4	3	1	1	1.69978
6	4	1	3	0
13	7	3	2	0.263369
10	6	2	4	0
17	9	4	3	1.67692
14	7	3	2	1.76654
10	6	2	4	1.9195
17	9	4	3	1.63644
16	8	3	5	0.365987
20	11	5	0	1.4867
1	1	0	1	1.35225
4	3	1	1	1.6997
3	3	1	1	1.23883
3	3	1	1	1.3301
3	3	1	1	1.00716
6	4	1	3	0
15	8	3	5	1.60146
20	11	5	0	1.71694
1	1	0	1	1.385
5	4	1	3	1.69903
13	7	3	2	0.43283
10	6	2	4	0.291726
18	10	4	5	0
19	11	5	0	1.64826
2	2	0	2	1.49491
8	5	2	2	1.95389
11	6	2	4	1.71235
18	10	4	5	0
19	11	5	0	1.65572
2	2	0	2	1.4645
8	5	2	2	1.94434
11	6	2	4	1.72025
17	9	4	3	1.6023
16	8	3	5	0.522667
20	11	5	0	1.48975
1	1	0	1	1.34683
4	3	1	1	1.69977
3	3	1	1	1.23823
3	3	1	1	1.33029
6	4	1	3	0
13	7	3	2	0.314065
9	5	2	2	1.7842
7	5	2	2	2.13898
7	5	2	2	2.00283
7	5	2	2	1.93655
11	6	2	4	1.01887
17	9	4	3	1.63562
16	8	3	5	0.5269
20	11	5	0	1.48952
2	2	0	2	1.34643
12	6	2	4	0.499477
18	10	4	5	0.62466
19	11	5	0	1.66866
2	2	0	2	1.48387
12	6	2	4	0.380424
17	9	4	3	0.477844
16	8	3	5	0.504169
20	11	5	0	1.46657
2	2	0	2	1.60578
12	6	2	4	0.500733
17	9	4	3	0.553893
16	8	3	5	0.520074
20	11	5	0	1.47172
1	1	0	1	1.60316
5	4	1	3	1.69955
13	7	3	2	0.433029
9	5	2	2	1.78776
11	6	2	4	0.674007
17	9	4	3	1.70545
16	8	3	5	0.508418
20	11	5	0	1.49044
2	2	0	2	1.35506
8	5	2	2	1.92749
11	6	2	4	1.71684
17	9	4	3	1.59872
16	8	3	5	0.523303
20	11	5	0	1.48909
2	2	0	2	1.34561
12	6	2	4	0.49945
18	10	4	5	0.624664
19	11	5	0	1.66866
1	1	0	1	1.48394
4	3	1	1	1.68927
3	3	1	1	1.47344
6	4	1	3	1.2809
15	8	3	5	1.66653
20	11	5	0	1.72248
2	2	0	2	1.38092
8	5	2	2	1.9235
11	6	2	4	1.71942
17	9	4	3	1.59927
14	7	3	2	2.03716
9	5	2	2	1.9575
7	5	2	2	1.68549
11	6	2	4	1.21923
17	9	4	3	1.64906
14	7	3	2	2.04828
9	5	2	2	1.97245
7	5	2	2	1.68573
7	5	2	2	1.67231
7	5	2	2	1.64922
7	5	2	2	1.66046
7	5	2	2	1.65191
11	6	2	4	1.04864
18	10	4	5	0
19	11	5	0	1.65789
2	2	0	2	1.47765
12	6	2	4	0.400047
18	10	4	5	0.625293
19	11	5	0	1.66909
1	1	0	1	1.48722
5	4	1	3	1.68861
15	8	3	5	1.84459
20	11	5	0	1.44831
2	2	0	2	1.38886
8	5	2	2	1.92678
7	5	2	2	1.72272
11	6	2	4	1.27358
17	9	4	3	1.66169
16	8	3	5	0.503821
20	11	5	0	1.48155
2	2	0	2	1.592
12	6	2	4	0.501416
17	9	4	3	0.554921
16	8	3	5	0.519931
20	11	5	0	1.47172
2	2	0	2	1.60298
8	5	2	2	1.91929
11	6	2	4	1.71698
17	9	4	3	1.59901
14	7	3	2	2.03574
9	5	2	2	1.95859
11	6	2	4	1.09922
17	9	4	3	1.68586
16	8	3	5	0.514791
20	11	5	0	1.49215
2	2	0	2	1.35575
8	5	2	2	1.92777
7	5	2	2	1.72065
11	6	2	4	1.24766
18	10	4	5	0
19	11	5	0	1.66154
2	2	0	2	1.48527
8	5	2	2	1.94618
7	5	2	2	1.7201
7	5	2	2	1.65934
11	6	2	4	0.654564
17	9	4	3	1.66413
14	7	3	2	2.04691
10	6	2	4	1.9404
17	9	4	3	1.63797
14	7	3	2	1.79782
10	6	2	4	1.90399
17	9	4	3	1.63561
14	7	3	2	1.82272
10	6	2	4	1.89571
17	9	4	3	1.63146
16	8	3	5	0.3722
20	11	5	0	1.48491
2	2	0	2	1.34981
8	5	2	2	1.92496
7	5	2	2	1.72068
11	6	2	4	1.24535
17	9	4	3	1.66344
14	7	3	2	2.04569
9	5	2	2	1.9193
11	6	2	4	1.49732
18	10	4	5	0
19	11	5	0	1.65853
2	2	0	2	1.48509
12	6	2	4	0.395277
18	10	4	5	0.618451
19	11	5	0	1.66419
2	2	0	2	1.48776
12	6	2	4	0.370548
17	9	4	3	0.474166
14	7	3	2	2.06033
10	6	2	4	1.78093
18	10	4	5	0
19	11	5	0	1.65189
2	2	0	2	1.49094
12	6	2	4	0.391267
17	9	4	3	0.469202
14	7	3	2	2.06356
10	6	2	4	1.79444
17	9	4	3	1.59704
16	8	3	5	0.398127
20	11	5	0	1.48526
1	1	0	1	1.34998
5	4	1	3	1.69969
13	7	3	2	0.433164
10	6	2	4	0.285673
17	9	4	3	1.67595
14	7	3	2	1.76961
9	5	2	2	1.9247
11	6	2	4	1.2233
17	9	4	3	1.68742
16	8	3	5	0.51556
20	11	5	0	1.49114
1	1	0	1	1.35529
4	3	1	1	1.6997
3	3	1	1	1.23877
6	4	1	3	1.29866
15	8	3	5	1.67156
20	11	5	0	1.72315
2	2	0	2	1.38095
12	6	2	4	0.5031
18	10	4	5	0.625032
19	11	5	0	1.66366
2	2	0	2	1.48363
8	5	2	2	1.93052
11	6	2	4	1.7154
17	9	4	3	1.60253
14	7	3	2	2.01361
10	6	2	4	1.91258
17	9	4	3	1.64165
14	7	3	2	1.7927
10	6	2	4	1.90591
17	9	4	3	1.63645
14	7	3	2	1.82029
10	6	2	4	1.89618
17	9	4	3	1.63164
16	8	3	5	0.371775
20	11	5	0	1.48492
2	2	0	2	1.34983
12	6	2	4	0.501566
17	9	4	3	0.55537
14	7	3	2	2.07412
9	5	2	2	1.87035
11	6	2	4	1.51981
18	10	4	5	0
19	11	5	0	1.66381
2	2	0	2	1.47873
12	6	2	4	0.413168
18	10	4	5	0.616821
19	11	5	0	1.66918
1	1	0	1	1.48751
5	4	1	3	1.68863
13	7	3	2	0.419507
9	5	2	2	1.43896
7	5	2	2	2.13665
11	6	2	4	0.662504
17	9	4	3	1.64004
14	7	3	2	2.04209
10	6	2	4	1.93101
17	9	4	3	1.63979
16	8	3	5	0.358975
20	11	5	0	1.48736
1	1	0	1	1.35296
4	3	1	1	1.69969
3	3	1	1	1.23881
6	4	1	3	1.29839
15	8	3	5	1.67159
20	11	5	0	1.72314
2	2	0	2	1.38095
12	6	2	4	0.503098
18	10	4	5	0.625033
19	11	5	0	1.66366
1	1	0	1	1.48371
4	3	1	1	1.68939
6	4	1	3	0.257014
15	8	3	5	1.66283
20	11	5	0	1.68119
2	2	0	2	1.37879
12	6	2	4	0.500482
18	10	4	5	0.625679
19	11	5	0	1.66379
1	1	0	1	1.48384
4	3	1	1	1.68937
6	4	1	3	0.257083
13	7	3	2	0.317723
9	5	2	2	1.4099
11	6	2	4	0.680882
18	10	4	5	0
19	11	5	0	1.65899
1	1	0	1	1.47704
5	4	1	3	1.69312
15	8	3	5	1.84223
20	11	5	0	1.44819
1	1	0	1	1.38902
5	4	1	3	1.69946
13	7	3	2	0.431219
9	5	2	2	1.71797
7	5	2	2	2.13735
11	6	2	4	0.662528
17	9	4	3	1.64014
14	7	3	2	2.04212
10	6	2	4	1.93107
18	10	4	5	0
19	11	5	0	1.65116
1	1	0	1	1.49084
4	3	1	1	1.6917
3	3	1	1	1.47504
6	4	1	3	1.30901
13	7	3	2	0.34781
9	5	2	2	1.72884
7	5	2	2	2.13478
11	6	2	4	0.660422
17	9	4	3	1.64267
16	8	3	5	0.524748
20	11	5	0	1.49112
1	1	0	1	1.34957
5	4	1	3	1.69976
15	8	3	5	1.84843
20	11	5	0	1.4464
1	1	0	1	1.39051
5	4	1	3	1.69947
13	7	3	2	0.431225
10	6	2	4	0.28494
17	9	4	3	1.67595
14	7	3	2	1.76953
9	5	2	2	1.92467
7	5	2	2	1.68771
11	6	2	4	1.13235
18	10	4	5	0
19	11	5	0	1.65737
1	1	0	1	1.47776
4	3	1	1	1.69344
6	4	1	3	0.258577
13	7	3	2	0.308622
9	5	2	2	1.41078
11	6	2	4	0.68081
18	10	4	5	0
19	11	5	0	1.65897
2	2	0	2	1.47686
8	5	2	2	1.96052
7	5	2	2	1.72153
11	6	2	4	1.40707
18	10	4	5	0
19	11	5	0	1.66338
2	2	0	2	1.47925
12	6	2	4	0.396381
17	9	4	3	0.491545
14	7	3	2	2.06466
9	5	2	2	1.82903
11	6	2	4	1.48834
18	10	4	5	0
19	11	5	0	1.66496
2	2	0	2	1.47682
8	5	2	2	1.97479
11	6	2	4	1.7146
17	9	4	3	1.6045
14	7	3	2	2.01543
9	5	2	2	1.96796
7	5	2	2	1.68514
11	6	2	4	1.22347
17	9	4	3	1.64917
16	8	3	5	0.522539
20	11	5	0	1.48941
2	2	0	2	1.35187
12	6	2	4	0.501709
17	9	4	3	0.555382
16	8	3	5	0.5198
20	11	5	0	1.47171
2	2	0	2	1.60298
12	6	2	4	0.50088
17	9	4	3	0.554106
16	8	3	5	0.520037
20	11	5	0	1.47172
1	1	0	1	1.60316
5	4	1	3	1.69955
13	7	3	2	0.433029
10	6	2	4	0.360028
18	10	4	5	0
19	11	5	0	1.64813
2	2	0	2	1.49496
8	5	2	2	1.95386
11	6	2	4	1.71237
18	10	4	5	0
19	11	5	0	1.65572
1	1	0	1	1.46457
4	3	1	1	1.69578
3	3	1	1	1.47522
6	4	1	3	1.31023
15	8	3	5	1.66691
20	11	5	0	1.72162
2	2	0	2	1.38093
8	5	2	2	1.9235
11	6	2	4	1.71944
17	9	4	3	1.59927
16	8	3	5	0.523357
20	11	5	0	1.48886
1	1	0	1	1.59551
4	3	1	1	1.69976
6	4	1	3	0
15	8	3	5	1.59549
20	11	5	0	1.42691
1	1	0	1	1.38092
4	3	1	1	1.69911
6	4	1	3	0
15	8	3	5	1.59559
20	11	5	0	1.42692
1	1	0	1	1.38092
4	3	1	1	1.69911
6	4	1	3	0
13	7	3	2	0.263369
9	5	2	2	1.42507
7	5	2	2	2.1393
7	5	2	2	2.00507
7	5	2	2	1.93615
7	5	2	2	1.66933
7	5	2	2	1.65016
7	5	2	2	1.66579
7	5	2	2	1.6502
11	6	2	4	1.05232
17	9	4	3	1.6464
14	7	3	2	2.05084
9	5	2	2	1.96582
7	5	2	2	1.68574
11	6	2	4	1.20044
17	9	4	3	1.6489
14	7	3	2	2.0484
9	5	2	2	1.97131
7	5	2	2	1.68578
11	6	2	4	1.19096
17	9	4	3	1.6488
16	8	3	5	0.521452
20	11	5	0	1.48897
1	1	0	1	1.35142
4	3	1	1	1.69969
3	3	1	1	1.23876
3	3	1	1	1.33012
6	4	1	3	0
15	8	3	5	1.63623
20	11	5	0	1.71566
1	1	0	1	1.38451
4	3	1	1	1.69904
6	4	1	3	0
13	7	3	2	0.26298
9	5	2	2	1.42512
11	6	2	4	0.680415
17	9	4	3	1.70511
16	8	3	5	0.50915
20	11	5	0	1.4906
1	1	0	1	1.35481
4	3	1	1	1.69968
3	3	1	1	1.23869
3	3	1	1	1.33013
6	4	1	3	0
15	8	3	5	1.63607
20	11	5	0	1.7156
2	2	0	2	1.38441
12	6	2	4	0.502439
17	9	4	3	0.534422
16	8	3	5	0.522446
20	11	5	0	1.47197
2	2	0	2	1.60276
12	6	2	4	0.500881
18	10	4	5	0.624172
19	11	5	0	1.66864
1	1	0	1	1.48386
5	4	1	3	1.68928
15	8	3	5	1.84537
20	11	5	0	1.44832
1	1	0	1	1.38896
5	4	1	3	1.69946
15	8	3	5	1.84708
20	11	5	0	1.44628
1	1	0	1	1.39061
4	3	1	1	1.69947
3	3	1	1	1.23764
3	3	1	1	1.33054
6	4	1	3	0
15	8	3	5	1.6342
20	11	5	0	1.71498
2	2	0	2	1.38443
12	6	2	4	0.502392
17	9	4	3	0.534328
14	7	3	2	2.07636
9	5	2	2	1.87497
7	5	2	2	1.66501
11	6	2	4	1.15508
17	9	4	3	1.64002
16	8	3	5	0.51667
20	11	5	0	1.48622
2	2	0	2	1.34745
12	6	2	4	0.501575
18	10	4	5	0.624059
19	11	5	0	1.66868
2	2	0	2	1.48379
12	6	2	4	0.380586
18	10	4	5	0.619653
19	11	5	0	1.66913
1	1	0	1	1.48806
5	4	1	3	1.68837
13	7	3	2	0.419305
9	5	2	2	1.43889
11	6	2	4	0.673983
17	9	4	3	1.70511
16	8	3	5	0.508036
20	11	5	0	1.49034
1	1	0	1	1.35504
4	3	1	1	1.69968
3	3	1	1	1.23868
3	3	1	1	1.33013
3	3	1	1	1.00779
6	4	1	3	0
15	8	3	5	1.6018
20	11	5	0	1.71701
2	2	0	2	1.38489
12	6	2	4	0.502613
18	10	4	5	0.625205
19	11	5	0	1.66367
2	2	0	2	1.48365
8	5	2	2	1.93049
11	6	2	4	1.7154
17	9	4	3	1.60253
14	7	3	2	2.01361
9	5	2	2	1.96737
7	5	2	2	1.68514
7	5	2	2	1.6763
7	5	2	2	1.65078
7	5	2	2	1.66027
11	6	2	4	1.2829
18	10	4	5	0
19	11	5	0	1.65782
1	1	0	1	1.48281
4	3	1	1	1.69235
6	4	1	3	0.257097
15	8	3	5	1.65237
20	11	5	0	1.42791
2	2	0	2	1.37896
12	6	2	4	0.500366
18	10	4	5	0.625714
19	11	5	0	1.66379
1	1	0	1	1.48385
4	3	1	1	1.68937
3	3	1	1	1.47356
6	4	1	3	1.28097
13	7	3	2	0.34915
9	5	2	2	1.73041
7	5	2	2	2.13447
11	6	2	4	0.660461
17	9	4	3	1.6428
16	8	3	5	0.524747
20	11	5	0	1.49112
2	2	0	2	1.34947
8	5	2	2	1.92432
11	6	2	4	1.71727
17	9	4	3	1.5988
14	7	3	2	2.03546
10	6	2	4	1.90675
17	9	4	3	1.63912
14	7	3	2	1.79612
9	5	2	2	1.90762
7	5	2	2	1.68244
7	5	2	2	1.68394
11	6	2	4	1.00112
17	9	4	3	1.64652
14	7	3	2	2.04566
10	6	2	4	1.90754
18	10	4	5	0
19	11	5	0	1.65135
2	2	0	2	1.48906
8	5	2	2	1.93692
11	6	2	4	1.71574
18	10	4	5	0
19	11	5	0	1.65598
2	2	0	2	1.46443
12	6	2	4	0.426309
18	10	4	5	0.632522
19	11	5	0	1.66399
2	2	0	2	1.48668
8	5	2	2	1.92534
11	6	2	4	1.71527
17	9	4	3	1.60269
14	7	3	2	2.01371
10	6	2	4	1.91266
18	10	4	5	0
19	11	5	0	1.65112
1	1	0	1	1.49071
5	4	1	3	1.69176
13	7	3	2	0.419012
9	5	2	2	1.43883
7	5	2	2	2.13683
11	6	2	4	0.662453
17	9	4	3	1.64007
14	7	3	2	2.04209
9	5	2	2	1.97857
7	5	2	2	1.6853
11	6	2	4	1.22132
17	9	4	3	1.64906
14	7	3	2	2.04823
10	6	2	4	1.92936
18	10	4	5	0
19	11	5	0	1.65119
1	1	0	1	1.4911
5	4	1	3	1.69165
15	8	3	5	1.84215
20	11	5	0	1.44815
1	1	0	1	1.389
5	4	1	3	1.69946
13	7	3	2	0.43122
10	6	2	4	0.285048
18	10	4	5	0
19	11	5	0	1.64825
2	2	0	2	1.49488
12	6	2	4	0.379158
18	10	4	5	0.612996
19	11	5	0	1.66425
2	2	0	2	1.48815
8	5	2	2	1.92221
7	5	2	2	1.72006
11	6	2	4	1.42203
18	10	4	5	0
19	11	5	0	1.66339
1	1	0	1	1.47947
4	3	1	1	1.69138
3	3	1	1	1.47026
6	4	1	3	1.30895
13	7	3	2	0.348201
10	6	2	4	0.32332
17	9	4	3	1.67587
16	8	3	5	0.330882
20	11	5	0	1.48982
2	2	0	2	1.35787
12	6	2	4	0.501656
17	9	4	3	0.555614
16	8	3	5	0.519768
20	11	5	0	1.47171
1	1	0	1	1.60314
5	4	1	3	1.69955
13	7	3	2	0.433029
9	5	2	2	1.78776
11	6	2	4	0.674007
17	9	4	3	1.70545
16	8	3	5	0.508417
20	11	5	0	1.49044
2	2	0	2	1.35506
12	6	2	4	0.501723
17	9	4	3	0.555452
14	7	3	2	2.07405
9	5	2	2	1.87023
11	6	2	4	1.51973
17	9	4	3	1.63832
16	8	3	5	0.506767
20	11	5	0	1.48437
1	1	0	1	1.34705
5	4	1	3	1.69968
13	7	3	2	0.433073
10	6	2	4	0.285426
18	10	4	5	0
19	11	5	0	1.64825
2	2	0	2	1.49489
12	6	2	4	0.379123
17	9	4	3	0.497665
14	7	3	2	2.06256
9	5	2	2	1.75869
11	6	2	4	1.48718
17	9	4	3	1.63741
16	8	3	5	0.504626
20	11	5	0	1.48375
2	2	0	2	1.3464
8	5	2	2	1.92437
11	6	2	4	1.7169
17	9	4	3	1.59883
14	7	3	2	2.03543
10	6	2	4	1.90684
17	9	4	3	1.63913
14	7	3	2	1.7961
10	6	2	4	1.90519
18	10	4	5	0
19	11	5	0	1.65014
2	2	0	2	1.49547
8	5	2	2	1.89517
7	5	2	2	1.72013
11	6	2	4	1.44555
17	9	4	3	1.67538
16	8	3	5	0.517716
20	11	5	0	1.48416
2	2	0	2	1.34444
8	5	2	2	1.92371
7	5	2	2	1.72072
11	6	2	4	1.24426
17	9	4	3	1.66342
14	7	3	2	2.04569
10	6	2	4	1.89148
17	9	4	3	1.61327
14	7	3	2	1.82795
9	5	2	2	1.89437
11	6	2	4	1.44847
18	10	4	5	0
19	11	5	0	1.65918
1	1	0	1	1.48072
5	4	1	3	1.69234
15	8	3	5	1.84258
20	11	5	0	1.44801
1	1	0	1	1.38913
5	4	1	3	1.69946
13	7	3	2	0.43122
10	6	2	4	0.285037
18	10	4	5	0
19	11	5	0	1.64825
2	2	0	2	1.49488
8	5	2	2	1.95392
7	5	2	2	1.71941
11	6	2	4	1.42795
17	9	4	3	1.6765
16	8	3	5	0.518171
20	11	5	0	1.48441
1	1	0	1	1.34486
4	3	1	1	1.69967
6	4	1	3	0
13	7	3	2	0.26291
10	6	2	4	0
17	9	4	3	1.67691
16	8	3	5	0.334121
20	11	5	0	1.49002
1	1	0	1	1.35732
5	4	1	3	1.69968
15	8	3	5	1.84893
20	11	5	0	1.4463
2	2	0	2	1.39052
12	6	2	4	0.498793
17	9	4	3	0.526036
16	8	3	5	0.522182
20	11	5	0	1.47174
1	1	0	1	1.60306
4	3	1	1	1.69955
6	4	1	3	0
13	7	3	2	0.262853
10	6	2	4	0
17	9	4	3	1.67691
16	8	3	5	0.334125
20	11	5	0	1.49002
1	1	0	1	1.35732
5	4	1	3	1.69968
15	8	3	5	1.84894
20	11	5	0	1.4463
1	1	0	1	1.39061
5	4	1	3	1.69947
13	7	3	2	0.431224
10	6	2	4	0.284929
18	10	4	5	0
19	11	5	0	1.64825
1	1	0	1	1.49486
5	4	1	3	1.6916
13	7	3	2	0.419448
9	5	2	2	1.43789
7	5	2	2	2.137
11	6	2	4	0.662466
17	9	4	3	1.64007
16	8	3	5	0.526545
20	11	5	0	1.49083
2	2	0	2	1.34897
8	5	2	2	1.92414
11	6	2	4	1.71728
18	10	4	5	0
19	11	5	0	1.65619
2	2	0	2	1.47355
12	6	2	4	0.428306
17	9	4	3	0.490097
16	8	3	5	0.510778
20	11	5	0	1.46826
2	2	0	2	1.60475
12	6	2	4	0.500775
17	9	4	3	0.553957
16	8	3	5	0.520059
20	11	5	0	1.47172
1	1	0	1	1.60316
4	3	1	1	1.69955
6	4	1	3	0
15	8	3	5	1.59469
20	11	5	0	1.4268
1	1	0	1	1.38097
4	3	1	1	1.69911
6	4	1	3	0
13	7	3	2	0.263369
10	6	2	4	0
18	10	4	5	0
19	11	5	0	1.6485
1	1	0	1	1.49509
4	3	1	1	1.6915
6	4	1	3	0.25779
15	8	3	5	1.65071
20	11	5	0	1.42778
1	1	0	1	1.37915
5	4	1	3	1.69905
13	7	3	2	0.432248
9	5	2	2	1.72119
11	6	2	4	0.674055
18	10	4	5	0
19	11	5	0	1.66019
2	2	0	2	1.47562
8	5	2	2	1.96277
7	5	2	2	1.72156
7	5	2	2	1.65934
11	6	2	4	0.655586
17	9	4	3	1.66344
16	8	3	5	0.5266
20	11	5	0	1.4908
1	1	0	1	1.34897
4	3	1	1	1.69975
6	4	1	3	0
13	7	3	2	0.263384
10	6	2	4	0
17	9	4	3	1.67692
14	7	3	2	1.76654
9	5	2	2	1.93092
7	5	2	2	1.68416
7	5	2	2	1.68151
11	6	2	4	1.04145
18	10	4	5	0
19	11	5	0	1.65786
2	2	0	2	1.48521
8	5	2	2	1.94096
7	5	2	2	1.72049
7	5	2	2	1.65927
11	6	2	4	0.6554
18	10	4	5	0
19	11	5	0	1.65768
2	2	0	2	1.46511
12	6	2	4	0.442784
17	9	4	3	0.500112
16	8	3	5	0.51207
20	11	5	0	1.46876
1	1	0	1	1.60462
4	3	1	1	1.69954
3	3	1	1	1.23848
6	4	1	3	1.29759
15	8	3	5	1.67157
20	11	5	0	1.72302
2	2	0	2	1.38096
12	6	2	4	0.503089
17	9	4	3	0.535537
16	8	3	5	0.5225
20	11	5	0	1.472
2	2	0	2	1.60274
12	6	2	4	0.500882
17	9	4	3	0.554108
14	7	3	2	2.07422
10	6	2	4	1.84281
17	9	4	3	1.59326
16	8	3	5	0.40152
20	11	5	0	1.48488
2	2	0	2	1.34953
12	6	2	4	0.501604
18	10	4	5	0.62405
19	11	5	0	1.66868
2	2	0	2	1.48378
12	6	2	4	0.380607
17	9	4	3	0.477941
16	8	3	5	0.504183
20	11	5	0	1.46657
1	1	0	1	1.60596
4	3	1	1	1.69954
6	4	1	3	0
13	7	3	2	0.262825
9	5	2	2	1.42512
11	6	2	4	0.680412
17	9	4	3	1.70511
14	7	3	2	2.03431
10	6	2	4	1.97649
17	9	4	3	1.62255
14	7	3	2	1.81067
9	5	2	2	1.89921
11	6	2	4	1.45052
17	9	4	3	1.68628
16	8	3	5	0.512585
20	11	5	0	1.49006
2	2	0	2	1.35415
8	5	2	2	1.92718
7	5	2	2	1.72067
11	6	2	4	1.24728
18	10	4	5	0
19	11	5	0	1.66154
2	2	0	2	1.48528
12	6	2	4	0.38309
18	10	4	5	0.616923
19	11	5	0	1.66411
1	1	0	1	1.48803
5	4	1	3	1.68855
15	8	3	5	1.84445
20	11	5	0	1.44833
2	2	0	2	1.38884
8	5	2	2	1.92677
7	5	2	2	1.72272
11	6	2	4	1.27358
17	9	4	3	1.66169
14	7	3	2	2.04563
9	5	2	2	1.91605
11	6	2	4	1.49331
17	9	4	3	1.66434
14	7	3	2	2.0363
9	5	2	2	1.95808
11	6	2	4	1.37324
18	10	4	5	0
19	11	5	0	1.65432
2	2	0	2	1.48556
12	6	2	4	0.395313
17	9	4	3	0.481613
14	7	3	2	2.06601
10	6	2	4	1.77819
18	10	4	5	0
19	11	5	0	1.6519
1	1	0	1	1.49105
5	4	1	3	1.69207
13	7	3	2	0.418372
9	5	2	2	1.44007
11	6	2	4	0.678168
17	9	4	3	1.70519
14	7	3	2	2.03359
10	6	2	4	1.9774
17	9	4	3	1.62165
14	7	3	2	1.81165
9	5	2	2	1.89876
11	6	2	4	1.45409
18	10	4	5	0
19	11	5	0	1.65912
2	2	0	2	1.48076
12	6	2	4	0.406505
17	9	4	3	0.488547
16	8	3	5	0.50522
20	11	5	0	1.46724
2	2	0	2	1.60533
8	5	2	2	1.91841
7	5	2	2	1.7208
7	5	2	2	1.65765
11	6	2	4	0.982083
17	9	4	3	1.63541
16	8	3	5	0.527013
20	11	5	0	1.48989
1	1	0	1	1.34708
4	3	1	1	1.69975
6	4	1	3	0
13	7	3	2	0.263367
9	5	2	2	1.42511
11	6	2	4	0.680416
17	9	4	3	1.70511
16	8	3	5	0.509149
20	11	5	0	1.4906
1	1	0	1	1.35481
5	4	1	3	1.69968
15	8	3	5	1.84892
20	11	5	0	1.44631
2	2	0	2	1.39051
8	5	2	2	1.92726
11	6	2	4	1.72038
18	10	4	5	0
19	11	5	0	1.65628
2	2	0	2	1.47452
8	5	2	2	1.94554
11	6	2	4	1.71813
18	10	4	5	0
19	11	5	0	1.65547
1	1	0	1	1.47847
4	3	1	1	1.69423
3	3	1	1	1.47835
3	3	1	1	1.32582
3	3	1	1	0.994701
3	3	1	1	1.17773
6	4	1	3	0
13	7	3	2	0.326859
10	6	2	4	0.397605
17	9	4	3	1.67437
16	8	3	5	0.343204
20	11	5	0	1.48974
2	2	0	2	1.35797
12	6	2	4	0.501666
17	9	4	3	0.555623
14	7	3	2	2.07406
10	6	2	4	1.84299
17	9	4	3	1.59325
14	7	3	2	1.85249
9	5	2	2	1.88987
11	6	2	4	1.44029
18	10	4	5	0
19	11	5	0	1.65955
2	2	0	2	1.47997
12	6	2	4	0.408496
17	9	4	3	0.490169
14	7	3	2	2.06262
10	6	2	4	1.7983
18	10	4	5	0
19	11	5	0	1.6519
2	2	0	2	1.49102
8	5	2	2	1.92766
11	6	2	4	1.71726
18	10	4	5	0
19	11	5	0	1.65576
2	2	0	2	1.46405
12	6	2	4	0.427115
17	9	4	3	0.467914
16	8	3	5	0.515244
20	11	5	0	1.46849
2	2	0	2	1.60472
8	5	2	2	1.91864
7	5	2	2	1.72079
7	5	2	2	1.65765
11	6	2	4	0.982072
17	9	4	3	1.63541
16	8	3	5	0.527013
20	11	5	0	1.48989
2	2	0	2	1.34697
8	5	2	2	1.9235
7	5	2	2	1.72094
7	5	2	2	1.65792
7	5	2	2	1.66795
7	5	2	2	1.64258
7	5	2	2	1.66604
7	5	2	2	1.64992
11	6	2	4	1.05262
17	9	4	3	1.64635
14	7	3	2	2.05083
9	5	2	2	1.96593
11	6	2	4	1.14866
17	9	4	3	1.68431
16	8	3	5	0.514803
20	11	5	0	1.49209
1	1	0	1	1.35575
4	3	1	1	1.69972
6	4	1	3	0
13	7	3	2	0.263031
9	5	2	2	1.42518
11	6	2	4	0.680414
17	9	4	3	1.70511
16	8	3	5	0.509148
20	11	5	0	1.4906
2	2	0	2	1.35471
8	5	2	2	1.92738
7	5	2	2	1.72067
11	6	2	4	1.24748
18	10	4	5	0
19	11	5	0	1.66154
2	2	0	2	1.48527
12	6	2	4	0.383092
17	9	4	3	0.485278
14	7	3	2	2.06401
10	6	2	4	1.69727
17	9	4	3	1.59823
14	7	3	2	1.84756
9	5	2	2	1.89494
7	5	2	2	1.68264
11	6	2	4	1.13009
17	9	4	3	1.64894
14	7	3	2	2.0499
9	5	2	2	1.96598
11	6	2	4	1.19239
17	9	4	3	1.68292
14	7	3	2	2.03374
9	5	2	2	1.98863
11	6	2	4	1.15872
18	10	4	5	0
19	11	5	0	1.65406
1	1	0	1	1.48439
5	4	1	3	1.69265
15	8	3	5	1.84299
20	11	5	0	1.44819
2	2	0	2	1.38893
12	6	2	4	0.49872
17	9	4	3	0.525873
14	7	3	2	2.07604
10	6	2	4	1.84551
18	10	4	5	0
19	11	5	0	1.65194
2	2	0	2	1.49129
8	5	2	2	1.92745
7	5	2	2	1.72131
11	6	2	4	1.43044
18	10	4	5	0
19	11	5	0	1.6634
2	2	0	2	1.4789
12	6	2	4	0.397593
17	9	4	3	0.491956
14	7	3	2	2.06474
10	6	2	4	1.7765
17	9	4	3	1.59804
16	8	3	5	0.397165
20	11	5	0	1.48538
1	1	0	1	1.35009
4	3	1	1	1.69969
3	3	1	1	1.23883
3	3	1	1	1.3301
3	3	1	1	1.00818
6	4	1	3	0
15	8	3	5	1.60135
20	11	5	0	1.71693
1	1	0	1	1.385
5	4	1	3	1.69903
15	8	3	5	1.84812
20	11	5	0	1.44603
1	1	0	1	1.3908
5	4	1	3	1.69948
15	8	3	5	1.84711
20	11	5	0	1.44629
2	2	0	2	1.39052
12	6	2	4	0.498784
17	9	4	3	0.52602
16	8	3	5	0.522182
20	11	5	0	1.47173
2	2	0	2	1.60289
8	5	2	2	1.91937
11	6	2	4	1.71704
18	10	4	5	0
19	11	5	0	1.65617
2	2	0	2	1.47365
12	6	2	4	0.428151
18	10	4	5	0.625885
19	11	5	0	1.66913
2	2	0	2	1.4868
12	6	2	4	0.373301
17	9	4	3	0.47496
16	8	3	5	0.503474
20	11	5	0	1.46636
1	1	0	1	1.60608
4	3	1	1	1.69953
6	4	1	3	0
15	8	3	5	1.59463
20	11	5	0	1.4268
1	1	0	1	1.38097
5	4	1	3	1.69911
15	8	3	5	1.84757
20	11	5	0	1.44612
2	2	0	2	1.39064
12	6	2	4	0.498792
17	9	4	3	0.526038
14	7	3	2	2.07604
10	6	2	4	1.84555
18	10	4	5	0
19	11	5	0	1.65194
1	1	0	1	1.49155
4	3	1	1	1.69191
3	3	1	1	1.4795
3	3	1	1	1.31833
6	4	1	3	0
13	7	3	2	0.30842
10	6	2	4	0.327608
17	9	4	3	1.67528
14	7	3	2	1.77827
10	6	2	4	1.91939
17	9	4	3	1.63729
16	8	3	5	0.364964
20	11	5	0	1.48648
1	1	0	1	1.35192
5	4	1	3	1.69969
15	8	3	5	1.84897
20	11	5	0	1.44628
2	2	0	2	1.39053
12	6	2	4	0.498793
18	10	4	5	0.626364
19	11	5	0	1.66379
2	2	0	2	1.4839
12	6	2	4	0.380577
17	9	4	3	0.477889
14	7	3	2	2.06113
9	5	2	2	1.82607
11	6	2	4	1.49226
17	9	4	3	1.63754
14	7	3	2	2.03697
9	5	2	2	1.93057
11	6	2	4	1.50783
18	10	4	5	0
19	11	5	0	1.64884
1	1	0	1	1.48721
5	4	1	3	1.69171
13	7	3	2	0.418626
9	5	2	2	1.43881
7	5	2	2	2.13683
7	5	2	2	1.99599
11	6	2	4	0.637987
18	10	4	5	0
19	11	5	0	1.66061
1	1	0	1	1.48235
5	4	1	3	1.69164
15	8	3	5	1.84298
20	11	5	0	1.448
2	2	0	2	1.38904
8	5	2	2	1.92682
11	6	2	4	1.7204
17	9	4	3	1.59909
16	8	3	5	0.523379
20	11	5	0	1.48883
1	1	0	1	1.59555
5	4	1	3	1.69976
13	7	3	2	0.432434
9	5	2	2	1.71636
7	5	2	2	2.13723
7	5	2	2	1.99493
11	6	2	4	0.637989
18	10	4	5	0
19	11	5	0	1.6606
1	1	0	1	1.48235
5	4	1	3	1.69164
13	7	3	2	0.41972
9	5	2	2	1.43838
11	6	2	4	0.673941
17	9	4	3	1.70517
14	7	3	2	2.03359
9	5	2	2	2.00146
11	6	2	4	1.36555
18	10	4	5	0
19	11	5	0	1.65429
2	2	0	2	1.48563
12	6	2	4	0.394985
18	10	4	5	0.620728
19	11	5	0	1.66414
2	2	0	2	1.48754
12	6	2	4	0.371077
18	10	4	5	0.619164
19	11	5	0	1.6691
2	2	0	2	1.48827
12	6	2	4	0.367676
18	10	4	5	0.618973
19	11	5	0	1.6691
1	1	0	1	1.4883
4	3	1	1	1.68832
3	3	1	1	1.47481
6	4	1	3	1.27981
13	7	3	2	0.349198
9	5	2	2	1.73068
11	6	2	4	0.676475
18	10	4	5	0
19	11	5	0	1.65895
2	2	0	2	1.47673
8	5	2	2	1.9606
11	6	2	4	1.71729
18	10	4	5	0
19	11	5	0	1.65581
1	1	0	1	1.46434
5	4	1	3	1.69579
15	8	3	5	1.84742
20	11	5	0	1.44847
2	2	0	2	1.38886
12	6	2	4	0.498711
18	10	4	5	0.62637
19	11	5	0	1.66378
2	2	0	2	1.48391
8	5	2	2	1.93008
7	5	2	2	1.72023
7	5	2	2	1.65938
7	5	2	2	2.03045
11	6	2	4	1.47231
17	9	4	3	1.6518
16	8	3	5	0.521216
20	11	5	0	1.48801
1	1	0	1	1.34889
5	4	1	3	1.69968
13	7	3	2	0.433062
9	5	2	2	1.71811
7	5	2	2	2.13728
7	5	2	2	1.99483
11	6	2	4	0.637988
17	9	4	3	1.65202
14	7	3	2	2.04669
9	5	2	2	1.9434
11	6	2	4	1.4896
18	10	4	5	0
19	11	5	0	1.64878
2	2	0	2	1.48659
12	6	2	4	0.392807
17	9	4	3	0.480947
16	8	3	5	0.512385
20	11	5	0	1.46677
1	1	0	1	1.60638
5	4	1	3	1.69954
15	8	3	5	1.84866
20	11	5	0	1.44411
2	2	0	2	1.39137
12	6	2	4	0.498888
18	10	4	5	0.626344
19	11	5	0	1.66379
2	2	0	2	1.4839
8	5	2	2	1.9301
7	5	2	2	1.72023
7	5	2	2	1.65938
7	5	2	2	2.03043
11	6	2	4	1.47231
17	9	4	3	1.6518
14	7	3	2	2.05132
9	5	2	2	1.96364
7	5	2	2	1.68296
11	6	2	4	1.09349
18	10	4	5	0
19	11	5	0	1.65664
2	2	0	2	1.47723
8	5	2	2	1.94616
7	5	2	2	1.72183
11	6	2	4	1.41199
18	10	4	5	0
19	11	5	0	1.66336
1	1	0	1	1.47962
4	3	1	1	1.69137
3	3	1	1	1.4703
6	4	1	3	1.30894
13	7	3	2	0.348198
10	6	2	4	0.323329
18	10	4	5	0
19	11	5	0	1.64809
2	2	0	2	1.49578
8	5	2	2	1.95068
11	6	2	4	1.71235
18	10	4	5	0
19	11	5	0	1.65572
1	1	0	1	1.46455
4	3	1	1	1.69578
6	4	1	3	0.251608
13	7	3	2	0.307794
9	5	2	2	1.4112
7	5	2	2	2.13269
11	6	2	4	0.660391
18	10	4	5	0
19	11	5	0	1.65622
2	2	0	2	1.46703
8	5	2	2	1.951
11	6	2	4	1.7183
18	10	4	5	0
19	11	5	0	1.65554
2	2	0	2	1.47833
8	5	2	2	1.92979
11	6	2	4	1.71727
17	9	4	3	1.60166
16	8	3	5	0.525062
20	11	5	0	1.49054
2	2	0	2	1.34805
12	6	2	4	0.4995
18	10	4	5	0.624664
19	11	5	0	1.66867
1	1	0	1	1.48394
4	3	1	1	1.68927
3	3	1	1	1.47344
3	3	1	1	1.31191
6	4	1	3	0
15	8	3	5	1.62977
20	11	5	0	1.71266
1	1	0	1	1.38422
5	4	1	3	1.69905
15	8	3	5	1.84803
20	11	5	0	1.44605
1	1	0	1	1.39079
5	4	1	3	1.69948
15	8	3	5	1.84711
20	11	5	0	1.44629
1	1	0	1	1.3906
5	4	1	3	1.69947
15	8	3	5	1.8471
20	11	5	0	1.44629
1	1	0	1	1.3906
4	3	1	1	1.69947
6	4	1	3	0
15	8	3	5	1.59655
20	11	5	0	1.42705
1	1	0	1	1.38086
4	3	1	1	1.69911
6	4	1	3	0
15	8	3	5	1.5956
20	11	5	0	1.42692
1	1	0	1	1.38092
4	3	1	1	1.69911
6	4	1	3	0
13	7	3	2	0.263369
10	6	2	4	0
18	10	4	5	0
19	11	5	0	1.6485
2	2	0	2	1.49512
12	6	2	4	0.376555
17	9	4	3	0.497604
16	8	3	5	0.507875
20	11	5	0	1.46612
1	1	0	1	1.60669
4	3	1	1	1.69954
6	4	1	3	0
15	8	3	5	1.59459
20	11	5	0	1.42679
2	2	0	2	1.38088
8	5	2	2	1.92374
7	5	2	2	1.72254
11	6	2	4	1.26708
17	9	4	3	1.66181
14	7	3	2	2.04563
10	6	2	4	1.88833
18	10	4	5	0
19	11	5	0	1.65164
1	1	0	1	1.49043
5	4	1	3	1.69152
15	8	3	5	1.84214
20	11	5	0	1.44829
2	2	0	2	1.3888
8	5	2	2	1.92675
7	5	2	2	1.72272
7	5	2	2	1.65874
7	5	2	2	1.66788
11	6	2	4	1.19672
18	10	4	5	0
19	11	5	0	1.65799
2	2	0	2	1.48381
8	5	2	2	1.94172
7	5	2	2	1.72055
11	6	2	4	1.41429
17	9	4	3	1.67903
16	8	3	5	0.509358
20	11	5	0	1.48205
1	1	0	1	1.34211
5	4	1	3	1.69965
15	8	3	5	1.84888
20	11	5	0	1.44627
1	1	0	1	1.39062
4	3	1	1	1.69947
6	4	1	3	0
15	8	3	5	1.59655
20	11	5	0	1.42705
1	1	0	1	1.38086
4	3	1	1	1.69911
3	3	1	1	1.23803
6	4	1	3	1.29898
15	8	3	5	1.67131
20	11	5	0	1.72302
1	1	0	1	1.38106
4	3	1	1	1.69898
6	4	1	3	0
13	7	3	2	0.262865
10	6	2	4	0
18	10	4	5	0
19	11	5	0	1.6485
1	1	0	1	1.4951
4	3	1	1	1.69149
3	3	1	1	1.47258
3	3	1	1	1.3259
3	3	1	1	0.984491
6	4	1	3	0
13	7	3	2	0.304309
10	6	2	4	0.380476
18	10	4	5	0
19	11	5	0	1.64838
1	1	0	1	1.49588
4	3	1	1	1.69132
6	4	1	3	0.258084
13	7	3	2	0.308223
9	5	2	2	1.41075
7	5	2	2	2.13278
11	6	2	4	0.660405
18	10	4	5	0
19	11	5	0	1.65622
2	2	0	2	1.46703
8	5	2	2	1.951
11	6	2	4	1.7183
18	10	4	5	0
19	11	5	0	1.65554
2	2	0	2	1.47833
12	6	2	4	0.401134
18	10	4	5	0.626053
19	11	5	0	1.66908
2	2	0	2	1.4871
12	6	2	4	0.371688
17	9	4	3	0.474657
14	7	3	2	2.06042
9	5	2	2	1.8221
11	6	2	4	1.49106
18	10	4	5	0
19	11	5	0	1.66499
2	2	0	2	1.47673
8	5	2	2	1.9749
7	5	2	2	1.72047
7	5	2	2	1.65898
7	5	2	2	2.04158
11	6	2	4	1.47659
18	10	4	5	0
19	11	5	0	1.65663
2	2	0	2	1.48486
8	5	2	2	1.93781
7	5	2	2	1.72069
7	5	2	2	1.65992
11	6	2	4	0.653405
17	9	4	3	1.66546
16	8	3	5	0.526395
20	11	5	0	1.49102
1	1	0	1	1.34936
5	4	1	3	1.69975
13	7	3	2	0.432379
10	6	2	4	0.282942
17	9	4	3	1.67597
14	7	3	2	1.76951
10	6	2	4	1.91741
18	10	4	5	0
19	11	5	0	1.65102
1	1	0	1	1.4921
4	3	1	1	1.69118
6	4	1	3	0.260638
13	7	3	2	0.309573
9	5	2	2	1.41038
7	5	2	2	2.13251
7	5	2	2	2.00311
7	5	2	2	1.93626
11	6	2	4	1.01865
17	9	4	3	1.63563
14	7	3	2	2.05005
10	6	2	4	1.92391
17	9	4	3	1.63783
16	8	3	5	0.360666
20	11	5	0	1.48723
2	2	0	2	1.3527
12	6	2	4	0.501637
17	9	4	3	0.555513
14	7	3	2	2.0741
9	5	2	2	1.87035
7	5	2	2	1.66476
11	6	2	4	1.14798
18	10	4	5	0
19	11	5	0	1.65802
1	1	0	1	1.48578
4	3	1	1	1.69174
6	4	1	3	0.25893
15	8	3	5	1.65249
20	11	5	0	1.42789
2	2	0	2	1.37897
12	6	2	4	0.500362
17	9	4	3	0.530704
14	7	3	2	2.07626
10	6	2	4	1.84755
17	9	4	3	1.59262
16	8	3	5	0.401804
20	11	5	0	1.48485
1	1	0	1	1.34961
5	4	1	3	1.6997
13	7	3	2	0.433177
10	6	2	4	0.28571
18	10	4	5	0
19	11	5	0	1.64825
1	1	0	1	1.49487
4	3	1	1	1.69159
3	3	1	1	1.47265
3	3	1	1	1.32594
6	4	1	3	0
13	7	3	2	0.312752
9	5	2	2	1.77049
7	5	2	2	2.13767
11	6	2	4	0.660504
18	10	4	5	0
19	11	5	0	1.6562
2	2	0	2	1.46666
12	6	2	4	0.437748
17	9	4	3	0.496796
14	7	3	2	2.06768
9	5	2	2	1.84612
11	6	2	4	1.50366
18	10	4	5	0
19	11	5	0	1.66441
2	2	0	2	1.47774
8	5	2	2	1.97352
7	5	2	2	1.72045
11	6	2	4	1.4059
18	10	4	5	0
19	11	5	0	1.66344
1	1	0	1	1.47898
5	4	1	3	1.69147
15	8	3	5	1.84358
20	11	5	0	1.44786
2	2	0	2	1.38916
12	6	2	4	0.498735
18	10	4	5	0.626366
19	11	5	0	1.66378
2	2	0	2	1.48391
12	6	2	4	0.380565
17	9	4	3	0.477882
16	8	3	5	0.504237
20	11	5	0	1.46658
1	1	0	1	1.60595
4	3	1	1	1.69954
3	3	1	1	1.23844
3	3	1	1	1.3301
3	3	1	1	1.00633
3	3	1	1	1.18004
3	3	1	1	0.902889
6	4	1	3	0
15	8	3	5	1.63533
20	11	5	0	1.72512
1	1	0	1	1.38492
4	3	1	1	1.69896
6	4	1	3	0
15	8	3	5	1.5947
20	11	5	0	1.42679
2	2	0	2	1.38087
12	6	2	4	0.500037
17	9	4	3	0.529979
16	8	3	5	0.522346
20	11	5	0	1.47186
1	1	0	1	1.60299
5	4	1	3	1.69955
13	7	3	2	0.433022
10	6	2	4	0.286053
17	9	4	3	1.67594
16	8	3	5	0.345073
20	11	5	0	1.48971
1	1	0	1	1.35805
5	4	1	3	1.69969
15	8	3	5	1.84895
20	11	5	0	1.4463
2	2	0	2	1.39052
8	5	2	2	1.92727
7	5	2	2	1.7227
11	6	2	4	1.27396
18	10	4	5	0
19	11	5	0	1.66149
2	2	0	2	1.48588
8	5	2	2	1.94499
11	6	2	4	1.71419
18	10	4	5	0
19	11	5	0	1.65585
1	1	0	1	1.46454
4	3	1	1	1.69576
6	4	1	3	0.25161
15	8	3	5	1.65109
20	11	5	0	1.42812
1	1	0	1	1.37898
5	4	1	3	1.69905
15	8	3	5	1.84762
20	11	5	0	1.44609
1	1	0	1	1.39075
4	3	1	1	1.69947
6	4	1	3	0
13	7	3	2	0.263943
9	5	2	2	1.42502
11	6	2	4	0.680422
17	9	4	3	1.70508
16	8	3	5	0.509148
20	11	5	0	1.4906
2	2	0	2	1.35471
8	5	2	2	1.92738
7	5	2	2	1.72067
7	5	2	2	1.65788
11	6	2	4	0.981666
17	9	4	3	1.63536
16	8	3	5	0.52701
20	11	5	0	1.4899
1	1	0	1	1.34709
4	3	1	1	1.69975
3	3	1	1	1.23818
6	4	1	3	1.29883
15	8	3	5	1.67136
20	11	5	0	1.723
1	1	0	1	1.38106
4	3	1	1	1.69898
6	4	1	3	0
13	7	3	2	0.262861
10	6	2	4	0
18	10	4	5	0
19	11	5	0	1.6485
2	2	0	2	1.49512
12	6	2	4	0.376543
18	10	4	5	0.6128
19	11	5	0	1.66425
2	2	0	2	1.48818
8	5	2	2	1.92217
11	6	2	4	1.7151
17	9	4	3	1.6028
14	7	3	2	2.01378
10	6	2	4	1.91271
17	9	4	3	1.6417
14	7	3	2	1.79265
9	5	2	2	1.90854
11	6	2	4	1.36404
18	10	4	5	0
19	11	5	0	1.65805
2	2	0	2	1.48139
8	5	2	2	1.95211
11	6	2	4	1.71605
17	9	4	3	1.60441
14	7	3	2	2.01471
9	5	2	2	1.96844
7	5	2	2	1.68512
7	5	2	2	1.67624
7	5	2	2	1.65073
11	6	2	4	1.15603
17	9	4	3	1.64771
16	8	3	5	0.524206
20	11	5	0	1.48871
2	2	0	2	1.59588
8	5	2	2	1.92287
11	6	2	4	1.7173
17	9	4	3	1.59886
16	8	3	5	0.523311
20	11	5	0	1.48906
2	2	0	2	1.34557
8	5	2	2	1.92295
11	6	2	4	1.7173
18	10	4	5	0
19	11	5	0	1.65617
1	1	0	1	1.47371
4	3	1	1	1.69428
6	4	1	3	0.255887
13	7	3	2	0.308076
10	6	2	4	0
18	10	4	5	0
19	11	5	0	1.64844
1	1	0	1	1.49519
4	3	1	1	1.69151
3	3	1	1	1.47275
6	4	1	3	1.309
13	7	3	2	0.347815
10	6	2	4	0.322702
18	10	4	5	0
19	11	5	0	1.64809
2	2	0	2	1.49578
8	5	2	2	1.9507
11	6	2	4	1.71235
17	9	4	3	1.60526
16	8	3	5	0.52467
20	11	5	0	1.49062
1	1	0	1	1.34853
5	4	1	3	1.69978
15	8	3	5	1.84844
20	11	5	0	1.4464
2	2	0	2	1.39043
12	6	2	4	0.498789
18	10	4	5	0.626364
19	11	5	0	1.66379
1	1	0	1	1.48397
4	3	1	1	1.68935
3	3	1	1	1.4736
6	4	1	3	1.28095
13	7	3	2	0.34915
9	5	2	2	1.73042
7	5	2	2	2.13447
7	5	2	2	2.00416
11	6	2	4	0.631405
18	10	4	5	0
19	11	5	0	1.66041
1	1	0	1	1.48495
4	3	1	1	1.69117
6	4	1	3	0.257752
13	7	3	2	0.309463
9	5	2	2	1.41042
11	6	2	4	0.680828
17	9	4	3	1.70511
14	7	3	2	2.03422
10	6	2	4	1.97654
17	9	4	3	1.62257
14	7	3	2	1.8106
10	6	2	4	1.89775
17	9	4	3	1.63345
16	8	3	5	0.36797
20	11	5	0	1.48513
2	2	0	2	1.35006
12	6	2	4	0.501566
17	9	4	3	0.555379
14	7	3	2	2.07412
9	5	2	2	1.87035
11	6	2	4	1.51981
17	9	4	3	1.63832
14	7	3	2	2.03703
9	5	2	2	1.93392
7	5	2	2	1.68066
7	5	2	2	1.68136
7	5	2	2	1.64531
11	6	2	4	1.2075
17	9	4	3	1.64803
16	8	3	5	0.524078
20	11	5	0	1.4887
1	1	0	1	1.59607
5	4	1	3	1.69975
13	7	3	2	0.432411
9	5	2	2	1.71634
11	6	2	4	0.67404
17	9	4	3	1.70508
16	8	3	5	0.508043
20	11	5	0	1.49035
2	2	0	2	1.35495
8	5	2	2	1.92745
7	5	2	2	1.72067
11	6	2	4	1.2476
17	9	4	3	1.66347
16	8	3	5	0.504321
20	11	5	0	1.48188
2	2	0	2	1.34196
12	6	2	4	0.501428
18	10	4	5	0.624075
19	11	5	0	1.66867
2	2	0	2	1.48378
12	6	2	4	0.380592
17	9	4	3	0.47793
14	7	3	2	2.06109
9	5	2	2	1.82599
7	5	2	2	1.66192
7	5	2	2	1.68266
7	5	2	2	1.64079
7	5	2	2	1.6579
7	5	2	2	1.65196
7	5	2	2	1.66909
7	5	2	2	1.65107
7	5	2	2	1.66493
7	5	2	2	1.65082
7	5	2	2	1.66501
11	6	2	4	1.29004
17	9	4	3	1.65619
16	8	3	5	0.519144
20	11	5	0	1.48746
2	2	0	2	1.3483
12	6	2	4	0.501641
18	10	4	5	0.624047
19	11	5	0	1.66868
1	1	0	1	1.48386
5	4	1	3	1.68928
13	7	3	2	0.420326
9	5	2	2	1.43887
7	5	2	2	2.13666
7	5	2	2	1.99539
7	5	2	2	1.89101
7	5	2	2	1.66939
11	6	2	4	1.21815
18	10	4	5	0
19	11	5	0	1.65793
2	2	0	2	1.48379
8	5	2	2	1.94157
11	6	2	4	1.71555
17	9	4	3	1.60453
16	8	3	5	0.52487
20	11	5	0	1.49069
1	1	0	1	1.34849
4	3	1	1	1.69978
6	4	1	3	0
13	7	3	2	0.263369
10	6	2	4	0
17	9	4	3	1.67692
16	8	3	5	0.334093
20	11	5	0	1.49002
1	1	0	1	1.35732
4	3	1	1	1.69968
6	4	1	3	0
13	7	3	2	0.263009
9	5	2	2	1.42518
11	6	2	4	0.680414
17	9	4	3	1.70511
14	7	3	2	2.03431
9	5	2	2	2.00142
7	5	2	2	1.68647
7	5	2	2	1.68178
11	6	2	4	1.06041
18	10	4	5	0
19	11	5	0	1.65743
2	2	0	2	1.48533
12	6	2	4	0.388367
18	10	4	5	0.620321
19	11	5	0	1.66413
1	1	0	1	1.48768
4	3	1	1	1.68864
3	3	1	1	1.47494
3	3	1	1	1.3112
6	4	1	3	0
13	7	3	2	0.309291
9	5	2	2	1.72517
7	5	2	2	2.1359
11	6	2	4	0.660782
17	9	4	3	1.64273
16	8	3	5	0.524739
20	11	5	0	1.49112
1	1	0	1	1.34956
4	3	1	1	1.69976
6	4	1	3	0
15	8	3	5	1.59558
20	11	5	0	1.42692
2	2	0	2	1.38082
8	5	2	2	1.92372
11	6	2	4	1.72007
17	9	4	3	1.59924
14	7	3	2	2.03724
10	6	2	4	1.90585
17	9	4	3	1.63887
14	7	3	2	1.7966
9	5	2	2	1.90754
11	6	2	4	1.36967
18	10	4	5	0
19	11	5	0	1.65817
1	1	0	1	1.48145
5	4	1	3	1.69239
15	8	3	5	1.84263
20	11	5	0	1.44806
1	1	0	1	1.3891
5	4	1	3	1.69946
13	7	3	2	0.43122
10	6	2	4	0.285043
18	10	4	5	0
19	11	5	0	1.64825
2	2	0	2	1.49488
12	6	2	4	0.379158
18	10	4	5	0.612996
19	11	5	0	1.66425
1	1	0	1	1.48816
4	3	1	1	1.6885
6	4	1	3	0.25926
15	8	3	5	1.6646
20	11	5	0	1.6814
2	2	0	2	1.37876
12	6	2	4	0.500497
17	9	4	3	0.55612
16	8	3	5	0.519079
20	11	5	0	1.47197
