1	1	0	1	1.4604
4	3	1	1	1.39058
6	4	1	3	1.37031
15	8	3	5	1.51666
20	11	5	0	0.640459
2	2	0	2	1.52875
12	6	2	4	1.42255
17	9	4	3	1.59661
14	7	3	2	1.54019
10	6	2	4	1.54384
18	10	4	5	1.22898
19	11	5	0	1.47335
1	1	0	1	1.48565
5	4	1	3	0
15	8	3	5	1.50575
20	11	5	0	1.27013
2	2	0	2	1.57583
8	5	2	2	0
11	6	2	4	1.48471
17	9	4	3	1.48236
14	7	3	2	1.53383
9	5	2	2	1.54211
11	6	2	4	1.71004
17	9	4	3	1.36079
16	8	3	5	1.53496
20	11	5	0	1.42308
2	2	0	2	1.61212
8	5	2	2	0
7	5	2	2	1.63161
11	6	2	4	1.50147
17	9	4	3	1.42237
16	8	3	5	1.55262
20	11	5	0	1.41912
1	1	0	1	1.61257
4	3	1	1	1.41484
3	3	1	1	1.37499
6	4	1	3	0.956735
15	8	3	5	1.52226
20	11	5	0	0.893605
1	1	0	1	1.5446
5	4	1	3	0.630197
13	7	3	2	0
9	5	2	2	0.404288
11	6	2	4	1.34227
18	10	4	5	1.26635
19	11	5	0	1.51421
2	2	0	2	1.50285
8	5	2	2	0
11	6	2	4	1.59183
18	10	4	5	1.2826
19	11	5	0	1.52064
2	2	0	2	1.51937
8	5	2	2	0
7	5	2	2	1.61921
11	6	2	4	1.50398
18	10	4	5	1.46065
19	11	5	0	1.45431
2	2	0	2	1.4266
8	5	2	2	0
11	6	2	4	1.56585
17	9	4	3	1.24414
16	8	3	5	1.52945
20	11	5	0	1.42294
1	1	0	1	1.61207
5	4	1	3	1.07932
13	7	3	2	0
10	6	2	4	1.69782
18	10	4	5	1.28593
19	11	5	0	1.46861
1	1	0	1	1.48136
4	3	1	1	1.42229
6	4	1	3	1.35668
15	8	3	5	1.51673
20	11	5	0	0.64429
2	2	0	2	1.52899
12	6	2	4	1.42255
18	10	4	5	1.59722
19	11	5	0	1.55607
2	2	0	2	1.43158
8	5	2	2	0
11	6	2	4	1.57133
18	10	4	5	1.27918
19	11	5	0	1.52001
1	1	0	1	1.5191
5	4	1	3	0.316314
13	7	3	2	0
10	6	2	4	1.68352
18	10	4	5	1.28425
19	11	5	0	1.46842
1	1	0	1	1.48127
5	4	1	3	0
15	8	3	5	1.51199
20	11	5	0	1.27148
2	2	0	2	1.57043
8	5	2	2	0
11	6	2	4	1.48642
18	10	4	5	1.53087
19	11	5	0	1.51662
1	1	0	1	1.51667
4	3	1	1	1.75427
3	3	1	1	1.3618
3	3	1	1	1.43015
3	3	1	1	1.47463
3	3	1	1	1.49415
6	4	1	3	1.33113
15	8	3	5	1.52501
20	11	5	0	0.901977
1	1	0	1	1.54597
4	3	1	1	1.34584
6	4	1	3	1.41113
15	8	3	5	1.517
20	11	5	0	0.679487
1	1	0	1	1.5302
5	4	1	3	0.674081
15	8	3	5	1.54925
20	11	5	0	1.24855
2	2	0	2	1.56343
8	5	2	2	0
7	5	2	2	1.55034
7	5	2	2	0
11	6	2	4	1.85635
17	9	4	3	1.39931
14	7	3	2	1.54869
10	6	2	4	1.53623
18	10	4	5	1.2263
19	11	5	0	1.47415
1	1	0	1	1.48542
4	3	1	1	1.43004
3	3	1	1	1.35859
3	3	1	1	1.43669
6	4	1	3	1.3369
15	8	3	5	1.52632
20	11	5	0	0.896381
2	2	0	2	1.54568
8	5	2	2	0
7	5	2	2	1.5772
7	5	2	2	0
11	6	2	4	1.85936
18	10	4	5	1.40458
19	11	5	0	1.5206
2	2	0	2	1.48518
8	5	2	2	0
11	6	2	4	1.57383
17	9	4	3	1.24823
16	8	3	5	1.5293
20	11	5	0	1.42304
1	1	0	1	1.61207
4	3	1	1	1.41508
3	3	1	1	1.37483
3	3	1	1	1.43402
3	3	1	1	1.47566
6	4	1	3	1.24715
13	7	3	2	0
9	5	2	2	1.11453
7	5	2	2	1.11235
11	6	2	4	1.46714
17	9	4	3	1.41947
16	8	3	5	1.54792
20	11	5	0	1.42387
2	2	0	2	1.61214
8	5	2	2	0
7	5	2	2	1.63143
7	5	2	2	0.318832
7	5	2	2	0.320311
11	6	2	4	1.28848
18	10	4	5	1.4662
19	11	5	0	1.45881
2	2	0	2	1.43009
12	6	2	4	1.44961
18	10	4	5	1.62952
19	11	5	0	1.56764
2	2	0	2	1.38921
12	6	2	4	1.45628
18	10	4	5	1.6502
19	11	5	0	1.56931
2	2	0	2	1.35881
12	6	2	4	1.45865
17	9	4	3	1.64382
16	8	3	5	1.53889
20	11	5	0	1.42271
1	1	0	1	1.61271
5	4	1	3	1.07569
15	8	3	5	1.53404
20	11	5	0	1.24947
2	2	0	2	1.57063
8	5	2	2	0
11	6	2	4	1.48189
18	10	4	5	1.52978
19	11	5	0	1.51658
1	1	0	1	1.5166
5	4	1	3	0.321985
13	7	3	2	0
9	5	2	2	0.415343
7	5	2	2	1.13335
11	6	2	4	1.4842
17	9	4	3	1.42988
14	7	3	2	1.54826
10	6	2	4	1.5384
17	9	4	3	1.3106
16	8	3	5	1.51017
20	11	5	0	1.69489
1	1	0	1	1.59274
4	3	1	1	1.40013
6	4	1	3	1.37765
13	7	3	2	0
9	5	2	2	1.36055
7	5	2	2	1.0688
7	5	2	2	0
11	6	2	4	1.57944
17	9	4	3	1.43798
14	7	3	2	1.54648
10	6	2	4	1.53795
17	9	4	3	1.31033
14	7	3	2	1.5104
9	5	2	2	1.56813
11	6	2	4	1.36835
18	10	4	5	1.32652
19	11	5	0	1.52878
2	2	0	2	1.51546
8	5	2	2	0
11	6	2	4	1.59561
18	10	4	5	1.28872
19	11	5	0	1.5196
2	2	0	2	1.51958
12	6	2	4	1.44977
18	10	4	5	1.63007
19	11	5	0	1.56766
2	2	0	2	1.3918
8	5	2	2	0
11	6	2	4	1.49963
18	10	4	5	1.52068
19	11	5	0	1.51825
2	2	0	2	1.51804
12	6	2	4	1.44991
17	9	4	3	1.62821
14	7	3	2	1.54536
9	5	2	2	1.5461
11	6	2	4	1.72947
17	9	4	3	1.29388
16	8	3	5	1.53268
20	11	5	0	1.42373
2	2	0	2	1.61212
8	5	2	2	0
7	5	2	2	1.63179
11	6	2	4	1.50087
18	10	4	5	1.46597
19	11	5	0	1.45003
2	2	0	2	1.4236
8	5	2	2	0
11	6	2	4	1.56545
17	9	4	3	1.24401
14	7	3	2	1.52945
9	5	2	2	1.54243
11	6	2	4	1.70968
18	10	4	5	1.39321
19	11	5	0	1.51903
1	1	0	1	1.492
5	4	1	3	0.28027
15	8	3	5	1.50739
20	11	5	0	1.27073
2	2	0	2	1.57655
8	5	2	2	0
11	6	2	4	1.48489
17	9	4	3	1.48246
14	7	3	2	1.53383
10	6	2	4	1.54212
17	9	4	3	1.31009
16	8	3	5	1.51012
20	11	5	0	1.69813
1	1	0	1	1.59249
5	4	1	3	0.96525
13	7	3	2	0
9	5	2	2	0.410543
11	6	2	4	1.34517
17	9	4	3	1.18322
16	8	3	5	1.53288
20	11	5	0	1.42481
2	2	0	2	1.61223
8	5	2	2	0
11	6	2	4	1.60604
17	9	4	3	1.27863
16	8	3	5	1.53457
20	11	5	0	1.42361
2	2	0	2	1.6121
12	6	2	4	1.48723
17	9	4	3	1.60214
14	7	3	2	1.54697
9	5	2	2	1.54101
11	6	2	4	1.73053
18	10	4	5	1.37874
19	11	5	0	1.51838
1	1	0	1	1.49344
5	4	1	3	0.279693
13	7	3	2	0
9	5	2	2	0.414544
11	6	2	4	1.34576
17	9	4	3	1.17923
16	8	3	5	1.53649
20	11	5	0	1.42482
2	2	0	2	1.61223
8	5	2	2	0
11	6	2	4	1.60603
17	9	4	3	1.27862
14	7	3	2	1.53457
9	5	2	2	1.54301
11	6	2	4	1.71135
17	9	4	3	1.35691
14	7	3	2	1.53146
9	5	2	2	1.54309
7	5	2	2	0.299052
7	5	2	2	0
11	6	2	4	1.69994
18	10	4	5	1.4719
19	11	5	0	1.51702
2	2	0	2	1.47032
12	6	2	4	1.45074
17	9	4	3	1.62847
16	8	3	5	1.54486
20	11	5	0	1.42206
1	1	0	1	1.61253
5	4	1	3	1.07386
15	8	3	5	1.53415
20	11	5	0	1.2494
2	2	0	2	1.57061
8	5	2	2	0
11	6	2	4	1.48189
18	10	4	5	1.52978
19	11	5	0	1.51658
1	1	0	1	1.5166
4	3	1	1	1.75429
3	3	1	1	1.3618
3	3	1	1	1.43015
6	4	1	3	1.33919
13	7	3	2	0
10	6	2	4	1.4223
18	10	4	5	1.34349
19	11	5	0	1.42233
2	2	0	2	1.50291
12	6	2	4	1.44026
17	9	4	3	1.6241
16	8	3	5	1.54775
20	11	5	0	1.42198
2	2	0	2	1.61247
12	6	2	4	1.48652
18	10	4	5	1.60371
19	11	5	0	1.54736
2	2	0	2	1.45585
12	6	2	4	1.44939
18	10	4	5	1.63298
19	11	5	0	1.56842
2	2	0	2	1.40453
8	5	2	2	0
11	6	2	4	1.50261
17	9	4	3	1.47555
14	7	3	2	1.5332
9	5	2	2	1.54213
7	5	2	2	0.290693
11	6	2	4	1.414
17	9	4	3	1.36573
14	7	3	2	1.5482
9	5	2	2	1.53754
11	6	2	4	1.72115
18	10	4	5	1.38669
19	11	5	0	1.51754
1	1	0	1	1.49193
4	3	1	1	1.70743
6	4	1	3	1.35897
15	8	3	5	1.5169
20	11	5	0	0.70603
1	1	0	1	1.53156
4	3	1	1	1.36577
6	4	1	3	1.39359
13	7	3	2	0
10	6	2	4	1.42787
18	10	4	5	1.31228
19	11	5	0	1.38087
1	1	0	1	1.51241
4	3	1	1	1.43297
3	3	1	1	1.36255
6	4	1	3	0.901173
15	8	3	5	1.52594
20	11	5	0	0.91884
2	2	0	2	1.54833
12	6	2	4	1.42342
17	9	4	3	1.59486
14	7	3	2	1.53993
9	5	2	2	1.54388
7	5	2	2	0.332372
7	5	2	2	0
11	6	2	4	1.67823
18	10	4	5	1.47125
19	11	5	0	1.51726
1	1	0	1	1.46905
5	4	1	3	0.297606
15	8	3	5	1.51198
20	11	5	0	1.26949
1	1	0	1	1.57578
5	4	1	3	0.663073
13	7	3	2	0
9	5	2	2	0.403386
11	6	2	4	1.34196
18	10	4	5	1.26698
19	11	5	0	1.51412
1	1	0	1	1.50267
4	3	1	1	1.70356
6	4	1	3	1.35533
13	7	3	2	0
10	6	2	4	1.42746
17	9	4	3	1.38121
16	8	3	5	1.48612
20	11	5	0	1.71867
2	2	0	2	1.60341
12	6	2	4	1.4682
18	10	4	5	1.60435
19	11	5	0	1.55635
1	1	0	1	1.43488
4	3	1	1	1.72222
3	3	1	1	1.38376
6	4	1	3	0.736919
13	7	3	2	0
9	5	2	2	0.976204
11	6	2	4	1.3336
18	10	4	5	1.25102
19	11	5	0	1.51826
2	2	0	2	1.5214
8	5	2	2	0
11	6	2	4	1.579
17	9	4	3	1.25652
14	7	3	2	1.52925
10	6	2	4	1.54253
18	10	4	5	1.22193
19	11	5	0	1.47331
1	1	0	1	1.48576
5	4	1	3	0
15	8	3	5	1.50611
20	11	5	0	1.27003
2	2	0	2	1.57577
8	5	2	2	0
7	5	2	2	1.55329
11	6	2	4	1.16386
18	10	4	5	1.44315
19	11	5	0	1.45942
2	2	0	2	1.43164
12	6	2	4	1.45004
18	10	4	5	1.62972
19	11	5	0	1.5677
2	2	0	2	1.38887
12	6	2	4	1.45629
17	9	4	3	1.64358
14	7	3	2	1.5391
9	5	2	2	1.54731
11	6	2	4	1.72783
18	10	4	5	1.33887
19	11	5	0	1.52101
1	1	0	1	1.4999
4	3	1	1	1.72354
6	4	1	3	1.35573
15	8	3	5	1.51714
20	11	5	0	0.70459
1	1	0	1	1.53149
5	4	1	3	0.67315
15	8	3	5	1.54945
20	11	5	0	1.24807
2	2	0	2	1.56315
12	6	2	4	1.42629
17	9	4	3	1.60013
16	8	3	5	1.54327
20	11	5	0	1.42168
2	2	0	2	1.61268
12	6	2	4	1.48669
17	9	4	3	1.60357
14	7	3	2	1.54694
9	5	2	2	1.54101
7	5	2	2	0.33683
11	6	2	4	1.41957
17	9	4	3	1.37318
16	8	3	5	1.54517
20	11	5	0	1.42233
1	1	0	1	1.61246
5	4	1	3	1.07958
15	8	3	5	1.53379
20	11	5	0	1.24957
1	1	0	1	1.57065
4	3	1	1	1.32177
3	3	1	1	1.41937
3	3	1	1	1.42659
6	4	1	3	1.32891
15	8	3	5	1.52614
20	11	5	0	0.896567
1	1	0	1	1.54564
4	3	1	1	1.35012
3	3	1	1	1.41236
3	3	1	1	1.42966
3	3	1	1	1.46607
6	4	1	3	1.21452
15	8	3	5	1.52306
20	11	5	0	0.90331
2	2	0	2	1.54622
8	5	2	2	0
7	5	2	2	1.58225
7	5	2	2	0
11	6	2	4	1.86048
17	9	4	3	1.38276
16	8	3	5	1.5498
20	11	5	0	1.42707
2	2	0	2	1.61236
8	5	2	2	0
11	6	2	4	1.60489
17	9	4	3	1.27744
14	7	3	2	1.53464
9	5	2	2	1.54301
7	5	2	2	0.293392
11	6	2	4	1.41219
18	10	4	5	1.40078
19	11	5	0	1.50818
2	2	0	2	1.48035
8	5	2	2	0
11	6	2	4	1.57348
18	10	4	5	1.28129
19	11	5	0	1.52163
1	1	0	1	1.5196
4	3	1	1	1.74848
3	3	1	1	1.36147
3	3	1	1	1.43017
3	3	1	1	1.47464
3	3	1	1	1.49416
6	4	1	3	1.33114
15	8	3	5	1.52501
20	11	5	0	0.901977
2	2	0	2	1.54604
8	5	2	2	0
7	5	2	2	1.58873
11	6	2	4	1.16618
18	10	4	5	1.4452
19	11	5	0	1.45829
2	2	0	2	1.43089
8	5	2	2	0
7	5	2	2	1.61647
7	5	2	2	0.252332
7	5	2	2	0.306585
11	6	2	4	1.28945
18	10	4	5	1.46499
19	11	5	0	1.45876
1	1	0	1	1.42325
5	4	1	3	0
13	7	3	2	0
10	6	2	4	1.67591
18	10	4	5	1.28567
19	11	5	0	1.46865
1	1	0	1	1.48148
5	4	1	3	0
15	8	3	5	1.51152
20	11	5	0	1.27166
2	2	0	2	1.57052
8	5	2	2	0
11	6	2	4	1.48647
17	9	4	3	1.48262
14	7	3	2	1.53383
9	5	2	2	1.54211
11	6	2	4	1.71005
17	9	4	3	1.36077
16	8	3	5	1.53496
20	11	5	0	1.42308
2	2	0	2	1.61212
8	5	2	2	0
7	5	2	2	1.63161
11	6	2	4	1.50147
18	10	4	5	1.46588
19	11	5	0	1.45006
1	1	0	1	1.41434
4	3	1	1	1.43824
3	3	1	1	1.391
6	4	1	3	0.72599
15	8	3	5	1.52654
20	11	5	0	0.92207
2	2	0	2	1.54886
12	6	2	4	1.4235
17	9	4	3	1.59497
16	8	3	5	1.53993
20	11	5	0	1.4219
2	2	0	2	1.61266
8	5	2	2	0
7	5	2	2	1.63107
11	6	2	4	1.50247
17	9	4	3	1.42212
16	8	3	5	1.55265
20	11	5	0	1.41913
2	2	0	2	1.61255
12	6	2	4	1.48651
18	10	4	5	1.60247
19	11	5	0	1.54747
1	1	0	1	1.45277
4	3	1	1	1.42393
6	4	1	3	1.38671
13	7	3	2	0
9	5	2	2	1.36275
11	6	2	4	1.32878
18	10	4	5	1.26928
19	11	5	0	1.51379
1	1	0	1	1.50307
4	3	1	1	1.71348
3	3	1	1	1.36496
6	4	1	3	0.879935
13	7	3	2	0
9	5	2	2	1.21825
11	6	2	4	1.3325
18	10	4	5	0.999992
19	11	5	0	1.51951
1	1	0	1	1.52115
5	4	1	3	0.317885
15	8	3	5	1.50534
20	11	5	0	1.2935
2	2	0	2	1.57763
8	5	2	2	0
7	5	2	2	1.55396
7	5	2	2	0
7	5	2	2	0.360883
11	6	2	4	1.56754
18	10	4	5	1.47026
19	11	5	0	1.49026
2	2	0	2	1.44304
8	5	2	2	0
11	6	2	4	1.56878
18	10	4	5	1.27961
19	11	5	0	1.52137
1	1	0	1	1.51945
5	4	1	3	0.315634
15	8	3	5	1.50419
20	11	5	0	1.29549
1	1	0	1	1.57815
4	3	1	1	1.32292
6	4	1	3	1.41625
13	7	3	2	0
9	5	2	2	1.34996
11	6	2	4	1.32888
17	9	4	3	1.20282
14	7	3	2	1.5339
10	6	2	4	1.54094
17	9	4	3	1.31104
14	7	3	2	1.5103
10	6	2	4	1.56826
18	10	4	5	1.1427
19	11	5	0	1.4651
1	1	0	1	1.48545
4	3	1	1	1.42822
3	3	1	1	1.36019
3	3	1	1	1.43618
6	4	1	3	1.33663
13	7	3	2	0
9	5	2	2	1.25413
11	6	2	4	1.33284
17	9	4	3	0.922285
16	8	3	5	1.53976
20	11	5	0	1.42479
2	2	0	2	1.6122
8	5	2	2	0
11	6	2	4	1.60558
18	10	4	5	1.30418
19	11	5	0	1.51707
2	2	0	2	1.52038
8	5	2	2	0
7	5	2	2	1.61916
7	5	2	2	0.300789
11	6	2	4	1.83875
18	10	4	5	1.42076
19	11	5	0	1.517
1	1	0	1	1.47783
5	4	1	3	0.294041
13	7	3	2	0
9	5	2	2	0.414338
7	5	2	2	1.13142
7	5	2	2	0
11	6	2	4	1.58229
17	9	4	3	1.4206
14	7	3	2	1.54562
9	5	2	2	1.53796
7	5	2	2	0.339123
7	5	2	2	0
7	5	2	2	0.330169
7	5	2	2	0.298401
7	5	2	2	0.668717
7	5	2	2	0.319084
11	6	2	4	1.62982
17	9	4	3	1.44095
14	7	3	2	1.55051
9	5	2	2	1.53828
7	5	2	2	0.345291
7	5	2	2	0
7	5	2	2	0.325881
11	6	2	4	1.75157
18	10	4	5	1.43988
19	11	5	0	1.50062
2	2	0	2	1.46568
8	5	2	2	0
11	6	2	4	1.56948
18	10	4	5	1.28054
19	11	5	0	1.52154
2	2	0	2	1.51953
12	6	2	4	1.44977
18	10	4	5	1.63008
19	11	5	0	1.56766
2	2	0	2	1.39178
8	5	2	2	0
7	5	2	2	1.58302
11	6	2	4	1.17119
17	9	4	3	1.41187
14	7	3	2	1.55415
9	5	2	2	1.53818
7	5	2	2	0.346019
7	5	2	2	0
7	5	2	2	0.325842
11	6	2	4	1.75253
18	10	4	5	1.43977
19	11	5	0	1.50054
2	2	0	2	1.46561
12	6	2	4	1.45013
17	9	4	3	1.62773
16	8	3	5	1.54489
20	11	5	0	1.42209
1	1	0	1	1.61253
5	4	1	3	1.07385
13	7	3	2	0
9	5	2	2	0.411792
7	5	2	2	1.11165
11	6	2	4	1.48854
18	10	4	5	1.44428
19	11	5	0	1.50932
1	1	0	1	1.47524
4	3	1	1	1.71292
3	3	1	1	1.37076
3	3	1	1	1.42776
3	3	1	1	1.46617
3	3	1	1	1.49315
6	4	1	3	1.33258
15	8	3	5	1.52512
20	11	5	0	0.901824
2	2	0	2	1.54602
8	5	2	2	0
11	6	2	4	1.52198
18	10	4	5	1.52677
19	11	5	0	1.51749
1	1	0	1	1.51712
5	4	1	3	0.321466
15	8	3	5	1.50496
20	11	5	0	1.29438
2	2	0	2	1.57802
12	6	2	4	1.42924
18	10	4	5	1.61719
19	11	5	0	1.5591
2	2	0	2	1.42106
8	5	2	2	0
11	6	2	4	1.53982
17	9	4	3	1.2364
14	7	3	2	1.52991
10	6	2	4	1.54214
17	9	4	3	1.30986
16	8	3	5	1.51016
20	11	5	0	1.69813
2	2	0	2	1.59247
12	6	2	4	1.46544
18	10	4	5	1.60365
19	11	5	0	1.55009
2	2	0	2	1.45567
8	5	2	2	0
11	6	2	4	1.57593
18	10	4	5	1.28006
19	11	5	0	1.52012
2	2	0	2	1.51912
12	6	2	4	1.44981
18	10	4	5	1.63011
19	11	5	0	1.56767
1	1	0	1	1.37532
4	3	1	1	1.62841
6	4	1	3	1.40292
15	8	3	5	1.51696
20	11	5	0	0.66312
2	2	0	2	1.5296
8	5	2	2	0
7	5	2	2	1.55449
11	6	2	4	1.16654
18	10	4	5	1.44379
19	11	5	0	1.45953
1	1	0	1	1.42498
5	4	1	3	0
15	8	3	5	1.50931
20	11	5	0	1.26986
1	1	0	1	1.57133
5	4	1	3	0.660486
15	8	3	5	1.55213
20	11	5	0	1.23548
2	2	0	2	1.5599
12	6	2	4	1.42556
17	9	4	3	1.59859
14	7	3	2	1.54
10	6	2	4	1.5438
17	9	4	3	1.31553
14	7	3	2	1.51668
9	5	2	2	1.56786
7	5	2	2	0
7	5	2	2	0
11	6	2	4	1.63101
17	9	4	3	1.46427
14	7	3	2	1.54456
9	5	2	2	1.53708
11	6	2	4	1.73081
17	9	4	3	1.34436
16	8	3	5	1.53415
20	11	5	0	1.4217
2	2	0	2	1.61212
8	5	2	2	0
11	6	2	4	1.60497
17	9	4	3	1.27733
14	7	3	2	1.53465
10	6	2	4	1.54301
18	10	4	5	1.22233
19	11	5	0	1.47331
2	2	0	2	1.48631
12	6	2	4	1.43881
17	9	4	3	1.62283
16	8	3	5	1.54791
20	11	5	0	1.42202
2	2	0	2	1.61246
8	5	2	2	0
7	5	2	2	1.63093
11	6	2	4	1.50288
18	10	4	5	1.46548
19	11	5	0	1.45025
1	1	0	1	1.41456
4	3	1	1	1.43829
6	4	1	3	1.3895
13	7	3	2	0
10	6	2	4	1.4281
18	10	4	5	1.3123
19	11	5	0	1.38045
1	1	0	1	1.51253
4	3	1	1	1.43299
3	3	1	1	1.36257
3	3	1	1	1.43654
6	4	1	3	1.33682
13	7	3	2	0
9	5	2	2	1.25394
7	5	2	2	1.10703
11	6	2	4	1.46499
17	9	4	3	1.41767
16	8	3	5	1.54781
20	11	5	0	1.42382
1	1	0	1	1.61216
5	4	1	3	1.07774
13	7	3	2	0
9	5	2	2	0.41184
7	5	2	2	1.11184
11	6	2	4	1.48853
17	9	4	3	1.43071
16	8	3	5	1.54826
20	11	5	0	1.42397
2	2	0	2	1.61216
12	6	2	4	1.4873
18	10	4	5	1.60222
19	11	5	0	1.54731
2	2	0	2	1.45595
8	5	2	2	0
7	5	2	2	1.61721
7	5	2	2	0.283254
7	5	2	2	0.32779
7	5	2	2	1.22741
11	6	2	4	1.90744
17	9	4	3	1.39165
16	8	3	5	1.55587
20	11	5	0	1.42513
1	1	0	1	1.61239
4	3	1	1	1.41461
6	4	1	3	1.37583
15	8	3	5	1.51683
20	11	5	0	0.651463
2	2	0	2	1.52911
8	5	2	2	0
11	6	2	4	1.48806
18	10	4	5	1.53012
19	11	5	0	1.51654
1	1	0	1	1.51654
4	3	1	1	1.75436
3	3	1	1	1.36182
3	3	1	1	1.43015
3	3	1	1	1.47463
3	3	1	1	1.49415
6	4	1	3	1.33113
13	7	3	2	0
9	5	2	2	1.11085
11	6	2	4	1.33369
17	9	4	3	1.17231
14	7	3	2	1.53931
10	6	2	4	1.54516
17	9	4	3	1.31095
14	7	3	2	1.51165
9	5	2	2	1.56855
11	6	2	4	1.36781
17	9	4	3	1.28258
14	7	3	2	1.53087
10	6	2	4	1.54707
18	10	4	5	1.21363
19	11	5	0	1.47181
2	2	0	2	1.48613
8	5	2	2	0
11	6	2	4	1.57871
18	10	4	5	1.27923
19	11	5	0	1.51914
2	2	0	2	1.51881
12	6	2	4	1.44986
17	9	4	3	1.62817
16	8	3	5	1.54535
20	11	5	0	1.42198
2	2	0	2	1.61249
8	5	2	2	0
7	5	2	2	1.63097
11	6	2	4	1.50284
18	10	4	5	1.46551
19	11	5	0	1.45024
1	1	0	1	1.41454
5	4	1	3	0
15	8	3	5	1.51273
20	11	5	0	1.26841
2	2	0	2	1.5707
12	6	2	4	1.4279
18	10	4	5	1.61676
19	11	5	0	1.55878
2	2	0	2	1.42241
8	5	2	2	0
11	6	2	4	1.53996
17	9	4	3	1.23644
16	8	3	5	1.52991
20	11	5	0	1.42239
1	1	0	1	1.61204
4	3	1	1	1.4151
3	3	1	1	1.37482
6	4	1	3	0.956941
13	7	3	2	0
10	6	2	4	1.4222
18	10	4	5	1.34179
19	11	5	0	1.42238
1	1	0	1	1.50254
5	4	1	3	0
15	8	3	5	1.50632
20	11	5	0	1.27006
1	1	0	1	1.57577
4	3	1	1	1.32585
6	4	1	3	1.41536
15	8	3	5	1.5169
20	11	5	0	0.693565
1	1	0	1	1.53086
4	3	1	1	1.36676
3	3	1	1	1.39288
3	3	1	1	1.43143
3	3	1	1	1.46639
6	4	1	3	1.21646
15	8	3	5	1.52313
20	11	5	0	0.903274
1	1	0	1	1.54615
4	3	1	1	1.34644
3	3	1	1	1.4139
3	3	1	1	1.42948
6	4	1	3	1.33003
13	7	3	2	0
9	5	2	2	1.25713
11	6	2	4	1.33274
17	9	4	3	0.92239
14	7	3	2	1.53978
9	5	2	2	1.54521
7	5	2	2	0.30484
11	6	2	4	1.41897
17	9	4	3	1.369
16	8	3	5	1.54843
20	11	5	0	1.42241
1	1	0	1	1.61246
5	4	1	3	1.07964
15	8	3	5	1.53379
20	11	5	0	1.24957
1	1	0	1	1.57065
5	4	1	3	0.638495
13	7	3	2	0
10	6	2	4	1.67929
18	10	4	5	1.29462
19	11	5	0	1.4696
2	2	0	2	1.48277
12	6	2	4	1.45189
18	10	4	5	1.63098
19	11	5	0	1.56824
2	2	0	2	1.41132
8	5	2	2	0
11	6	2	4	1.50253
18	10	4	5	1.51992
19	11	5	0	1.51829
2	2	0	2	1.5181
8	5	2	2	0
11	6	2	4	1.58045
18	10	4	5	1.28954
19	11	5	0	1.52141
1	1	0	1	1.51985
4	3	1	1	1.74779
6	4	1	3	1.34812
13	7	3	2	0
10	6	2	4	1.42741
18	10	4	5	1.32489
19	11	5	0	1.43066
2	2	0	2	1.50076
8	5	2	2	0
7	5	2	2	1.618
11	6	2	4	1.68138
17	9	4	3	1.40998
16	8	3	5	1.55119
20	11	5	0	1.41912
2	2	0	2	1.61251
8	5	2	2	0
11	6	2	4	1.60353
17	9	4	3	1.27543
16	8	3	5	1.53476
20	11	5	0	1.42354
1	1	0	1	1.61212
5	4	1	3	1.07903
13	7	3	2	0
10	6	2	4	1.69781
17	9	4	3	1.35809
16	8	3	5	1.48138
20	11	5	0	1.75603
2	2	0	2	1.60071
12	6	2	4	1.46609
17	9	4	3	1.60349
16	8	3	5	1.54626
20	11	5	0	1.42096
1	1	0	1	1.61264
5	4	1	3	1.07788
13	7	3	2	0
10	6	2	4	1.69781
17	9	4	3	1.3581
16	8	3	5	1.48138
20	11	5	0	1.75601
1	1	0	1	1.60073
4	3	1	1	1.39943
6	4	1	3	1.37786
13	7	3	2	0
10	6	2	4	1.42793
18	10	4	5	1.31222
19	11	5	0	1.3807
2	2	0	2	1.51257
8	5	2	2	0
11	6	2	4	1.581
17	9	4	3	1.24501
14	7	3	2	1.52977
9	5	2	2	1.54243
11	6	2	4	1.70998
18	10	4	5	1.39298
19	11	5	0	1.51904
2	2	0	2	1.49229
8	5	2	2	0
11	6	2	4	1.57414
17	9	4	3	1.24806
16	8	3	5	1.52933
20	11	5	0	1.42302
2	2	0	2	1.61205
8	5	2	2	0
11	6	2	4	1.60452
17	9	4	3	1.27682
16	8	3	5	1.53468
20	11	5	0	1.42357
2	2	0	2	1.6121
8	5	2	2	0
7	5	2	2	1.63146
7	5	2	2	0.318745
11	6	2	4	1.86404
18	10	4	5	1.42178
19	11	5	0	1.51756
1	1	0	1	1.47777
5	4	1	3	0.295224
15	8	3	5	1.50934
20	11	5	0	1.27055
2	2	0	2	1.5764
12	6	2	4	1.42889
18	10	4	5	1.61135
19	11	5	0	1.55895
1	1	0	1	1.41437
5	4	1	3	0.368594
13	7	3	2	0
10	6	2	4	1.66551
18	10	4	5	1.29527
19	11	5	0	1.46953
2	2	0	2	1.4828
8	5	2	2	0
11	6	2	4	1.59503
17	9	4	3	1.26032
16	8	3	5	1.52951
20	11	5	0	1.42302
1	1	0	1	1.61209
4	3	1	1	1.41505
6	4	1	3	1.37567
13	7	3	2	0
10	6	2	4	1.42803
17	9	4	3	1.36295
14	7	3	2	1.47869
10	6	2	4	1.569
18	10	4	5	1.14257
19	11	5	0	1.46514
1	1	0	1	1.48559
5	4	1	3	0
15	8	3	5	1.50755
20	11	5	0	1.26964
1	1	0	1	1.57552
5	4	1	3	0.66399
15	8	3	5	1.55351
20	11	5	0	1.22494
1	1	0	1	1.55891
5	4	1	3	0.637361
13	7	3	2	0
10	6	2	4	1.68556
17	9	4	3	1.35855
16	8	3	5	1.48172
20	11	5	0	1.74248
2	2	0	2	1.60189
12	6	2	4	1.46702
18	10	4	5	1.604
19	11	5	0	1.55629
1	1	0	1	1.43511
4	3	1	1	1.7224
6	4	1	3	1.38361
15	8	3	5	1.51635
20	11	5	0	0.656308
1	1	0	1	1.52913
5	4	1	3	0.667379
15	8	3	5	1.54959
20	11	5	0	1.24801
1	1	0	1	1.56305
5	4	1	3	0.641915
13	7	3	2	0
9	5	2	2	0.404044
11	6	2	4	1.34217
17	9	4	3	1.17781
16	8	3	5	1.53228
20	11	5	0	1.4246
2	2	0	2	1.61222
12	6	2	4	1.4885
17	9	4	3	1.6021
14	7	3	2	1.54703
10	6	2	4	1.54104
18	10	4	5	1.22783
19	11	5	0	1.47368
1	1	0	1	1.48559
4	3	1	1	1.43042
6	4	1	3	1.35204
15	8	3	5	1.51704
20	11	5	0	0.640874
1	1	0	1	1.52876
5	4	1	3	0.665192
13	7	3	2	0
10	6	2	4	1.69343
17	9	4	3	1.35729
14	7	3	2	1.4816
10	6	2	4	1.57046
18	10	4	5	1.13463
19	11	5	0	1.46459
2	2	0	2	1.48618
8	5	2	2	0
11	6	2	4	1.57694
18	10	4	5	1.27899
19	11	5	0	1.5191
2	2	0	2	1.51878
12	6	2	4	1.44986
17	9	4	3	1.62817
16	8	3	5	1.54535
20	11	5	0	1.42198
1	1	0	1	1.61252
5	4	1	3	1.07372
13	7	3	2	0
9	5	2	2	0.411791
11	6	2	4	1.34569
17	9	4	3	1.18365
14	7	3	2	1.53297
10	6	2	4	1.54477
17	9	4	3	1.31078
14	7	3	2	1.51184
10	6	2	4	1.56861
18	10	4	5	1.14034
19	11	5	0	1.46494
2	2	0	2	1.48604
8	5	2	2	0
7	5	2	2	1.61646
7	5	2	2	0.285612
7	5	2	2	0.345008
7	5	2	2	1.22181
7	5	2	2	0.410481
11	6	2	4	1.62571
18	10	4	5	1.4668
19	11	5	0	1.46056
1	1	0	1	1.42171
5	4	1	3	0
15	8	3	5	1.51124
20	11	5	0	1.26904
1	1	0	1	1.57096
4	3	1	1	1.3572
6	4	1	3	1.41194
13	7	3	2	0
10	6	2	4	1.42731
18	10	4	5	1.32455
19	11	5	0	1.43081
2	2	0	2	1.50071
12	6	2	4	1.44001
18	10	4	5	1.62561
19	11	5	0	1.56643
1	1	0	1	1.38311
4	3	1	1	1.64667
6	4	1	3	1.40169
13	7	3	2	0
9	5	2	2	1.35969
7	5	2	2	1.01469
11	6	2	4	1.4828
17	9	4	3	1.41037
14	7	3	2	1.54509
10	6	2	4	1.5381
18	10	4	5	1.22524
19	11	5	0	1.47387
2	2	0	2	1.48605
8	5	2	2	0
7	5	2	2	1.61776
11	6	2	4	1.43085
17	9	4	3	1.40945
16	8	3	5	1.55121
20	11	5	0	1.41913
1	1	0	1	1.61254
5	4	1	3	1.07668
15	8	3	5	1.53404
20	11	5	0	1.24942
1	1	0	1	1.5706
4	3	1	1	1.32178
6	4	1	3	1.41649
15	8	3	5	1.5169
20	11	5	0	0.694494
1	1	0	1	1.5309
5	4	1	3	0.677784
15	8	3	5	1.54907
20	11	5	0	1.2489
2	2	0	2	1.56354
8	5	2	2	0
11	6	2	4	1.48332
18	10	4	5	1.52978
19	11	5	0	1.51656
1	1	0	1	1.51658
5	4	1	3	0.322017
13	7	3	2	0
10	6	2	4	1.68367
17	9	4	3	1.3582
16	8	3	5	1.48139
20	11	5	0	1.75627
2	2	0	2	1.60068
12	6	2	4	1.46607
17	9	4	3	1.60348
14	7	3	2	1.54626
9	5	2	2	1.54101
7	5	2	2	0.339314
11	6	2	4	1.41973
18	10	4	5	1.40533
19	11	5	0	1.50816
1	1	0	1	1.47931
4	3	1	1	1.7247
6	4	1	3	1.36225
15	8	3	5	1.51675
20	11	5	0	0.708766
2	2	0	2	1.53178
12	6	2	4	1.42314
18	10	4	5	1.59831
19	11	5	0	1.55629
1	1	0	1	1.42507
4	3	1	1	1.73515
3	3	1	1	1.38309
6	4	1	3	0.729206
15	8	3	5	1.52683
20	11	5	0	0.921825
1	1	0	1	1.54867
4	3	1	1	1.35229
3	3	1	1	1.41239
6	4	1	3	0.743313
15	8	3	5	1.52776
20	11	5	0	0.921773
2	2	0	2	1.54869
12	6	2	4	1.42347
17	9	4	3	1.59493
16	8	3	5	1.53993
20	11	5	0	1.42191
1	1	0	1	1.61269
5	4	1	3	1.07589
15	8	3	5	1.53408
20	11	5	0	1.24942
1	1	0	1	1.5706
4	3	1	1	1.32178
6	4	1	3	1.41649
15	8	3	5	1.5169
20	11	5	0	0.694489
1	1	0	1	1.5309
4	3	1	1	1.36679
6	4	1	3	1.39195
13	7	3	2	0
9	5	2	2	1.36028
7	5	2	2	1.06926
7	5	2	2	0
7	5	2	2	0.396073
7	5	2	2	0.669384
7	5	2	2	0.672518
7	5	2	2	0.356305
11	6	2	4	1.60298
17	9	4	3	1.42671
14	7	3	2	1.55034
10	6	2	4	1.53753
18	10	4	5	1.22824
19	11	5	0	1.47397
1	1	0	1	1.48545
4	3	1	1	1.43017
6	4	1	3	1.35206
13	7	3	2	0
10	6	2	4	1.4281
18	10	4	5	1.31233
19	11	5	0	1.38047
1	1	0	1	1.51252
5	4	1	3	0
13	7	3	2	0
9	5	2	2	0.414088
11	6	2	4	1.34528
17	9	4	3	1.17844
14	7	3	2	1.53641
10	6	2	4	1.54445
18	10	4	5	1.21531
19	11	5	0	1.47211
2	2	0	2	1.48618
8	5	2	2	0
11	6	2	4	1.57866
18	10	4	5	1.27922
19	11	5	0	1.51914
2	2	0	2	1.51881
12	6	2	4	1.44986
17	9	4	3	1.62817
16	8	3	5	1.54535
20	11	5	0	1.42198
2	2	0	2	1.61249
8	5	2	2	0
7	5	2	2	1.63097
7	5	2	2	0.319093
7	5	2	2	0.321626
7	5	2	2	1.22473
7	5	2	2	0.411727
7	5	2	2	1.42614
7	5	2	2	0.415376
11	6	2	4	1.61081
17	9	4	3	1.42742
14	7	3	2	1.5501
9	5	2	2	1.53745
11	6	2	4	1.72803
17	9	4	3	1.33754
16	8	3	5	1.53404
20	11	5	0	1.42307
2	2	0	2	1.61212
12	6	2	4	1.48768
18	10	4	5	1.60229
19	11	5	0	1.54731
2	2	0	2	1.45591
12	6	2	4	1.44936
17	9	4	3	1.63015
16	8	3	5	1.54493
20	11	5	0	1.4217
2	2	0	2	1.61252
12	6	2	4	1.48661
18	10	4	5	1.6037
19	11	5	0	1.54735
2	2	0	2	1.45585
8	5	2	2	0
11	6	2	4	1.57604
17	9	4	3	1.24495
14	7	3	2	1.5297
10	6	2	4	1.54239
18	10	4	5	1.22189
19	11	5	0	1.47331
2	2	0	2	1.48631
12	6	2	4	1.4388
18	10	4	5	1.6244
19	11	5	0	1.56605
1	1	0	1	1.38517
5	4	1	3	0.368237
13	7	3	2	0
9	5	2	2	0.400593
11	6	2	4	1.33937
17	9	4	3	1.18057
14	7	3	2	1.53227
10	6	2	4	1.54814
17	9	4	3	1.31088
14	7	3	2	1.51174
9	5	2	2	1.5685
11	6	2	4	1.36799
18	10	4	5	1.32648
19	11	5	0	1.52887
2	2	0	2	1.51545
12	6	2	4	1.45032
17	9	4	3	1.63065
16	8	3	5	1.54773
20	11	5	0	1.42152
1	1	0	1	1.61252
5	4	1	3	1.07354
15	8	3	5	1.53417
20	11	5	0	1.24939
2	2	0	2	1.57061
12	6	2	4	1.42766
18	10	4	5	1.60177
19	11	5	0	1.55837
1	1	0	1	1.41692
4	3	1	1	1.71397
6	4	1	3	1.38285
13	7	3	2	0
10	6	2	4	1.42804
17	9	4	3	1.36298
16	8	3	5	1.4787
20	11	5	0	1.69972
2	2	0	2	1.61663
12	6	2	4	1.47069
18	10	4	5	1.60483
19	11	5	0	1.55637
1	1	0	1	1.43462
5	4	1	3	0.337573
15	8	3	5	1.54682
20	11	5	0	1.24385
2	2	0	2	1.56319
12	6	2	4	1.4263
17	9	4	3	1.60022
16	8	3	5	1.54327
20	11	5	0	1.42167
2	2	0	2	1.61268
12	6	2	4	1.48669
17	9	4	3	1.60357
14	7	3	2	1.54694
9	5	2	2	1.54101
11	6	2	4	1.73055
18	10	4	5	1.37872
19	11	5	0	1.51838
2	2	0	2	1.49367
8	5	2	2	0
7	5	2	2	1.61656
11	6	2	4	1.50788
18	10	4	5	1.461
19	11	5	0	1.45482
1	1	0	1	1.41835
4	3	1	1	1.439
3	3	1	1	1.39099
6	4	1	3	0.727862
13	7	3	2	0
10	6	2	4	1.41645
18	10	4	5	1.33786
19	11	5	0	1.41967
1	1	0	1	1.50289
4	3	1	1	1.43048
3	3	1	1	1.36197
6	4	1	3	0.9013
13	7	3	2	0
9	5	2	2	1.01042
7	5	2	2	1.14347
7	5	2	2	0
11	6	2	4	1.63671
17	9	4	3	1.42282
14	7	3	2	1.54593
9	5	2	2	1.53783
11	6	2	4	1.7273
17	9	4	3	1.34755
16	8	3	5	1.53429
20	11	5	0	1.4217
1	1	0	1	1.61215
5	4	1	3	0.838546
13	7	3	2	0
10	6	2	4	1.6978
18	10	4	5	1.28588
19	11	5	0	1.46861
2	2	0	2	1.48219
8	5	2	2	0
11	6	2	4	1.59541
18	10	4	5	1.29183
19	11	5	0	1.51937
2	2	0	2	1.51938
12	6	2	4	1.4498
17	9	4	3	1.62814
16	8	3	5	1.54535
20	11	5	0	1.42198
2	2	0	2	1.61249
12	6	2	4	1.48659
18	10	4	5	1.60371
19	11	5	0	1.54735
1	1	0	1	1.45269
4	3	1	1	1.42391
6	4	1	3	1.3867
15	8	3	5	1.51632
20	11	5	0	0.653431
2	2	0	2	1.52914
12	6	2	4	1.42258
17	9	4	3	1.59658
14	7	3	2	1.54019
10	6	2	4	1.54384
18	10	4	5	1.22898
19	11	5	0	1.47335
1	1	0	1	1.48565
4	3	1	1	1.43063
6	4	1	3	1.35196
15	8	3	5	1.51704
20	11	5	0	0.640811
2	2	0	2	1.5289
12	6	2	4	1.42253
17	9	4	3	1.59655
14	7	3	2	1.54018
10	6	2	4	1.54384
17	9	4	3	1.3155
16	8	3	5	1.51666
20	11	5	0	1.67913
2	2	0	2	1.59942
8	5	2	2	0
11	6	2	4	1.57293
17	9	4	3	1.24217
16	8	3	5	1.52985
20	11	5	0	1.42279
1	1	0	1	1.61207
4	3	1	1	1.41505
3	3	1	1	1.37484
3	3	1	1	1.43401
6	4	1	3	1.3372
13	7	3	2	0
10	6	2	4	1.42194
17	9	4	3	1.39037
14	7	3	2	1.48065
10	6	2	4	1.56996
17	9	4	3	1.27804
14	7	3	2	1.51658
9	5	2	2	1.5692
11	6	2	4	1.37331
18	10	4	5	1.3311
19	11	5	0	1.52909
2	2	0	2	1.51547
12	6	2	4	1.45033
17	9	4	3	1.63066
14	7	3	2	1.54773
10	6	2	4	1.54596
18	10	4	5	1.21628
19	11	5	0	1.47185
2	2	0	2	1.48589
12	6	2	4	1.43877
17	9	4	3	1.62281
14	7	3	2	1.5479
10	6	2	4	1.54609
18	10	4	5	1.21634
19	11	5	0	1.47186
2	2	0	2	1.48591
8	5	2	2	0
7	5	2	2	1.61766
11	6	2	4	1.43068
18	10	4	5	1.45401
19	11	5	0	1.45358
1	1	0	1	1.41908
4	3	1	1	1.43935
3	3	1	1	1.391
3	3	1	1	1.44181
3	3	1	1	1.46609
3	3	1	1	1.49317
6	4	1	3	1.33316
15	8	3	5	1.52516
20	11	5	0	0.901821
2	2	0	2	1.54602
8	5	2	2	0
11	6	2	4	1.52197
17	9	4	3	1.48176
14	7	3	2	1.53061
10	6	2	4	1.54231
18	10	4	5	1.22209
19	11	5	0	1.4733
2	2	0	2	1.48631
12	6	2	4	1.4388
18	10	4	5	1.6244
19	11	5	0	1.56605
1	1	0	1	1.38516
5	4	1	3	0.36824
15	8	3	5	1.56678
20	11	5	0	1.19918
2	2	0	2	1.55323
12	6	2	4	1.44019
17	9	4	3	1.59719
14	7	3	2	1.53996
10	6	2	4	1.54402
17	9	4	3	1.31539
14	7	3	2	1.51683
10	6	2	4	1.56792
17	9	4	3	1.28294
14	7	3	2	1.51401
9	5	2	2	1.56935
11	6	2	4	1.37114
18	10	4	5	1.33087
19	11	5	0	1.52909
2	2	0	2	1.51544
8	5	2	2	0
7	5	2	2	1.62669
7	5	2	2	0.309628
7	5	2	2	0.310585
11	6	2	4	1.28977
17	9	4	3	1.42292
16	8	3	5	1.54924
20	11	5	0	1.42307
1	1	0	1	1.61241
5	4	1	3	1.07605
13	7	3	2	0
10	6	2	4	1.69778
18	10	4	5	1.28597
19	11	5	0	1.46862
2	2	0	2	1.48219
12	6	2	4	1.45305
17	9	4	3	1.6293
16	8	3	5	1.54385
20	11	5	0	1.4223
2	2	0	2	1.61252
8	5	2	2	0
11	6	2	4	1.60354
18	10	4	5	1.30218
19	11	5	0	1.51727
1	1	0	1	1.52028
5	4	1	3	0.312381
13	7	3	2	0
10	6	2	4	1.68337
18	10	4	5	1.28423
19	11	5	0	1.46842
1	1	0	1	1.48127
5	4	1	3	0
15	8	3	5	1.51199
20	11	5	0	1.27148
2	2	0	2	1.57043
8	5	2	2	0
7	5	2	2	1.55482
11	6	2	4	1.16414
18	10	4	5	1.44321
19	11	5	0	1.45938
2	2	0	2	1.43156
12	6	2	4	1.45004
17	9	4	3	1.62757
14	7	3	2	1.54455
10	6	2	4	1.54638
17	9	4	3	1.31089
14	7	3	2	1.51284
9	5	2	2	1.5682
7	5	2	2	0
7	5	2	2	0
11	6	2	4	1.63039
18	10	4	5	1.48123
19	11	5	0	1.52629
1	1	0	1	1.47209
5	4	1	3	0.300579
15	8	3	5	1.51212
20	11	5	0	1.26936
2	2	0	2	1.57574
8	5	2	2	0
7	5	2	2	1.55322
11	6	2	4	1.16387
18	10	4	5	1.44314
19	11	5	0	1.45942
2	2	0	2	1.43164
8	5	2	2	0
11	6	2	4	1.5668
17	9	4	3	1.24441
16	8	3	5	1.52944
20	11	5	0	1.42295
1	1	0	1	1.61207
4	3	1	1	1.41507
6	4	1	3	1.37566
13	7	3	2	0
10	6	2	4	1.42803
17	9	4	3	1.36295
16	8	3	5	1.47869
20	11	5	0	1.69961
2	2	0	2	1.61663
12	6	2	4	1.4707
18	10	4	5	1.60482
19	11	5	0	1.55637
2	2	0	2	1.43935
12	6	2	4	1.45217
18	10	4	5	1.63509
19	11	5	0	1.56884
1	1	0	1	1.38917
5	4	1	3	0.70352
15	8	3	5	1.56755
20	11	5	0	0.919736
2	2	0	2	1.54874
12	6	2	4	1.44214
18	10	4	5	1.59737
19	11	5	0	1.55779
1	1	0	1	1.40913
4	3	1	1	1.69525
3	3	1	1	1.39783
6	4	1	3	0.724536
13	7	3	2	0
10	6	2	4	1.41603
18	10	4	5	1.33766
19	11	5	0	1.41955
1	1	0	1	1.50291
5	4	1	3	0
13	7	3	2	0
9	5	2	2	0.413877
11	6	2	4	1.34519
17	9	4	3	1.1783
14	7	3	2	1.53639
9	5	2	2	1.54441
11	6	2	4	1.71428
17	9	4	3	1.33566
14	7	3	2	1.5303
9	5	2	2	1.54586
7	5	2	2	0.318085
11	6	2	4	1.41947
17	9	4	3	1.37026
14	7	3	2	1.54851
9	5	2	2	1.53743
11	6	2	4	1.72146
17	9	4	3	1.34841
14	7	3	2	1.53452
9	5	2	2	1.54299
11	6	2	4	1.71408
18	10	4	5	1.38939
19	11	5	0	1.51916
2	2	0	2	1.49269
8	5	2	2	0
7	5	2	2	1.61645
7	5	2	2	0.301659
11	6	2	4	1.8437
17	9	4	3	1.40449
14	7	3	2	1.55369
9	5	2	2	1.53515
11	6	2	4	1.73278
18	10	4	5	1.38425
19	11	5	0	1.51524
1	1	0	1	1.49082
5	4	1	3	0.274207
13	7	3	2	0
9	5	2	2	0.414476
11	6	2	4	1.34572
18	10	4	5	1.26386
19	11	5	0	1.51573
1	1	0	1	1.5041
5	4	1	3	0.275511
15	8	3	5	1.50555
20	11	5	0	1.2711
2	2	0	2	1.57681
12	6	2	4	1.42899
17	9	4	3	1.61016
14	7	3	2	1.54331
10	6	2	4	1.54368
18	10	4	5	1.22917
19	11	5	0	1.47336
2	2	0	2	1.48618
12	6	2	4	1.43882
18	10	4	5	1.62441
19	11	5	0	1.56605
1	1	0	1	1.38522
5	4	1	3	0.368216
13	7	3	2	0
9	5	2	2	0.400599
7	5	2	2	1.06833
11	6	2	4	1.48827
18	10	4	5	1.44817
19	11	5	0	1.50902
2	2	0	2	1.4749
12	6	2	4	1.45013
18	10	4	5	1.6301
19	11	5	0	1.56773
2	2	0	2	1.39098
8	5	2	2	0
11	6	2	4	1.49972
17	9	4	3	1.47589
16	8	3	5	1.53324
20	11	5	0	1.42222
1	1	0	1	1.61204
5	4	1	3	1.07934
13	7	3	2	0
9	5	2	2	0.411845
11	6	2	4	1.34571
18	10	4	5	1.26678
19	11	5	0	1.51542
1	1	0	1	1.5038
5	4	1	3	0.274954
13	7	3	2	0
9	5	2	2	0.414686
7	5	2	2	1.13151
7	5	2	2	0
11	6	2	4	1.58209
17	9	4	3	1.42052
16	8	3	5	1.54562
20	11	5	0	1.4251
2	2	0	2	1.61227
12	6	2	4	1.48787
17	9	4	3	1.60202
16	8	3	5	1.54698
20	11	5	0	1.42189
1	1	0	1	1.61259
4	3	1	1	1.41493
3	3	1	1	1.37498
3	3	1	1	1.43402
6	4	1	3	1.33721
15	8	3	5	1.52607
20	11	5	0	0.898443
1	1	0	1	1.54576
5	4	1	3	0.61554
15	8	3	5	1.55301
20	11	5	0	1.23287
2	2	0	2	1.55929
12	6	2	4	1.42542
17	9	4	3	1.59841
14	7	3	2	1.54
10	6	2	4	1.5438
17	9	4	3	1.31553
16	8	3	5	1.51667
20	11	5	0	1.67894
2	2	0	2	1.59943
12	6	2	4	1.46667
18	10	4	5	1.60392
19	11	5	0	1.55619
1	1	0	1	1.43525
5	4	1	3	0.338226
13	7	3	2	0
10	6	2	4	1.67319
17	9	4	3	1.35915
16	8	3	5	1.48109
20	11	5	0	1.74668
1	1	0	1	1.60159
5	4	1	3	0.969176
15	8	3	5	1.53885
20	11	5	0	1.24578
1	1	0	1	1.56495
5	4	1	3	0.633694
13	7	3	2	0
9	5	2	2	0.403845
11	6	2	4	1.34227
18	10	4	5	1.26631
19	11	5	0	1.51417
1	1	0	1	1.50273
4	3	1	1	1.70361
3	3	1	1	1.36464
6	4	1	3	0.879891
15	8	3	5	1.5226
20	11	5	0	0.895799
1	1	0	1	1.54506
5	4	1	3	0.635232
13	7	3	2	0
10	6	2	4	1.68666
18	10	4	5	1.29203
19	11	5	0	1.46943
1	1	0	1	1.48188
5	4	1	3	0
15	8	3	5	1.5109
20	11	5	0	1.27191
1	1	0	1	1.57063
4	3	1	1	1.35635
3	3	1	1	1.41527
3	3	1	1	1.43364
3	3	1	1	1.46658
3	3	1	1	1.49295
3	3	1	1	1.4936
3	3	1	1	1.49629
3	3	1	1	1.49574
6	4	1	3	1.32085
15	8	3	5	1.52445
20	11	5	0	0.902745
1	1	0	1	1.54606
4	3	1	1	1.34563
6	4	1	3	1.41124
13	7	3	2	0
10	6	2	4	1.42734
17	9	4	3	1.381
14	7	3	2	1.48627
9	5	2	2	1.5693
11	6	2	4	1.3482
18	10	4	5	1.31278
19	11	5	0	1.52595
2	2	0	2	1.51646
8	5	2	2	0
7	5	2	2	1.61887
11	6	2	4	1.50383
18	10	4	5	1.46054
19	11	5	0	1.45435
2	2	0	2	1.42666
8	5	2	2	0
11	6	2	4	1.56586
17	9	4	3	1.24415
16	8	3	5	1.52945
20	11	5	0	1.42294
2	2	0	2	1.61204
12	6	2	4	1.48721
17	9	4	3	1.60215
14	7	3	2	1.54697
9	5	2	2	1.54101
7	5	2	2	0.336785
7	5	2	2	0
11	6	2	4	1.69624
17	9	4	3	1.4557
16	8	3	5	1.5487
20	11	5	0	1.42288
2	2	0	2	1.61251
8	5	2	2	0
11	6	2	4	1.60466
18	10	4	5	1.30346
19	11	5	0	1.51714
1	1	0	1	1.52036
5	4	1	3	0.312126
15	8	3	5	1.50382
20	11	5	0	1.29566
2	2	0	2	1.57823
12	6	2	4	1.42929
18	10	4	5	1.61723
19	11	5	0	1.55912
1	1	0	1	1.4133
5	4	1	3	0.368711
15	8	3	5	1.5601
20	11	5	0	1.21993
1	1	0	1	1.55723
5	4	1	3	0.626955
13	7	3	2	0
9	5	2	2	0.403884
11	6	2	4	1.34207
17	9	4	3	1.17761
14	7	3	2	1.53227
10	6	2	4	1.54331
18	10	4	5	1.21604
19	11	5	0	1.47222
2	2	0	2	1.48618
8	5	2	2	0
11	6	2	4	1.57869
18	10	4	5	1.27923
19	11	5	0	1.51914
2	2	0	2	1.51881
8	5	2	2	0
11	6	2	4	1.58024
18	10	4	5	1.28913
19	11	5	0	1.52142
1	1	0	1	1.51985
4	3	1	1	1.74781
3	3	1	1	1.36146
6	4	1	3	0.88211
13	7	3	2	0
9	5	2	2	1.21485
11	6	2	4	1.33253
18	10	4	5	0.999992
19	11	5	0	1.51949
2	2	0	2	1.52115
12	6	2	4	1.44973
18	10	4	5	1.63019
19	11	5	0	1.56769
1	1	0	1	1.37475
4	3	1	1	1.62663
3	3	1	1	1.40571
3	3	1	1	1.43512
3	3	1	1	1.46537
6	4	1	3	1.21264
15	8	3	5	1.52307
20	11	5	0	0.903267
1	1	0	1	1.54614
4	3	1	1	1.34644
6	4	1	3	1.41106
15	8	3	5	1.517
20	11	5	0	0.679444
1	1	0	1	1.5302
5	4	1	3	0.67408
15	8	3	5	1.54925
20	11	5	0	1.24856
1	1	0	1	1.56341
4	3	1	1	1.35346
3	3	1	1	1.4148
6	4	1	3	0.74464
15	8	3	5	1.52787
20	11	5	0	0.92193
2	2	0	2	1.5487
12	6	2	4	1.42347
17	9	4	3	1.59493
14	7	3	2	1.53993
10	6	2	4	1.54388
17	9	4	3	1.31548
16	8	3	5	1.51667
20	11	5	0	1.67911
1	1	0	1	1.59943
4	3	1	1	1.40106
3	3	1	1	1.37646
6	4	1	3	0.949521
13	7	3	2	0
10	6	2	4	1.42215
18	10	4	5	1.34175
19	11	5	0	1.42237
2	2	0	2	1.50278
8	5	2	2	0
7	5	2	2	1.61768
11	6	2	4	1.68134
18	10	4	5	1.45435
19	11	5	0	1.45354
2	2	0	2	1.42741
8	5	2	2	0
11	6	2	4	1.56599
17	9	4	3	1.24418
14	7	3	2	1.52945
10	6	2	4	1.54244
18	10	4	5	1.22187
19	11	5	0	1.47331
1	1	0	1	1.48576
4	3	1	1	1.43017
3	3	1	1	1.35876
3	3	1	1	1.43669
3	3	1	1	1.46801
3	3	1	1	1.49341
6	4	1	3	1.33268
13	7	3	2	0
9	5	2	2	1.11248
7	5	2	2	1.1121
7	5	2	2	0
7	5	2	2	0.399747
11	6	2	4	2.12004
18	10	4	5	1.40179
19	11	5	0	1.46429
1	1	0	1	1.4477
5	4	1	3	0
13	7	3	2	0
9	5	2	2	0.413989
11	6	2	4	1.34514
18	10	4	5	1.26355
19	11	5	0	1.51558
1	1	0	1	1.50406
4	3	1	1	1.71183
3	3	1	1	1.36468
6	4	1	3	0.880045
13	7	3	2	0
9	5	2	2	1.21829
7	5	2	2	1.12485
7	5	2	2	0
11	6	2	4	1.64082
17	9	4	3	1.42362
14	7	3	2	1.54608
9	5	2	2	1.53778
7	5	2	2	0.34102
7	5	2	2	0
11	6	2	4	1.7097
17	9	4	3	1.46585
16	8	3	5	1.54565
20	11	5	0	1.42554
2	2	0	2	1.61233
12	6	2	4	1.4878
18	10	4	5	1.60217
19	11	5	0	1.54726
2	2	0	2	1.45596
8	5	2	2	0
7	5	2	2	1.61721
11	6	2	4	1.43891
18	10	4	5	1.45657
19	11	5	0	1.45332
2	2	0	2	1.4274
8	5	2	2	0
7	5	2	2	1.61614
7	5	2	2	0.251451
11	6	2	4	1.85143
18	10	4	5	1.4203
19	11	5	0	1.51702
2	2	0	2	1.47877
12	6	2	4	1.45099
17	9	4	3	1.62847
16	8	3	5	1.54494
20	11	5	0	1.42205
1	1	0	1	1.61253
4	3	1	1	1.41443
6	4	1	3	1.37593
15	8	3	5	1.51683
20	11	5	0	0.651681
1	1	0	1	1.52899
5	4	1	3	0.668263
13	7	3	2	0
10	6	2	4	1.69374
17	9	4	3	1.35725
14	7	3	2	1.48159
10	6	2	4	1.57047
17	9	4	3	1.27698
14	7	3	2	1.51672
10	6	2	4	1.56931
18	10	4	5	1.13296
19	11	5	0	1.46451
1	1	0	1	1.48536
5	4	1	3	0
13	7	3	2	0
9	5	2	2	0.413697
7	5	2	2	1.12983
7	5	2	2	0
11	6	2	4	1.58339
17	9	4	3	1.4208
16	8	3	5	1.54563
20	11	5	0	1.42511
2	2	0	2	1.61227
12	6	2	4	1.48787
18	10	4	5	1.60219
19	11	5	0	1.54726
1	1	0	1	1.45279
4	3	1	1	1.42392
6	4	1	3	1.38668
15	8	3	5	1.51632
20	11	5	0	0.653448
2	2	0	2	1.52915
8	5	2	2	0
11	6	2	4	1.48758
17	9	4	3	1.48152
14	7	3	2	1.53387
9	5	2	2	1.5421
7	5	2	2	0.291446
7	5	2	2	0
11	6	2	4	1.7003
17	9	4	3	1.46773
14	7	3	2	1.54587
9	5	2	2	1.53741
7	5	2	2	0.346933
11	6	2	4	1.42754
17	9	4	3	1.37536
16	8	3	5	1.54519
20	11	5	0	1.42234
1	1	0	1	1.61247
5	4	1	3	1.07956
13	7	3	2	0
10	6	2	4	1.69777
18	10	4	5	1.28593
19	11	5	0	1.46861
1	1	0	1	1.48136
4	3	1	1	1.4223
6	4	1	3	1.35668
13	7	3	2	0
10	6	2	4	1.42812
17	9	4	3	1.36301
14	7	3	2	1.47864
9	5	2	2	1.56866
11	6	2	4	1.34211
18	10	4	5	1.31094
19	11	5	0	1.5255
2	2	0	2	1.51657
8	5	2	2	0
11	6	2	4	1.57973
17	9	4	3	1.25638
14	7	3	2	1.52921
9	5	2	2	1.54252
11	6	2	4	1.70995
18	10	4	5	1.39291
19	11	5	0	1.51904
1	1	0	1	1.49204
4	3	1	1	1.71621
3	3	1	1	1.36765
3	3	1	1	1.42793
3	3	1	1	1.46637
3	3	1	1	1.49318
3	3	1	1	1.49373
3	3	1	1	1.49637
3	3	1	1	1.49576
3	3	1	1	1.49604
3	3	1	1	1.49587
6	4	1	3	1.3217
15	8	3	5	1.5245
20	11	5	0	0.902727
2	2	0	2	1.54614
12	6	2	4	1.44125
18	10	4	5	1.59587
19	11	5	0	1.55729
1	1	0	1	1.41255
5	4	1	3	0.367517
15	8	3	5	1.56061
20	11	5	0	1.21815
2	2	0	2	1.55686
8	5	2	2	0
11	6	2	4	1.48116
18	10	4	5	1.52907
19	11	5	0	1.51654
1	1	0	1	1.51652
4	3	1	1	1.75443
3	3	1	1	1.36181
3	3	1	1	1.43015
6	4	1	3	1.33919
13	7	3	2	0
10	6	2	4	1.4223
18	10	4	5	1.34349
19	11	5	0	1.42233
1	1	0	1	1.50267
4	3	1	1	1.43039
3	3	1	1	1.36213
3	3	1	1	1.43619
3	3	1	1	1.46768
6	4	1	3	1.21305
13	7	3	2	0
10	6	2	4	1.4159
18	10	4	5	1.34248
19	11	5	0	1.4205
1	1	0	1	1.50297
5	4	1	3	0
13	7	3	2	0
9	5	2	2	0.413871
11	6	2	4	1.34519
17	9	4	3	1.17829
16	8	3	5	1.53639
20	11	5	0	1.42479
2	2	0	2	1.61223
12	6	2	4	1.48844
17	9	4	3	1.60209
16	8	3	5	1.54702
20	11	5	0	1.42188
1	1	0	1	1.61259
5	4	1	3	1.07813
15	8	3	5	1.53394
20	11	5	0	1.24948
1	1	0	1	1.57062
5	4	1	3	0.638406
15	8	3	5	1.55385
20	11	5	0	1.22234
2	2	0	2	1.55834
8	5	2	2	0
7	5	2	2	1.54749
11	6	2	4	1.16555
18	10	4	5	1.45247
19	11	5	0	1.46251
2	2	0	2	1.43208
8	5	2	2	0
11	6	2	4	1.56678
17	9	4	3	1.24438
16	8	3	5	1.52944
20	11	5	0	1.42295
2	2	0	2	1.61204
8	5	2	2	0
7	5	2	2	1.63147
11	6	2	4	1.50145
17	9	4	3	1.42228
14	7	3	2	1.55262
9	5	2	2	1.53828
7	5	2	2	0.347473
11	6	2	4	1.4227
18	10	4	5	1.40637
19	11	5	0	1.50832
2	2	0	2	1.47963
8	5	2	2	0
7	5	2	2	1.61616
11	6	2	4	1.50875
17	9	4	3	1.42086
16	8	3	5	1.55322
20	11	5	0	1.42039
1	1	0	1	1.61253
5	4	1	3	1.07669
13	7	3	2	0
9	5	2	2	0.411806
11	6	2	4	1.3457
18	10	4	5	1.26679
19	11	5	0	1.51542
1	1	0	1	1.5038
5	4	1	3	0.274947
13	7	3	2	0
9	5	2	2	0.414686
11	6	2	4	1.34583
17	9	4	3	1.17935
14	7	3	2	1.53651
10	6	2	4	1.54454
18	10	4	5	1.2152
19	11	5	0	1.4721
1	1	0	1	1.48561
5	4	1	3	0
15	8	3	5	1.50654
20	11	5	0	1.26991
2	2	0	2	1.5757
8	5	2	2	0
11	6	2	4	1.48466
18	10	4	5	1.53061
19	11	5	0	1.5166
2	2	0	2	1.51665
12	6	2	4	1.45006
18	10	4	5	1.63032
19	11	5	0	1.56772
2	2	0	2	1.3912
8	5	2	2	0
7	5	2	2	1.58306
11	6	2	4	1.17118
17	9	4	3	1.41187
16	8	3	5	1.55415
20	11	5	0	1.41958
2	2	0	2	1.61251
12	6	2	4	1.48638
17	9	4	3	1.60363
16	8	3	5	1.54693
20	11	5	0	1.42189
1	1	0	1	1.61259
4	3	1	1	1.41493
3	3	1	1	1.37499
6	4	1	3	0.95681
13	7	3	2	0
10	6	2	4	1.42219
18	10	4	5	1.34178
19	11	5	0	1.42237
1	1	0	1	1.50254
4	3	1	1	1.4304
3	3	1	1	1.36207
6	4	1	3	0.901281
13	7	3	2	0
10	6	2	4	1.41738
17	9	4	3	1.38661
14	7	3	2	1.48171
10	6	2	4	1.56995
17	9	4	3	1.27802
14	7	3	2	1.51653
9	5	2	2	1.56921
11	6	2	4	1.37325
17	9	4	3	1.28801
16	8	3	5	1.53093
20	11	5	0	1.42486
2	2	0	2	1.61215
8	5	2	2	0
7	5	2	2	1.63176
11	6	2	4	1.50092
17	9	4	3	1.42246
16	8	3	5	1.55261
20	11	5	0	1.41912
2	2	0	2	1.61255
12	6	2	4	1.48652
17	9	4	3	1.6023
16	8	3	5	1.54692
20	11	5	0	1.4219
1	1	0	1	1.61259
4	3	1	1	1.41493
6	4	1	3	1.37578
15	8	3	5	1.51682
20	11	5	0	0.651384
2	2	0	2	1.52911
8	5	2	2	0
11	6	2	4	1.48806
18	10	4	5	1.53012
19	11	5	0	1.51654
2	2	0	2	1.51653
8	5	2	2	0
7	5	2	2	1.61917
7	5	2	2	0.300399
11	6	2	4	1.83791
17	9	4	3	1.4046
14	7	3	2	1.55369
10	6	2	4	1.53549
18	10	4	5	1.22727
19	11	5	0	1.47421
1	1	0	1	1.48537
4	3	1	1	1.43002
3	3	1	1	1.35858
3	3	1	1	1.43669
3	3	1	1	1.46802
3	3	1	1	1.49341
6	4	1	3	1.33268
15	8	3	5	1.52513
20	11	5	0	0.901856
1	1	0	1	1.54595
5	4	1	3	0.605666
15	8	3	5	1.55335
20	11	5	0	1.23085
1	1	0	1	1.55884
4	3	1	1	1.35274
3	3	1	1	1.41404
3	3	1	1	1.4335
6	4	1	3	1.33015
13	7	3	2	0
9	5	2	2	1.25629
11	6	2	4	1.33276
18	10	4	5	0.999992
19	11	5	0	1.51978
2	2	0	2	1.52105
8	5	2	2	0
7	5	2	2	1.61862
7	5	2	2	0.300895
11	6	2	4	1.83963
18	10	4	5	1.42075
19	11	5	0	1.51701
2	2	0	2	1.47853
8	5	2	2	0
7	5	2	2	1.6158
7	5	2	2	0.299993
7	5	2	2	0.29619
7	5	2	2	1.23646
11	6	2	4	1.90071
17	9	4	3	1.39131
16	8	3	5	1.55587
20	11	5	0	1.42513
1	1	0	1	1.61239
4	3	1	1	1.41462
6	4	1	3	1.37583
13	7	3	2	0
9	5	2	2	1.36152
11	6	2	4	1.32876
17	9	4	3	1.20115
16	8	3	5	1.53876
20	11	5	0	1.42437
2	2	0	2	1.61223
12	6	2	4	1.48799
18	10	4	5	1.60228
19	11	5	0	1.54727
2	2	0	2	1.4559
8	5	2	2	0
11	6	2	4	1.57607
17	9	4	3	1.24496
14	7	3	2	1.5297
10	6	2	4	1.54239
17	9	4	3	1.31
16	8	3	5	1.51024
20	11	5	0	1.69733
1	1	0	1	1.59254
5	4	1	3	0.965531
13	7	3	2	0
9	5	2	2	0.410546
11	6	2	4	1.34517
18	10	4	5	1.26689
19	11	5	0	1.51527
2	2	0	2	1.50382
12	6	2	4	1.4482
18	10	4	5	1.63767
19	11	5	0	1.56807
2	2	0	2	1.40957
8	5	2	2	0
11	6	2	4	1.50257
17	9	4	3	1.47549
16	8	3	5	1.5332
20	11	5	0	1.42226
1	1	0	1	1.61205
5	4	1	3	1.07935
15	8	3	5	1.53381
20	11	5	0	1.24951
1	1	0	1	1.57063
4	3	1	1	1.32176
3	3	1	1	1.41937
3	3	1	1	1.42659
6	4	1	3	1.32891
15	8	3	5	1.52613
20	11	5	0	0.896568
1	1	0	1	1.54564
4	3	1	1	1.35012
3	3	1	1	1.41236
6	4	1	3	0.738525
13	7	3	2	0
9	5	2	2	0.969271
7	5	2	2	1.14841
11	6	2	4	1.47816
17	9	4	3	1.42213
16	8	3	5	1.54805
20	11	5	0	1.42393
2	2	0	2	1.61215
12	6	2	4	1.48731
18	10	4	5	1.60222
19	11	5	0	1.54731
1	1	0	1	1.45279
5	4	1	3	0
15	8	3	5	1.5238
20	11	5	0	1.26222
2	2	0	2	1.56824
8	5	2	2	0
11	6	2	4	1.48554
17	9	4	3	1.48224
16	8	3	5	1.53384
20	11	5	0	1.42178
1	1	0	1	1.61204
5	4	1	3	1.07902
13	7	3	2	0
9	5	2	2	0.41184
11	6	2	4	1.34571
17	9	4	3	1.18365
16	8	3	5	1.53297
20	11	5	0	1.42484
1	1	0	1	1.61226
5	4	1	3	0.83746
15	8	3	5	1.53327
20	11	5	0	1.24992
1	1	0	1	1.57077
4	3	1	1	1.32175
6	4	1	3	1.4165
13	7	3	2	0
10	6	2	4	1.42694
17	9	4	3	1.38062
14	7	3	2	1.48644
10	6	2	4	1.56959
17	9	4	3	1.27899
16	8	3	5	1.51608
20	11	5	0	1.73289
1	1	0	1	1.58958
5	4	1	3	0.929091
15	8	3	5	1.54021
20	11	5	0	1.24459
2	2	0	2	1.56453
8	5	2	2	0
11	6	2	4	1.48354
17	9	4	3	1.48164
14	7	3	2	1.53385
10	6	2	4	1.54211
18	10	4	5	1.22198
19	11	5	0	1.4733
1	1	0	1	1.48576
5	4	1	3	0
15	8	3	5	1.50616
20	11	5	0	1.27002
2	2	0	2	1.57576
8	5	2	2	0
11	6	2	4	1.48468
17	9	4	3	1.48235
16	8	3	5	1.53383
20	11	5	0	1.42179
2	2	0	2	1.61201
12	6	2	4	1.48702
18	10	4	5	1.60235
19	11	5	0	1.54737
2	2	0	2	1.4559
12	6	2	4	1.44938
18	10	4	5	1.63297
19	11	5	0	1.56842
2	2	0	2	1.40455
12	6	2	4	1.45793
17	9	4	3	1.6439
16	8	3	5	1.53909
20	11	5	0	1.42267
1	1	0	1	1.61271
5	4	1	3	1.07566
15	8	3	5	1.53405
20	11	5	0	1.24947
2	2	0	2	1.57063
12	6	2	4	1.42767
17	9	4	3	1.60093
14	7	3	2	1.54323
9	5	2	2	1.54372
11	6	2	4	1.72777
18	10	4	5	1.36924
19	11	5	0	1.52014
1	1	0	1	1.49558
4	3	1	1	1.71957
6	4	1	3	1.35744
13	7	3	2	0
10	6	2	4	1.42746
18	10	4	5	1.32494
19	11	5	0	1.4307
2	2	0	2	1.50076
12	6	2	4	1.44002
17	9	4	3	1.62394
14	7	3	2	1.54779
10	6	2	4	1.54609
17	9	4	3	1.31121
16	8	3	5	1.51264
20	11	5	0	1.69611
1	1	0	1	1.59731
5	4	1	3	0.963664
13	7	3	2	0
10	6	2	4	1.69594
18	10	4	5	1.28752
19	11	5	0	1.46876
2	2	0	2	1.48227
12	6	2	4	1.45277
17	9	4	3	1.62927
14	7	3	2	1.54387
9	5	2	2	1.54653
11	6	2	4	1.72895
18	10	4	5	1.34472
19	11	5	0	1.52106
2	2	0	2	1.50088
8	5	2	2	0
7	5	2	2	1.61713
11	6	2	4	1.50667
17	9	4	3	1.42019
14	7	3	2	1.5532
9	5	2	2	1.53847
7	5	2	2	0.345039
7	5	2	2	0
11	6	2	4	1.70022
18	10	4	5	1.46977
19	11	5	0	1.51709
2	2	0	2	1.47041
12	6	2	4	1.45074
17	9	4	3	1.62847
14	7	3	2	1.54487
10	6	2	4	1.54628
18	10	4	5	1.21577
19	11	5	0	1.47179
1	1	0	1	1.48533
4	3	1	1	1.42991
3	3	1	1	1.35881
3	3	1	1	1.43664
3	3	1	1	1.46799
6	4	1	3	1.21342
15	8	3	5	1.52304
20	11	5	0	0.903194
2	2	0	2	1.5462
8	5	2	2	0
11	6	2	4	1.5159
18	10	4	5	1.52681
19	11	5	0	1.51746
1	1	0	1	1.51711
5	4	1	3	0.32149
13	7	3	2	0
9	5	2	2	0.415337
7	5	2	2	1.13334
7	5	2	2	0
11	6	2	4	1.58117
17	9	4	3	1.42028
14	7	3	2	1.54561
9	5	2	2	1.53796
7	5	2	2	0.339099
11	6	2	4	1.42589
17	9	4	3	1.37408
14	7	3	2	1.54844
9	5	2	2	1.53749
11	6	2	4	1.72167
17	9	4	3	1.34799
14	7	3	2	1.53451
10	6	2	4	1.543
18	10	4	5	1.22471
19	11	5	0	1.47346
1	1	0	1	1.48579
5	4	1	3	0
13	7	3	2	0
10	6	2	4	1.67899
17	9	4	3	1.3577
14	7	3	2	1.48247
10	6	2	4	1.57066
17	9	4	3	1.27652
14	7	3	2	1.51682
9	5	2	2	1.56924
11	6	2	4	1.37336
17	9	4	3	1.28811
16	8	3	5	1.53094
20	11	5	0	1.42486
2	2	0	2	1.61215
8	5	2	2	0
11	6	2	4	1.60499
17	9	4	3	1.27752
16	8	3	5	1.53464
20	11	5	0	1.42358
2	2	0	2	1.6121
12	6	2	4	1.48723
18	10	4	5	1.60232
19	11	5	0	1.54735
1	1	0	1	1.45275
4	3	1	1	1.42392
6	4	1	3	1.38669
13	7	3	2	0
10	6	2	4	1.42813
18	10	4	5	1.31226
19	11	5	0	1.38039
2	2	0	2	1.51265
12	6	2	4	1.44121
18	10	4	5	1.62658
19	11	5	0	1.56672
1	1	0	1	1.38125
4	3	1	1	1.63983
3	3	1	1	1.40473
3	3	1	1	1.43529
6	4	1	3	1.33191
15	8	3	5	1.52618
20	11	5	0	0.895563
1	1	0	1	1.54548
4	3	1	1	1.35023
3	3	1	1	1.41227
6	4	1	3	0.738563
13	7	3	2	0
9	5	2	2	0.969576
7	5	2	2	1.14838
7	5	2	2	0
11	6	2	4	1.63677
17	9	4	3	1.42264
14	7	3	2	1.54591
9	5	2	2	1.53784
7	5	2	2	0.340242
7	5	2	2	0
11	6	2	4	1.70963
17	9	4	3	1.46588
16	8	3	5	1.54565
20	11	5	0	1.42554
1	1	0	1	1.61235
5	4	1	3	1.07871
13	7	3	2	0
9	5	2	2	0.411852
11	6	2	4	1.34571
17	9	4	3	1.18364
16	8	3	5	1.53297
20	11	5	0	1.42484
1	1	0	1	1.61226
4	3	1	1	1.41269
3	3	1	1	1.3749
3	3	1	1	1.43411
6	4	1	3	1.33721
15	8	3	5	1.52607
20	11	5	0	0.898448
1	1	0	1	1.54576
5	4	1	3	0.615524
13	7	3	2	0
9	5	2	2	0.403889
7	5	2	2	1.09991
7	5	2	2	0
11	6	2	4	1.58846
17	9	4	3	1.4205
14	7	3	2	1.54553
10	6	2	4	1.53815
18	10	4	5	1.22542
19	11	5	0	1.47394
1	1	0	1	1.4855
4	3	1	1	1.43016
6	4	1	3	1.35206
13	7	3	2	0
9	5	2	2	1.36245
11	6	2	4	1.32885
17	9	4	3	1.20148
14	7	3	2	1.53877
10	6	2	4	1.54938
17	9	4	3	1.31163
14	7	3	2	1.51171
9	5	2	2	1.56849
11	6	2	4	1.36799
18	10	4	5	1.32647
19	11	5	0	1.52887
2	2	0	2	1.51545
12	6	2	4	1.45032
17	9	4	3	1.63065
14	7	3	2	1.54773
10	6	2	4	1.54596
18	10	4	5	1.21628
19	11	5	0	1.47185
2	2	0	2	1.48589
8	5	2	2	0
11	6	2	4	1.57887
18	10	4	5	1.27926
19	11	5	0	1.51914
1	1	0	1	1.51882
4	3	1	1	1.74993
6	4	1	3	1.34838
13	7	3	2	0
10	6	2	4	1.42741
17	9	4	3	1.38119
14	7	3	2	1.48611
10	6	2	4	1.56961
18	10	4	5	1.13872
19	11	5	0	1.46488
2	2	0	2	1.48616
12	6	2	4	1.43885
17	9	4	3	1.62288
16	8	3	5	1.54591
20	11	5	0	1.42203
1	1	0	1	1.61249
4	3	1	1	1.41438
6	4	1	3	1.37593
15	8	3	5	1.51683
20	11	5	0	0.651671
2	2	0	2	1.52912
8	5	2	2	0
11	6	2	4	1.48807
18	10	4	5	1.53013
19	11	5	0	1.51654
2	2	0	2	1.51653
8	5	2	2	0
7	5	2	2	1.61917
11	6	2	4	1.50388
18	10	4	5	1.46067
19	11	5	0	1.4543
1	1	0	1	1.41799
4	3	1	1	1.4389
6	4	1	3	1.38948
13	7	3	2	0
10	6	2	4	1.42811
17	9	4	3	1.36301
16	8	3	5	1.47866
20	11	5	0	1.69969
1	1	0	1	1.61666
5	4	1	3	0.995323
15	8	3	5	1.53776
20	11	5	0	1.24641
2	2	0	2	1.56528
8	5	2	2	0
11	6	2	4	1.48389
18	10	4	5	1.53011
19	11	5	0	1.5166
1	1	0	1	1.51661
5	4	1	3	0.321961
13	7	3	2	0
9	5	2	2	0.415343
7	5	2	2	1.13335
7	5	2	2	0
11	6	2	4	1.58115
17	9	4	3	1.42028
16	8	3	5	1.54561
20	11	5	0	1.4251
1	1	0	1	1.6123
4	3	1	1	1.41495
3	3	1	1	1.37496
6	4	1	3	0.956981
13	7	3	2	0
9	5	2	2	1.20472
11	6	2	4	1.33258
18	10	4	5	0.999992
19	11	5	0	1.51944
