1.36163
1.67874
1.64258
1.3926
1.66654
1.6929
1.60232
1.66961
1.50818
1.75539
1.66944
1.52185
0.495757
1.66913
0.332929
1.58303
1.55209
0.429884
1.50889
1.66272
1.60429
1.37772
1.68097
0.291599
1.57619
1.6245
1.5706
2.30527
0
0.938971
1.70654
0
1.6667
1.40509
1.67521
1.91911
1.34617
1.50831
1.6659
1.528
2.02359
0
0.997669
1.6991
1.64625
1.65768
1.49925
0.519907
1.67195
0.338562
1.5838
1.55206
0.957996
1.67205
1.52997
2.03182
0
1.61951
1.95905
1.34742
1.86388
0
1.64975
1.9768
1.59622
1.86559
0
1.22358
1.69891
1.64125
1.38821
1.66752
1.69273
1.60266
1.66942
1.60189
1.57465
0.43885
1.51368
1.66269
1.60424
1.37765
1.67932
1.6889
1.59877
1.39824
1.67912
1.68657
1.59247
1.67016
1.60157
1.56717
1.65256
1.564
2.31281
0
0.933043
1.70645
1.39416
0
1.65947
1.40481
1.67104
0.304401
1.57544
1.55084
2.31343
0
0.942028
1.70665
1.65179
1.65918
1.49961
0.519868
1.67192
0.338504
1.58379
1.55206
0.429734
1.66233
0.31178
1.59193
1.55171
0.430358
1.66235
1.91355
1.35839
0.951531
1.5531
1.6768
1.59352
1.67274
1.60152
1.56759
1.65249
1.63493
1.56901
0.964543
1.67169
1.53017
0.480842
1.66773
1.9337
1.36026
0.935904
1.55199
1.67668
0.467592
1.53823
0
1.6584
1.39519
1.67591
1.92052
1.34603
0.805072
1.53555
1.67609
1.59428
1.39143
1.67883
1.68627
0.810302
1.54141
0
1.65839
1.39534
1.67043
1.69637
0
1.67321
1.419
1.67056
1.69772
1.60443
1.66925
1.50449
1.99812
0
1.14201
1.70124
1.37675
1.53868
1.48797
0
1.65837
1.65773
1.58834
1.56386
0.457802
1.51354
1.66331
1.6036
1.66566
1.60414
1.57583
2.29599
0
0.977691
1.70737
1.39112
1.53729
1.48757
0
1.65788
1.39601
1.67349
1.92392
1.34539
1.57344
0
1.65152
1.97423
1.5949
1.78978
1.66616
1.52938
0.488187
1.44831
1.66643
1.60003
1.66971
1.50322
0.518783
1.67113
1.94395
1.34422
1.76833
1.66589
1.61843
1.58434
0.949672
1.67251
1.52933
0.48319
1.45703
1.6661
0
1.67587
1.67383
1.53262
1.60874
1.67053
1.60736
1.59254
1.57299
0.423862
1.66226
1.91385
1.36146
1.51118
1.6658
1.61685
1.57949
0.951483
1.67243
1.52948
0.482933
1.45705
1.66609
0
1.67587
1.67383
1.59112
1.58886
1.64444
1.5669
0.964024
1.67173
1.53019
0.480828
1.66773
1.93369
1.36026
1.7641
1.66586
1.61784
1.58406
0.39626
1.66128
1.90989
1.36109
1.57407
0
1.34635
1.69932
0
1.66893
1.67292
1.52504
0.437422
1.46283
1.66526
0
1.67584
1.67384
1.59113
1.58883
1.57336
0.958191
1.67227
1.52994
2.03199
0
0.991348
1.69919
1.64646
1.37755
1.66737
1.69203
0
1.67559
1.42049
1.6709
1.69777
1.60428
1.66933
1.60175
1.56715
1.57471
0.422377
1.66218
1.91358
1.36143
0.952687
1.67671
0.331223
1.58437
1.55233
0.957966
1.67205
1.52996
2.03183
0
1.61951
0.349081
1.57701
1.62435
1.57052
0.95881
1.67213
1.52987
0.481339
1.66779
0.328955
1.59129
1.55199
0.429978
1.66234
1.9135
1.35839
1.51105
1.66581
1.61685
1.59033
1.57254
0.424093
1.66228
1.91391
1.36147
1.57402
0
1.34622
1.69932
0
1.66893
1.67292
1.52504
2.02493
0
1.62977
0.351871
1.57831
1.55053
0.473335
1.50846
1.66287
0.865727
0
1.67018
1.66436
1.52804
0.437557
1.66573
0.323212
1.59195
1.61562
1.63968
1.57058
0.963857
1.67177
1.59417
1.588
1.64378
1.5673
0.418686
1.50579
1.66249
1.60454
1.66546
1.60411
1.57583
0.435929
1.66227
0.311263
1.59192
1.55171
0.430364
1.50887
1.66273
0
1.67478
1.42211
1.67108
1.69789
0
1.67544
1.6736
1.53166
0.431042
1.46224
1.66526
1.60135
1.38747
1.67878
1.69002
1.59806
1.66972
1.50918
0.514422
1.44859
1.67133
0.747555
1.54355
0
1.65845
1.39518
1.67008
1.92058
1.34602
0.805034
1.67621
0.33652
1.58417
1.55231
0.429489
1.50901
1.66271
0.866663
1.543
0
1.65846
1.39523
1.67575
1.92072
1.34602
0.805016
1.53555
1.67608
0.467103
0
1.66846
1.41223
1.667
1.69645
0
1.67333
1.41967
1.67055
1.69777
1.60436
1.6693
1.50454
1.99819
0
1.14179
1.70124
1.37678
1.53868
1.48797
0
1.65837
1.65746
1.50773
0.499331
1.45997
1.66668
0
1.67555
1.42356
1.67094
1.69801
1.60389
1.66952
1.5047
0.517142
1.67093
0.336275
1.58356
1.6199
1.63041
1.57048
0.415859
1.66154
1.91158
1.36125
1.57406
0
1.65031
0.358322
1.5833
1.55137
0.42973
1.50892
1.66275
0
1.67478
1.42212
1.67701
1.91317
1.35006
1.57377
0
1.6494
0.360601
1.58336
1.62101
1.57087
0.429904
1.50429
1.66265
0.86817
1.543
0
1.65846
1.39524
1.67039
1.69638
1.60644
1.66744
1.50304
1.77097
1.66909
1.52637
0.489492
1.66865
1.93701
1.36054
1.83363
0
1.24296
1.69882
1.64089
1.38834
1.67148
0.298653
1.57677
1.55119
0.957974
1.67206
1.52998
2.03182
0
0.991579
1.69919
0
1.66627
1.40397
1.66838
1.69733
1.60599
1.39435
1.67882
1.69006
0.834158
0
1.67087
1.66432
1.52837
1.47296
1.67069
1.52336
0.493441
1.45228
1.66657
1.59986
1.38727
1.67884
1.69012
1.59798
1.66979
1.60173
1.56708
1.57473
2.30827
0
0.941065
1.7066
1.65176
1.65919
1.60056
1.57134
1.65282
1.56378
2.31293
0
0.933106
1.70645
1.65185
1.3877
1.67431
1.91733
1.34701
1.50844
1.6659
1.61535
1.5786
0.951732
1.67243
1.5942
1.59416
1.64357
1.63853
1.64421
1.56711
0.964563
1.67289
1.5297
0.481434
1.66778
1.93384
1.36027
1.8326
0
1.23922
1.69882
0
1.66857
1.67282
1.59359
1.58681
1.64571
1.63806
1.56852
0.964377
1.67172
1.53019
1.32154
1.6711
1.59848
1.59412
1.57311
0.423702
1.66225
0.312298
1.59199
1.61661
1.63978
1.62582
1.6614
1.64874
1.64468
1.56604
2.31124
0
1.60778
0.345086
1.57511
1.62536
1.63981
1.57064
0.415414
1.50528
1.66243
0
1.67524
1.67387
1.59313
1.59016
1.64414
1.56688
0.418538
1.50595
1.6625
0
1.67476
1.42205
1.67108
1.69789
1.60408
1.66935
1.60171
1.56714
1.65264
1.63483
1.56904
2.31104
0
1.61024
1.95344
1.34808
0.79644
1.53323
1.67603
0.467076
0
1.66845
1.41222
1.667
1.69645
1.02962
1.54093
0
1.65832
1.39542
1.6703
1.69641
1.10232
1.54085
1.49805
1.46485
1.39242
0
1.65434
1.65593
1.58863
1.5642
2.30496
0
1.61062
1.94215
1.36747
1.51252
1.66561
1.61533
1.58942
1.57267
0.424059
1.66227
1.91388
1.36146
1.51117
1.66579
1.52827
1.34924
1.67074
1.52498
0.490925
1.66871
1.93715
1.36055
1.83373
0
1.24304
1.69882
1.64089
1.66283
1.5006
1.73518
1.66852
1.52706
2.02246
0
0.995937
1.69905
1.64627
1.65768
1.60204
1.90414
1.66572
1.63746
1.56942
0.418492
1.5059
1.66239
0.87109
1.54301
1.49904
0
1.65894
1.39492
1.67371
1.92418
1.34534
1.57341
0
1.31045
1.69943
1.35034
1.53972
1.49655
0
1.65893
1.39493
1.66558
1.69753
0
1.67309
1.41881
1.6767
1.91468
1.34917
0.810624
1.67629
0.336538
1.5842
1.55231
0.429484
1.66231
1.91339
1.35838
0.951663
1.55311
1.6768
0.285938
1.6768
1.42575
1.67084
1.69821
1.60369
1.66972
1.60158
1.56713
1.57472
2.30828
0
0.941072
1.7066
1.3934
1.53724
1.48758
1.43709
0
1.65555
1.3991
1.67368
0.308539
1.57622
1.62458
1.63986
1.57063
0.415475
1.66153
0.310442
1.59196
1.61677
1.63975
1.6258
1.66144
1.64873
1.64469
1.56604
0.420995
1.50641
1.66245
0.870434
0
1.67013
1.66434
1.52804
0.437559
1.46887
1.66514
1.60146
1.66916
1.50326
1.7495
1.66899
1.52652
0.489289
1.66863
0.331454
1.59621
1.62037
1.63929
1.57052
0.415821
1.50527
1.66244
1.6046
1.37793
1.68096
0.29161
1.57619
1.55113
0.430831
1.50845
1.66281
1.6042
1.66553
1.5011
1.99078
0
1.63945
0.356346
1.58054
1.62247
1.63964
1.62587
1.57094
0.964352
1.67175
1.59418
1.55909
2.31479
0
1.60995
0.339494
1.57349
1.62609
1.63981
1.57066
0.415357
1.66153
0.310443
1.59196
1.55162
0.430419
1.66235
0.311854
1.59189
1.55171
0.958074
1.67204
1.59425
1.55916
2.31473
0
0.945812
1.70672
1.64534
1.38515
1.66453
1.69311
0
1.67608
1.67373
1.5318
0.431172
1.66567
1.92724
1.35961
1.76693
1.66584
1.61751
1.58384
0.396503
1.66129
1.90994
1.3611
0.955253
1.67673
1.93897
1.34116
1.85132
0
1.6485
0.360392
1.58362
1.62083
1.63563
1.62596
1.66094
1.56244
2.3117
0
0.906153
1.70343
1.41624
1.5371
1.48689
1.43634
0
1.65551
1.39912
1.6737
0.308494
1.57621
1.55095
0.957952
1.67207
1.59426
1.55917
0.956791
1.67224
1.59409
1.55919
0.956799
1.67224
1.59409
1.58862
1.64358
1.56736
0.964021
1.67173
1.53018
0.48084
1.45697
1.66603
0
1.67544
1.42339
1.67705
1.91259
1.34728
1.50897
1.66587
1.61528
1.58953
1.57266
0.958176
1.67227
1.52994
2.03198
0
0.991357
1.69919
0
1.66705
1.66976
1.522
2.0266
0
1.06618
1.70165
1.64608
1.38492
1.6708
1.69287
0.915985
1.54133
1.49883
1.46495
0
1.65693
1.65725
1.58827
1.56391
0.457467
1.66378
0.315332
1.59161
1.55183
0.958058
1.67204
1.52997
2.03182
0
0.991594
1.69919
0
1.66705
1.66976
1.522
2.0266
0
1.06619
1.70165
1.39295
1.53793
0
1.65926
1.65888
1.58874
1.57143
1.65223
1.63399
1.56948
0.415715
1.50597
1.6624
1.60463
1.66543
1.50135
0.519078
1.4487
1.67178
1.5985
1.67046
1.60218
1.57532
0.438014
1.51347
1.66267
0
1.67479
1.42213
1.67701
1.91317
1.35006
0.811971
1.67632
1.94772
1.34161
0.901246
1.67645
0.336066
1.58426
1.61896
1.57109
0.429632
1.66208
0.311757
1.59199
1.61665
1.57091
0.958762
1.67214
1.52987
2.03197
0
1.61947
0.349048
1.577
1.62435
1.57052
0.95881
1.67213
1.5941
1.58851
1.57301
0.958255
1.67226
1.59399
1.58865
1.64353
1.63849
1.56867
0.964412
1.67172
1.59423
1.58795
1.64382
1.56729
2.31152
0
1.61022
0.344929
1.57531
1.62524
1.63982
1.57064
2.31114
0
0.933283
1.7033
1.41448
1.53723
1.48689
1.43633
1.44836
1.49533
0
1.65838
1.65752
1.50887
1.41691
1.66903
1.52918
1.3538
1.67077
1.525
1.33778
1.67064
1.52525
2.02418
0
1.62315
1.95999
1.34737
0.788677
1.53301
1.67592
1.59457
1.39122
1.67884
1.68621
1.59774
1.67004
1.50954
0.514034
1.67055
0.335395
1.58347
1.55209
2.31371
0
1.61007
0.340057
1.57365
1.55006
0.476912
1.66292
1.91559
1.35859
1.57396
0
1.34592
1.69933
1.34631
1.53983
1.49661
1.46367
0
1.65637
1.39762
1.66376
1.69409
0
1.67521
1.42026
1.67076
1.69778
1.60428
1.39687
1.67876
1.68575
1.59786
1.66994
1.50942
0.514163
1.44863
1.67131
0
1.67607
1.6738
1.5911
1.58892
1.64441
1.63863
1.56843
0.416679
1.50617
1.66241
0.870883
0
1.66678
1.41061
1.6718
0.303416
1.57536
1.62505
1.63987
1.57064
0.963868
1.67178
1.53015
0.480895
1.45696
1.66604
0
1.67544
1.42339
1.67705
1.91259
1.34728
1.50897
1.66586
1.52802
1.34708
1.67074
1.59901
1.57427
0.952958
1.67242
1.52962
1.3214
1.67105
1.59854
1.59406
1.57311
0.423692
1.50378
1.66274
0
1.67526
1.67387
1.59313
1.59017
1.57311
0.958198
1.67227
1.59399
1.55918
0.9568
1.67224
1.59409
1.58862
1.57299
0.424347
1.50379
1.66273
0
1.67525
1.67387
1.52776
0.437993
1.46233
1.66513
1.60151
1.66916
1.50326
0.518723
1.44921
1.67161
0
1.67571
1.42385
1.67706
0.300256
1.57552
1.5509
2.31343
0
1.61007
0.339985
1.57363
1.62604
1.63981
1.57066
0.963867
1.67178
1.59416
1.55909
2.31478
0
0.945851
1.70672
1.64534
1.65922
1.60058
1.57578
2.29453
0
0.982292
1.70744
1.39085
1.5373
0
1.65923
1.65883
1.58874
1.56393
2.30484
0
1.61063
0.336837
1.57305
1.55003
0.47715
1.66295
0.313642
1.59186
1.61633
1.63984
1.57064
0.415701
1.50526
1.66243
1.60461
1.66545
1.50135
1.99075
0
1.15252
1.7012
0
1.66811
1.67188
1.52372
0.437364
1.46326
1.66529
0
1.67584
1.67384
1.53257
1.60874
1.67053
1.60737
1.57776
2.2975
0
1.61036
1.94377
1.35663
0.807641
1.53474
1.67622
1.59423
1.67248
1.50432
1.72223
1.66911
1.52663
0.489133
1.66861
1.93687
1.36052
0.933347
1.55179
1.67666
0.284306
1.67712
1.67375
1.59093
1.57858
2.29397
0
1.61044
0.337214
1.57312
1.62625
1.57031
0.43087
1.66211
1.91321
1.3614
1.5112
1.6658
1.61685
1.57949
0.401418
1.66159
1.91093
1.3612
1.57405
0
1.3465
1.69932
1.63947
1.66337
1.50051
0.519565
1.4499
1.67201
1.59825
1.38815
1.68069
0.28648
1.57577
1.62471
1.57059
0.95884
1.67212
1.5941
1.5885
1.57301
0.424344
1.66223
0.312247
1.59199
1.61662
1.57092
0.430209
1.66208
1.91315
1.3614
0.952874
1.55321
1.67681
0.467658
0
1.66867
1.41251
1.66694
1.69648
1.02834
1.54093
1.4983
0
1.6594
1.658
1.58843
1.57143
1.65221
1.56459
0.430299
1.66248
0.312685
1.59196
1.55168
0.958076
1.67204
1.59425
1.55916
0.421338
1.50789
1.66287
0
1.67527
1.67386
1.52779
0.437993
1.6656
0.323218
1.59176
1.55186
0.430118
1.66234
1.9135
1.35839
0.951571
1.5531
1.6768
1.59348
1.39228
1.67878
1.68648
1.59228
1.40041
1.67897
1.68714
1.5926
1.40065
1.68088
1.89448
1.34921
0.826825
1.67644
1.94791
1.34175
0.900715
1.67645
1.94758
1.3413
1.85045
0
1.64846
0.360397
1.58362
1.62084
1.63563
1.57051
0.415774
1.66154
1.91158
1.36125
0.954198
1.55331
1.67682
1.5935
1.67275
1.50457
0.517779
1.67099
1.9435
1.34419
1.8382
0
1.64806
0.36047
1.58357
1.55139
0.429687
1.66239
1.91368
1.35841
1.57399
0
1.6503
0.358304
1.5833
1.62101
1.5709
0.958713
1.67214
1.52987
0.481344
1.45692
1.66606
0
1.67544
1.4234
1.67096
1.69803
1.60391
1.39747
1.67874
1.68592
1.5979
1.40006
1.679
1.6871
1.59258
1.67021
1.60153
1.5742
0.439779
1.66252
0.311741
1.59184
1.55174
0.430344
1.66235
1.91355
1.35839
1.51104
1.66581
1.61685
1.57949
2.29691
0
0.960001
1.70706
1.64292
1.65935
1.49958
0.519865
1.67192
0.338494
1.58379
1.61979
1.63043
1.57048
0.415868
1.50528
1.66244
0.870958
0
1.66678
1.41062
1.6718
0.303415
1.57536
1.62505
1.63987
1.57064
2.31113
0
0.93327
1.7033
1.64713
1.65705
1.49973
1.71613
1.66854
1.62306
1.59431
1.5721
2.30811
0
1.61026
1.9461
1.35312
0.806668
1.67646
0.337186
1.5842
1.619
1.57109
0.429636
1.50426
1.66264
1.60441
1.66551
1.50113
0.51909
1.6713
0.337178
1.58367
1.55208
0.429758
1.66233
1.91346
1.35839
1.57399
0
1.34617
1.69933
0
1.66838
1.40975
1.6702
1.69728
0
1.67315
1.41992
1.67055
1.69779
1.60433
1.39682
1.67876
1.68575
0.822646
1.54138
1.49944
1.4651
1.39393
0
1.65352
1.39986
1.66842
1.6969
0
1.67323
1.41918
1.67671
0.302048
1.5757
1.55091
0.473972
1.66262
1.91451
1.35849
0.950756
1.67671
1.93898
1.34118
0.897546
1.67643
0.336123
1.58425
1.61896
1.63059
1.62602
1.66079
1.56248
0.423904
1.66182
0.310862
1.59198
1.55165
0.4304
1.50888
1.66273
0
1.67478
1.42211
1.67701
1.91317
1.35006
1.50887
1.66587
1.52801
0.489504
1.66877
1.9375
1.36058
0.93284
1.55175
1.67666
1.59361
1.67268
1.60154
1.56759
1.57469
0.422399
1.50358
1.66271
1.60433
1.3778
1.68097
1.90447
1.34512
1.57356
0
1.31145
1.69942
1.64004
1.38791
1.67905
0.292122
1.57618
1.55116
0.430841
1.50845
1.66281
1.60421
1.37768
1.67932
1.68893
0.879647
0
1.67061
1.66438
1.58407
1.56494
0.456636
1.66357
0.314994
1.59174
1.55181
0.430276
1.50886
1.66273
0.866574
0
1.67017
1.66441
1.58427
1.57248
1.57469
0.423496
1.66208
1.91328
1.3614
1.51122
1.66579
1.52827
0.48916
1.66873
0.331824
1.59586
1.62034
1.6393
1.57051
0.415824
1.50527
1.66244
0.87097
0
1.66678
1.41062
1.66916
1.69628
0
1.67333
1.41963
1.67055
1.69777
1.60437
1.6693
1.50454
1.75807
1.66937
1.52643
0.489404
1.45036
1.66643
1.60001
1.3873
1.68066
0.287174
1.57581
1.6247
1.63993
1.62007
1.66182
1.64862
1.56574
2.31168
0
0.907596
1.70338
1.41616
1.5371
0
1.65845
1.39521
1.67498
1.92204
1.3462
0.804632
1.67619
1.94757
1.34163
1.84882
0
1.2532
1.69883
1.64073
1.6629
1.60096
1.90299
1.57562
0.421371
1.50378
1.66268
0
1.67525
1.67387
1.59313
1.59016
1.64414
1.63896
1.64404
1.5671
2.31074
0
0.906566
1.70336
0
1.66712
1.66998
1.52232
0.478817
1.46283
1.66541
0.763842
1.54353
1.49986
1.46507
0
1.65647
1.39755
1.67295
1.9192
1.34673
0.805118
1.53577
1.67604
1.59432
1.39141
1.67883
1.68626
0
1.67692
1.6739
1.59313
1.58169
2.29122
0
1.61047
1.94249
1.37058
1.5125
1.66561
1.61534
1.58942
1.57267
2.30821
0
0.941246
1.7066
1.39339
1.53724
0
1.65922
1.65882
1.58874
1.57143
1.57534
0.422683
1.66206
0.311829
1.592
1.55164
0.430392
1.50889
1.66273
1.60428
1.37771
1.67931
1.6889
1.59877
1.39825
1.67912
1.68658
1.59247
1.67016
1.50954
1.99371
0
1.63834
1.96937
1.34468
1.78943
1.66613
1.61771
1.58396
0.396112
1.66129
1.90992
1.36109
0.955274
1.55337
1.67682
1.59349
1.67276
1.60152
1.57432
0.945438
1.67274
1.5946
1.59451
1.57288
0.424315
1.66224
0.312284
1.59199
1.55166
2.31361
0
1.61008
0.34008
1.57365
1.55006
0.95783
1.67208
1.59426
1.58828
1.6437
1.63842
1.64421
1.65877
1.56248
0.421471
1.6618
1.91213
1.36132
0.953343
1.55324
1.67681
0.28609
1.67681
1.42575
1.67713
1.91173
1.34743
1.57384
0
1.64942
1.97647
1.59623
0.772489
1.53182
1.67552
0.269614
1.67683
1.67376
1.59097
1.58915
1.64429
1.6387
1.64411
1.56709
0.964576
1.67289
1.59413
1.55915
2.31471
0
1.60995
1.94518
1.35484
0.807231
1.53471
1.67621
0.467192
1.53838
0
1.65841
1.39519
1.67077
1.6963
1.10369
1.54085
0
1.65805
1.39542
1.67028
1.69642
1.10224
1.54085
1.49805
1.46485
0
1.65641
1.39759
1.67293
1.9192
1.34673
0.805137
1.53577
1.67604
1.59435
1.6724
1.60163
1.57448
0.945426
1.67274
1.52919
1.32345
1.67101
1.59861
1.59398
1.64621
1.63767
1.64417
1.56711
2.31081
0
0.906665
1.70336
1.64805
1.65686
1.60138
1.57521
0.43869
1.66246
0.311816
1.59187
1.61646
1.57093
2.30537
0
0.939171
1.70654
1.65174
1.65773
1.59953
1.57495
0.439032
1.51326
1.66272
0.865366
0
1.66681
1.41065
1.6718
1.91625
1.34915
0.808423
1.67627
1.94768
1.34163
1.84896
0
1.64842
0.360405
1.58361
1.62084
1.57089
0.429877
1.50429
1.66265
1.6044
1.66551
1.50114
1.99079
0
1.15251
1.7012
1.64373
1.38632
1.66652
1.69266
0
1.67578
1.42078
1.67098
1.69778
0
1.67482
1.42042
1.67677
1.9141
1.34922
0.811191
1.53642
1.67618
0.277343
1.67697
1.67375
1.53327
0.431271
1.6656
1.927
1.35958
0.94192
1.67667
0.331289
1.58435
1.61891
1.5711
0.958665
1.67215
1.59407
1.55917
0.421395
1.66266
0.312742
1.59189
1.55172
0.958072
1.67204
1.59425
1.58819
1.64374
1.56731
0.418684
1.6617
0.3108
1.59201
1.55163
0.430407
1.66235
0.311853
1.59193
1.55171
0.430356
1.66235
1.91355
1.35839
0.951534
1.5531
1.6768
0.467654
1.53819
0
1.6584
1.39519
1.6708
1.69629
0
1.67378
1.67356
1.59332
1.59018
1.57309
0.423433
1.66229
0.312441
1.59199
1.55166
0.958078
1.67204
1.52997
2.03182
0
0.991591
1.69919
1.41644
0
1.65924
1.4045
1.67103
0.304443
1.57544
1.62502
1.57053
0.430695
1.6621
1.91318
1.3614
1.57403
0
1.34629
1.69932
1.63947
1.38805
1.67909
0.292002
1.57617
1.62455
1.63991
1.57062
0.41548
1.66153
0.310445
1.59196
1.55162
2.3136
0
1.61008
0.340082
1.57365
1.62603
1.63981
1.61983
1.57102
0.964351
1.67175
1.59418
1.58799
1.57305
0.424313
1.66222
0.31224
1.59199
1.61662
1.63978
1.62582
1.57096
0.415821
1.50586
1.66236
1.60467
1.37795
1.68095
0.291624
1.57619
1.55113
0.957963
1.67207
1.59425
1.55917
0.421352
1.66266
1.91456
1.35849
1.57398
0
1.34606
1.69933
1.63947
1.66336
1.60118
1.90318
1.57561
0.421373
1.50377
1.66268
1.60436
1.37781
1.67931
1.68891
1.59877
1.39825
1.67912
1.68659
0.808053
0
1.66742
1.41124
1.66738
1.69636
0
1.67333
1.41964
1.67672
0.30192
1.57569
1.62482
1.57056
0.430663
1.6621
0.311769
1.59199
1.61664
1.57091
0.430215
1.50424
1.66264
0
1.67477
1.42207
1.67701
1.91319
1.35006
1.50887
1.66587
1.61528
1.58954
1.64256
1.56757
0.96401
1.67174
1.59424
1.58797
1.64381
1.63835
1.5687
0.416725
1.6615
1.91132
1.36123
1.57406
0
1.34621
1.69932
1.63948
1.38804
1.67909
0.292008
1.57617
1.55116
0.430843
1.66253
0.312381
1.59189
1.55172
2.3136
0
0.941575
1.70663
1.65178
1.65918
1.60056
1.57134
1.65282
1.56378
0.419237
1.50652
1.66256
0.869733
0
1.67015
1.6644
1.58428
1.57247
1.64673
1.63624
1.56924
0.416327
1.66148
0.310192
1.59196
1.55162
0.430421
1.50889
1.66273
0
1.67527
1.67387
1.52778
1.46403
1.67119
1.60763
1.59407
1.57283
0.958187
1.67227
1.52994
1.3202
1.67108
1.5985
1.59411
1.64613
1.56628
0.418815
1.66176
0.310908
1.592
1.6167
1.57091
2.30536
0
1.6104
1.94665
1.35306
0.806266
1.53462
1.67619
1.59425
1.67247
1.60162
1.5676
1.65251
1.63493
1.56901
0.41817
1.50602
1.66239
0
1.67475
1.42203
1.67701
1.9132
1.35006
0.811939
1.5365
1.6762
0.467175
0
1.66849
1.41228
1.67108
0.30333
1.57537
1.55084
0.471036
1.50831
1.66286
1.60415
1.37766
1.68098
0.291581
1.57619
1.6245
1.63991
1.6201
1.57099
0.415711
1.66141
1.91103
1.3612
0.954628
1.55333
1.67682
0.286213
1.67681
1.42575
1.67084
1.69821
1.60368
1.39793
1.68059
1.89665
1.34913
0.824889
1.67641
1.94788
1.34175
1.84927
0
1.64843
1.97625
1.59775
0.771418
1.67563
1.94698
1.34175
0.90404
1.54911
1.67641
0.281608
1.67669
1.4256
1.67712
1.91178
1.34742
0.813401
1.53668
1.67622
0.277754
1.67661
1.42547
1.67084
1.69819
1.6037
1.39788
1.68059
1.89668
1.34913
0.824864
1.53706
1.67629
0.278525
1.67699
1.67375
1.53328
0.431271
1.6656
1.92701
1.35958
0.941915
1.67667
1.93898
1.3412
0.897806
1.54845
1.67635
1.59383
1.67254
1.60159
1.56759
1.65251
1.63493
1.6451
1.65874
1.56277
0.964575
1.67286
1.52973
2.03195
0
1.61954
1.95907
1.34742
0.788941
1.53301
1.67593
1.59457
1.39122
1.68073
1.89627
1.34917
0.825175
1.5371
1.6763
0.467235
1.53836
1.50121
0
1.65897
1.39493
1.67376
1.92412
1.34535
0.803734
1.53549
1.67605
0.275837
1.67657
1.42541
1.67711
1.91184
1.34742
1.57384
0
1.2928
1.69864
1.35834
0
1.66394
1.40776
1.67874
0.303907
1.57539
1.55083
0.471049
1.66264
1.9146
1.35849
1.57398
0
1.34605
1.69933
1.63947
1.66336
1.60118
1.57309
0.947096
1.67268
1.59447
1.5594
0.421517
1.66266
1.91457
1.35849
1.51101
1.6658
1.52826
0.489163
1.44814
1.66649
0.757687
1.54353
0
1.65925
1.65949
1.58889
1.56397
0.947636
1.67267
1.5946
1.55942
0.421514
1.66266
1.91457
1.35849
1.57398
0
1.34607
1.69933
0
1.66838
1.40975
1.6702
1.69727
1.60506
1.39523
1.68066
1.89823
1.34829
0.823417
1.53687
1.67627
0.467219
0
1.67227
1.66503
1.58922
1.57269
0.443918
1.66232
1.91313
1.35837
0.951803
1.55312
1.6768
0.467655
0
1.67247
1.66503
1.5287
0.437352
1.46852
1.66514
1.60147
1.66916
1.60243
1.57328
0.441724
1.66271
0.312502
1.59185
1.55174
2.31359
0
1.61008
0.340077
1.57365
1.62603
1.63981
1.61983
1.57102
0.415646
1.50588
1.66236
1.60467
1.66542
1.6041
1.90568
1.57536
0.962729
1.67196
1.53013
0.48097
1.66775
0.328853
1.59129
1.62062
1.63964
1.62601
1.57094
0.415879
1.50585
1.66236
1.60467
1.66542
1.50136
0.519076
1.4487
1.67178
1.59848
1.38806
1.68068
0.286566
1.57578
1.55114
2.31335
0
0.941921
1.70664
1.65179
1.65918
1.49961
2.00404
0
1.12167
1.70111
1.38221
1.53849
0
1.65954
1.65867
1.50838
2.03008
0
1.06026
1.70119
1.39514
0
1.65963
1.4049
1.67106
0.304365
1.57543
1.55084
0.471028
