2	2	0	2	1.55668
12	6	2	4	1.58699
18	10	4	5	2.07355
19	11	5	0	2.23627
1	1	0	1	0
4	3	1	1	0.330409
3	3	1	1	1.5063
3	3	1	1	1.52253
3	3	1	1	1.53997
3	3	1	1	1.5339
3	3	1	1	1.53445
3	3	1	1	1.53454
3	3	1	1	1.53454
6	4	1	3	1.53454
13	7	3	2	1.47622
10	6	2	4	1.58356
17	9	4	3	0.52386
16	8	3	5	1.65035
20	11	5	0	1.60209
1	1	0	1	0
5	4	1	3	1.32356
13	7	3	2	1.57063
10	6	2	4	1.34975
18	10	4	5	2.06966
19	11	5	0	2.13575
1	1	0	1	0
5	4	1	3	1.3425
13	7	3	2	1.55979
10	6	2	4	1.40118
17	9	4	3	0.478071
14	7	3	2	1.65194
10	6	2	4	1.49455
17	9	4	3	0.537038
16	8	3	5	1.64946
20	11	5	0	1.60299
2	2	0	2	1.60603
12	6	2	4	1.59346
17	9	4	3	0.561425
14	7	3	2	1.64141
9	5	2	2	0
7	5	2	2	0
7	5	2	2	0
11	6	2	4	1.55086
18	10	4	5	2.14833
19	11	5	0	2.26226
2	2	0	2	1.60905
8	5	2	2	0.533971
11	6	2	4	1.3291
17	9	4	3	0.595615
14	7	3	2	1.64638
10	6	2	4	1.53941
18	10	4	5	2.11946
19	11	5	0	2.17134
1	1	0	1	0
5	4	1	3	1.34063
13	7	3	2	1.55959
9	5	2	2	0
11	6	2	4	1.39462
18	10	4	5	2.06748
19	11	5	0	2.06875
2	2	0	2	1.62661
8	5	2	2	0.513952
11	6	2	4	1.31733
17	9	4	3	0.58858
14	7	3	2	1.64668
10	6	2	4	1.53841
18	10	4	5	2.11948
19	11	5	0	2.17145
2	2	0	2	1.63961
8	5	2	2	1.42941
11	6	2	4	1.30579
18	10	4	5	2.08338
19	11	5	0	2.09413
2	2	0	2	1.62535
8	5	2	2	0.51391
7	5	2	2	0.737406
11	6	2	4	1.37159
17	9	4	3	0.62269
14	7	3	2	1.63995
9	5	2	2	0
7	5	2	2	0
11	6	2	4	1.3029
18	10	4	5	2.22064
19	11	5	0	2.24848
2	2	0	2	1.61816
12	6	2	4	1.8092
17	9	4	3	0.594005
14	7	3	2	1.6386
9	5	2	2	0
7	5	2	2	0
7	5	2	2	0
7	5	2	2	1.08602
11	6	2	4	1.28609
18	10	4	5	2.12004
19	11	5	0	2.25319
2	2	0	2	1.61009
12	6	2	4	1.85902
17	9	4	3	0.595913
14	7	3	2	1.63867
9	5	2	2	0
11	6	2	4	1.39931
18	10	4	5	2.11713
19	11	5	0	2.09583
2	2	0	2	1.62927
12	6	2	4	1.87488
18	10	4	5	2.14363
19	11	5	0	2.22463
2	2	0	2	1.61935
12	6	2	4	1.54776
18	10	4	5	2.12524
19	11	5	0	2.23097
1	1	0	1	0
4	3	1	1	0.332204
3	3	1	1	1.50624
3	3	1	1	1.52253
3	3	1	1	1.53997
3	3	1	1	1.53389
3	3	1	1	1.53445
6	4	1	3	1.53455
13	7	3	2	1.47622
10	6	2	4	1.58356
18	10	4	5	2.11932
19	11	5	0	2.14512
2	2	0	2	1.64011
12	6	2	4	1.55264
18	10	4	5	2.1356
19	11	5	0	2.2452
2	2	0	2	1.61669
8	5	2	2	0.793394
7	5	2	2	0.723203
7	5	2	2	0
11	6	2	4	1.29972
18	10	4	5	2.14983
19	11	5	0	2.25807
1	1	0	1	0
4	3	1	1	0.332117
6	4	1	3	1.50631
13	7	3	2	1.78042
9	5	2	2	0
7	5	2	2	0.371552
7	5	2	2	0
7	5	2	2	1.10534
7	5	2	2	0.585433
11	6	2	4	1.54549
17	9	4	3	0.484736
16	8	3	5	1.65353
20	11	5	0	1.58944
1	1	0	1	0
4	3	1	1	0.250806
6	4	1	3	1.51935
15	8	3	5	1.75772
20	11	5	0	1.59091
1	1	0	1	0
4	3	1	1	0.277717
3	3	1	1	1.54799
6	4	1	3	1.50165
15	8	3	5	1.8319
20	11	5	0	1.57696
2	2	0	2	1.63851
8	5	2	2	1.6074
11	6	2	4	1.37092
18	10	4	5	2.09328
19	11	5	0	2.09164
2	2	0	2	1.62644
8	5	2	2	0.517255
11	6	2	4	1.31744
17	9	4	3	0.588531
16	8	3	5	1.64669
20	11	5	0	1.60723
2	2	0	2	1.60644
12	6	2	4	1.59675
17	9	4	3	0.559409
14	7	3	2	1.64127
9	5	2	2	0
7	5	2	2	0
11	6	2	4	1.30311
18	10	4	5	2.22094
19	11	5	0	2.24852
2	2	0	2	1.61817
12	6	2	4	1.80908
17	9	4	3	0.594001
16	8	3	5	1.6386
20	11	5	0	1.60444
2	2	0	2	1.60713
8	5	2	2	1.38242
7	5	2	2	0.844635
7	5	2	2	0
11	6	2	4	1.2995
18	10	4	5	2.15281
19	11	5	0	2.26312
1	1	0	1	0
4	3	1	1	0.331698
3	3	1	1	1.50623
6	4	1	3	1.52261
15	8	3	5	1.76885
20	11	5	0	1.57598
1	1	0	1	0
4	3	1	1	0.274731
3	3	1	1	1.53992
6	4	1	3	1.5062
15	8	3	5	1.81828
20	11	5	0	1.57675
1	1	0	1	0
4	3	1	1	0.275251
6	4	1	3	1.54111
15	8	3	5	1.40703
20	11	5	0	1.61293
1	1	0	1	0
5	4	1	3	1.5323
13	7	3	2	1.57379
10	6	2	4	1.08293
18	10	4	5	2.06763
19	11	5	0	2.13671
2	2	0	2	1.64884
12	6	2	4	1.55724
18	10	4	5	2.13423
19	11	5	0	2.24876
2	2	0	2	1.61631
12	6	2	4	1.79872
18	10	4	5	2.12683
19	11	5	0	2.22911
1	1	0	1	0
5	4	1	3	1.60333
15	8	3	5	1.56161
20	11	5	0	1.59061
2	2	0	2	1.63289
8	5	2	2	1.60173
11	6	2	4	1.36125
18	10	4	5	2.08581
19	11	5	0	2.08794
1	1	0	1	0
5	4	1	3	1.33158
15	8	3	5	1.55953
20	11	5	0	1.58988
1	1	0	1	0
5	4	1	3	1.52952
15	8	3	5	1.57513
20	11	5	0	1.56927
2	2	0	2	1.63245
8	5	2	2	1.6006
11	6	2	4	1.35727
18	10	4	5	2.08516
19	11	5	0	2.08806
1	1	0	1	0
4	3	1	1	0.583161
3	3	1	1	1.50533
6	4	1	3	1.52308
15	8	3	5	1.77638
20	11	5	0	1.5764
2	2	0	2	1.63766
12	6	2	4	1.61655
17	9	4	3	0.527962
14	7	3	2	1.64093
9	5	2	2	0
7	5	2	2	0
7	5	2	2	0
11	6	2	4	1.55093
17	9	4	3	0.516856
14	7	3	2	1.65121
10	6	2	4	1.46845
18	10	4	5	2.11946
19	11	5	0	2.17875
1	1	0	1	0
5	4	1	3	1.34003
13	7	3	2	1.55962
9	5	2	2	0
7	5	2	2	0.989204
11	6	2	4	1.31344
17	9	4	3	0.591338
16	8	3	5	1.64162
20	11	5	0	1.60182
1	1	0	1	0
5	4	1	3	1.35386
13	7	3	2	1.57886
10	6	2	4	1.32978
17	9	4	3	0.472892
16	8	3	5	1.65212
20	11	5	0	1.60489
2	2	0	2	1.60598
12	6	2	4	1.5928
18	10	4	5	2.07547
19	11	5	0	2.23388
2	2	0	2	1.61576
8	5	2	2	0.533554
7	5	2	2	0.713052
7	5	2	2	0
11	6	2	4	1.29964
18	10	4	5	2.14989
19	11	5	0	2.25816
2	2	0	2	1.60957
12	6	2	4	1.91694
17	9	4	3	0.596754
16	8	3	5	1.63866
20	11	5	0	1.60439
2	2	0	2	1.60713
12	6	2	4	1.59665
17	9	4	3	0.559374
16	8	3	5	1.64131
20	11	5	0	1.61025
2	2	0	2	1.60704
8	5	2	2	1.35384
7	5	2	2	0.841168
7	5	2	2	0
7	5	2	2	0.867778
7	5	2	2	0.582241
7	5	2	2	0.825503
7	5	2	2	0.82392
11	6	2	4	1.54475
17	9	4	3	0.484493
16	8	3	5	1.65355
20	11	5	0	1.5894
2	2	0	2	1.59625
8	5	2	2	1.10319
7	5	2	2	0.776151
11	6	2	4	1.3467
18	10	4	5	2.25614
19	11	5	0	2.26288
2	2	0	2	1.62229
8	5	2	2	0.537666
11	6	2	4	1.32396
18	10	4	5	2.05284
19	11	5	0	2.08587
1	1	0	1	0
5	4	1	3	1.58321
15	8	3	5	1.55958
20	11	5	0	1.58989
1	1	0	1	0
5	4	1	3	1.52952
15	8	3	5	1.57513
20	11	5	0	1.56928
1	1	0	1	0
5	4	1	3	1.27792
13	7	3	2	1.57421
10	6	2	4	1.22659
18	10	4	5	2.06452
19	11	5	0	2.13539
1	1	0	1	0
5	4	1	3	1.34242
15	8	3	5	1.55982
20	11	5	0	1.58997
2	2	0	2	1.63301
8	5	2	2	1.6013
7	5	2	2	1.18003
11	6	2	4	1.36333
17	9	4	3	0.631726
16	8	3	5	1.63852
20	11	5	0	1.60368
1	1	0	1	0
4	3	1	1	0
6	4	1	3	1.52154
15	8	3	5	1.74822
20	11	5	0	1.59307
1	1	0	1	0
4	3	1	1	0.278227
6	4	1	3	1.54856
13	7	3	2	1.39396
9	5	2	2	0
11	6	2	4	1.37263
18	10	4	5	2.05771
19	11	5	0	2.06619
2	2	0	2	1.63111
8	5	2	2	0.513383
7	5	2	2	0.744256
11	6	2	4	1.37296
18	10	4	5	2.26219
19	11	5	0	2.2607
2	2	0	2	1.62345
12	6	2	4	1.54044
17	9	4	3	0.598653
14	7	3	2	1.63826
9	5	2	2	0
11	6	2	4	1.39932
17	9	4	3	0.564872
16	8	3	5	1.65252
20	11	5	0	1.60488
1	1	0	1	0
4	3	1	1	0
3	3	1	1	1.52179
6	4	1	3	1.51929
13	7	3	2	1.77911
9	5	2	2	0
7	5	2	2	0.635355
7	5	2	2	0
11	6	2	4	1.54935
18	10	4	5	2.1495
19	11	5	0	2.26261
1	1	0	1	0
5	4	1	3	1.61478
13	7	3	2	1.56151
10	6	2	4	1.42419
17	9	4	3	0.481259
14	7	3	2	1.65184
9	5	2	2	0
7	5	2	2	0
7	5	2	2	0
11	6	2	4	1.55116
18	10	4	5	2.14832
19	11	5	0	2.26225
1	1	0	1	0
4	3	1	1	0.331824
6	4	1	3	1.5063
15	8	3	5	1.78049
20	11	5	0	1.58486
1	1	0	1	0
4	3	1	1	0.277655
6	4	1	3	1.54831
13	7	3	2	1.39449
9	5	2	2	0
11	6	2	4	1.37262
18	10	4	5	2.0577
19	11	5	0	2.0662
2	2	0	2	1.63111
12	6	2	4	1.87042
17	9	4	3	0.615334
14	7	3	2	1.63773
9	5	2	2	0
11	6	2	4	1.39824
17	9	4	3	0.564995
16	8	3	5	1.65251
20	11	5	0	1.60491
2	2	0	2	1.60616
8	5	2	2	1.34758
11	6	2	4	1.35337
17	9	4	3	0.587923
14	7	3	2	1.64761
10	6	2	4	1.53704
17	9	4	3	0.533868
14	7	3	2	1.64964
10	6	2	4	1.50449
17	9	4	3	0.536388
16	8	3	5	1.64948
20	11	5	0	1.60295
2	2	0	2	1.60602
12	6	2	4	1.59344
18	10	4	5	2.07471
19	11	5	0	2.23394
2	2	0	2	1.61568
12	6	2	4	1.82357
18	10	4	5	2.12828
19	11	5	0	2.22817
2	2	0	2	1.61815
12	6	2	4	1.53982
17	9	4	3	0.596963
14	7	3	2	1.6381
10	6	2	4	1.54338
18	10	4	5	2.11954
19	11	5	0	2.17043
1	1	0	1	0
4	3	1	1	0.632435
3	3	1	1	1.5051
3	3	1	1	1.52301
3	3	1	1	1.54104
6	4	1	3	1.53356
15	8	3	5	1.47617
20	11	5	0	1.57758
2	2	0	2	1.63648
8	5	2	2	1.61046
11	6	2	4	1.37008
17	9	4	3	0.581299
14	7	3	2	1.64821
10	6	2	4	1.53428
17	9	4	3	0.534044
16	8	3	5	1.64963
20	11	5	0	1.60268
2	2	0	2	1.60598
12	6	2	4	1.59335
18	10	4	5	2.0748
19	11	5	0	2.23393
1	1	0	1	0
4	3	1	1	0.330449
3	3	1	1	1.50623
6	4	1	3	1.52255
15	8	3	5	1.76897
20	11	5	0	1.57598
1	1	0	1	0
4	3	1	1	0.274732
3	3	1	1	1.53992
3	3	1	1	1.50617
3	3	1	1	1.5445
3	3	1	1	1.53376
6	4	1	3	1.53435
15	8	3	5	1.47621
20	11	5	0	1.57763
1	1	0	1	0
4	3	1	1	0.27442
6	4	1	3	1.53804
13	7	3	2	1.41176
10	6	2	4	1.58206
17	9	4	3	0.522902
16	8	3	5	1.65036
20	11	5	0	1.6017
2	2	0	2	1.60585
12	6	2	4	1.5931
17	9	4	3	0.561737
14	7	3	2	1.64142
9	5	2	2	0
11	6	2	4	1.40626
18	10	4	5	2.12201
19	11	5	0	2.09534
1	1	0	1	0
4	3	1	1	0.331068
3	3	1	1	1.50545
6	4	1	3	1.52306
13	7	3	2	1.77645
10	6	2	4	1.57039
17	9	4	3	0.524402
14	7	3	2	1.65034
9	5	2	2	0
11	6	2	4	1.41742
17	9	4	3	0.556907
14	7	3	2	1.65279
10	6	2	4	1.52336
18	10	4	5	2.11952
19	11	5	0	2.17297
1	1	0	1	0
5	4	1	3	1.34051
13	7	3	2	1.5596
9	5	2	2	0
11	6	2	4	1.39462
17	9	4	3	0.580596
14	7	3	2	1.64938
10	6	2	4	1.53311
17	9	4	3	0.534105
14	7	3	2	1.64962
9	5	2	2	0
7	5	2	2	0
7	5	2	2	0
7	5	2	2	1.08384
7	5	2	2	0.585485
11	6	2	4	1.54541
17	9	4	3	0.484733
16	8	3	5	1.65353
20	11	5	0	1.58944
1	1	0	1	0
4	3	1	1	0.250806
3	3	1	1	1.51932
3	3	1	1	1.52157
6	4	1	3	1.53957
15	8	3	5	1.47662
20	11	5	0	1.57781
2	2	0	2	1.63637
12	6	2	4	1.61858
17	9	4	3	0.528506
16	8	3	5	1.64092
20	11	5	0	1.61022
1	1	0	1	0
5	4	1	3	1.3118
13	7	3	2	1.57138
9	5	2	2	0
11	6	2	4	1.39337
17	9	4	3	0.580436
14	7	3	2	1.64939
10	6	2	4	1.53308
18	10	4	5	2.11944
19	11	5	0	2.17216
2	2	0	2	1.63952
12	6	2	4	1.55259
18	10	4	5	2.13522
19	11	5	0	2.24495
1	1	0	1	0
5	4	1	3	1.60231
15	8	3	5	1.5614
20	11	5	0	1.59051
1	1	0	1	0
5	4	1	3	1.52935
15	8	3	5	1.57516
20	11	5	0	1.56946
2	2	0	2	1.63245
8	5	2	2	1.6007
11	6	2	4	1.35729
18	10	4	5	2.08519
19	11	5	0	2.08808
2	2	0	2	1.62624
12	6	2	4	1.86124
17	9	4	3	0.614243
16	8	3	5	1.63776
20	11	5	0	1.60365
1	1	0	1	0
4	3	1	1	0
6	4	1	3	1.52245
15	8	3	5	1.74281
20	11	5	0	1.59399
1	1	0	1	0
4	3	1	1	0.278422
6	4	1	3	1.54874
13	7	3	2	1.39358
10	6	2	4	1.58268
18	10	4	5	2.11771
19	11	5	0	2.14672
2	2	0	2	1.64011
8	5	2	2	1.43184
7	5	2	2	1.00674
7	5	2	2	0
11	6	2	4	1.29986
17	9	4	3	0.518367
16	8	3	5	1.65011
20	11	5	0	1.58938
1	1	0	1	0
5	4	1	3	1.34881
15	8	3	5	1.57906
20	11	5	0	1.59357
1	1	0	1	0
4	3	1	1	0.259218
6	4	1	3	1.52649
15	8	3	5	1.69312
20	11	5	0	1.60196
2	2	0	2	1.64191
8	5	2	2	1.58288
11	6	2	4	1.37726
18	10	4	5	2.0872
19	11	5	0	2.08648
1	1	0	1	0
5	4	1	3	1.33158
13	7	3	2	1.55949
10	6	2	4	1.40174
18	10	4	5	2.07436
19	11	5	0	2.1366
2	2	0	2	1.64929
12	6	2	4	1.55725
18	10	4	5	2.13481
19	11	5	0	2.24927
1	1	0	1	0
4	3	1	1	0.33109
3	3	1	1	1.50617
3	3	1	1	1.52254
3	3	1	1	1.53997
3	3	1	1	1.53389
3	3	1	1	1.53445
6	4	1	3	1.53455
15	8	3	5	1.47622
20	11	5	0	1.57765
1	1	0	1	0
5	4	1	3	1.5368
13	7	3	2	1.57905
9	5	2	2	0
11	6	2	4	1.38462
17	9	4	3	0.580235
14	7	3	2	1.64936
10	6	2	4	1.53321
18	10	4	5	2.11944
19	11	5	0	2.17215
2	2	0	2	1.63952
8	5	2	2	1.42852
11	6	2	4	1.30574
17	9	4	3	0.582425
14	7	3	2	1.64702
9	5	2	2	0
7	5	2	2	0
11	6	2	4	1.3031
17	9	4	3	0.580374
16	8	3	5	1.643
20	11	5	0	1.6008
2	2	0	2	1.60399
8	5	2	2	1.28672
11	6	2	4	1.35209
17	9	4	3	0.592275
14	7	3	2	1.64753
9	5	2	2	0
11	6	2	4	1.40233
18	10	4	5	2.1192
19	11	5	0	2.09734
1	1	0	1	0
5	4	1	3	1.5854
13	7	3	2	1.55984
10	6	2	4	1.40176
18	10	4	5	2.07441
19	11	5	0	2.1366
2	2	0	2	1.6493
12	6	2	4	1.55725
18	10	4	5	2.13481
19	11	5	0	2.24927
2	2	0	2	1.61629
12	6	2	4	1.79905
17	9	4	3	0.599294
14	7	3	2	1.63796
9	5	2	2	0
7	5	2	2	0
7	5	2	2	0
11	6	2	4	1.55072
17	9	4	3	0.516939
16	8	3	5	1.65121
20	11	5	0	1.58697
2	2	0	2	1.59626
8	5	2	2	1.11353
11	6	2	4	1.35102
18	10	4	5	2.05009
19	11	5	0	2.08162
1	1	0	1	0
4	3	1	1	0.330775
6	4	1	3	1.50545
15	8	3	5	1.80751
20	11	5	0	1.58156
1	1	0	1	0
5	4	1	3	1.55411
15	8	3	5	1.57561
20	11	5	0	1.55783
2	2	0	2	1.63299
12	6	2	4	1.62353
17	9	4	3	0.5355
14	7	3	2	1.64577
10	6	2	4	1.52785
18	10	4	5	2.11975
19	11	5	0	2.17269
2	2	0	2	1.63939
8	5	2	2	1.42689
11	6	2	4	1.30568
17	9	4	3	0.582427
14	7	3	2	1.64702
10	6	2	4	1.53706
18	10	4	5	2.11953
19	11	5	0	2.17161
1	1	0	1	0
4	3	1	1	0.632163
6	4	1	3	1.50519
13	7	3	2	1.80771
10	6	2	4	1.58048
17	9	4	3	0.524789
16	8	3	5	1.65031
20	11	5	0	1.60207
2	2	0	2	1.60588
12	6	2	4	1.59315
18	10	4	5	2.07506
19	11	5	0	2.2339
2	2	0	2	1.61571
8	5	2	2	0.537289
7	5	2	2	0.712455
7	5	2	2	0
11	6	2	4	1.29964
17	9	4	3	0.51884
16	8	3	5	1.64996
20	11	5	0	1.58552
1	1	0	1	0
4	3	1	1	0
3	3	1	1	1.52286
6	4	1	3	1.52029
13	7	3	2	1.77389
9	5	2	2	0
7	5	2	2	0.635424
11	6	2	4	1.30515
17	9	4	3	0.581948
14	7	3	2	1.64258
10	6	2	4	1.51468
17	9	4	3	0.535711
14	7	3	2	1.64951
9	5	2	2	0
11	6	2	4	1.41648
18	10	4	5	2.12026
19	11	5	0	2.10071
2	2	0	2	1.62867
8	5	2	2	0.517066
11	6	2	4	1.32063
18	10	4	5	2.05623
19	11	5	0	2.08687
2	2	0	2	1.62466
12	6	2	4	1.88646
18	10	4	5	2.14439
19	11	5	0	2.22386
2	2	0	2	1.6195
8	5	2	2	0.885489
11	6	2	4	1.32216
17	9	4	3	0.589055
14	7	3	2	1.64667
10	6	2	4	1.54393
18	10	4	5	2.11938
19	11	5	0	2.17016
2	2	0	2	1.63975
8	5	2	2	1.43113
7	5	2	2	1.00444
7	5	2	2	0
7	5	2	2	0.768732
7	5	2	2	0.845171
11	6	2	4	1.5446
17	9	4	3	0.484522
14	7	3	2	1.65351
10	6	2	4	1.46466
17	9	4	3	0.538161
16	8	3	5	1.64926
20	11	5	0	1.60338
2	2	0	2	1.60608
12	6	2	4	1.59358
18	10	4	5	2.07479
19	11	5	0	2.23397
1	1	0	1	0
5	4	1	3	1.60475
15	8	3	5	1.56142
20	11	5	0	1.59051
1	1	0	1	0
5	4	1	3	1.52935
15	8	3	5	1.57516
20	11	5	0	1.56946
1	1	0	1	0
4	3	1	1	0
3	3	1	1	1.52612
3	3	1	1	1.51351
6	4	1	3	1.54234
13	7	3	2	1.47688
10	6	2	4	1.57723
18	10	4	5	2.11915
19	11	5	0	2.14508
1	1	0	1	0
4	3	1	1	0.63262
3	3	1	1	1.50511
6	4	1	3	1.52302
15	8	3	5	1.77631
20	11	5	0	1.57646
2	2	0	2	1.63766
12	6	2	4	1.61655
18	10	4	5	2.05365
19	11	5	0	2.24261
2	2	0	2	1.61303
8	5	2	2	0.517376
11	6	2	4	1.32852
17	9	4	3	0.595335
16	8	3	5	1.64646
20	11	5	0	1.60154
2	2	0	2	1.60642
12	6	2	4	1.59682
18	10	4	5	2.07149
19	11	5	0	2.2345
1	1	0	1	0
5	4	1	3	1.60518
15	8	3	5	1.56141
20	11	5	0	1.5905
2	2	0	2	1.63292
8	5	2	2	1.60159
7	5	2	2	1.17979
7	5	2	2	0
11	6	2	4	1.30011
18	10	4	5	2.16086
19	11	5	0	2.26283
1	1	0	1	0
4	3	1	1	0.331961
3	3	1	1	1.50621
6	4	1	3	1.52261
15	8	3	5	1.76884
20	11	5	0	1.57598
2	2	0	2	1.63769
12	6	2	4	1.61641
18	10	4	5	2.05366
19	11	5	0	2.24259
1	1	0	1	0
5	4	1	3	1.60422
13	7	3	2	1.55907
10	6	2	4	1.42605
18	10	4	5	2.07752
19	11	5	0	2.13721
2	2	0	2	1.64378
12	6	2	4	1.55736
17	9	4	3	0.60161
14	7	3	2	1.63637
10	6	2	4	1.5412
17	9	4	3	0.533736
16	8	3	5	1.64966
20	11	5	0	1.60264
1	1	0	1	0
5	4	1	3	1.32342
13	7	3	2	1.57067
10	6	2	4	1.34916
17	9	4	3	0.47357
14	7	3	2	1.65212
10	6	2	4	1.49376
17	9	4	3	0.537081
14	7	3	2	1.64945
9	5	2	2	0
11	6	2	4	1.41623
18	10	4	5	2.1203
19	11	5	0	2.10062
2	2	0	2	1.62868
8	5	2	2	0.517054
11	6	2	4	1.32062
17	9	4	3	0.589526
14	7	3	2	1.64662
9	5	2	2	0
7	5	2	2	0
11	6	2	4	1.30313
17	9	4	3	0.580323
14	7	3	2	1.643
10	6	2	4	1.51391
17	9	4	3	0.53575
14	7	3	2	1.64951
9	5	2	2	0
11	6	2	4	1.41647
18	10	4	5	2.12026
19	11	5	0	2.10071
1	1	0	1	0
5	4	1	3	1.58693
13	7	3	2	1.56003
9	5	2	2	0
11	6	2	4	1.39462
18	10	4	5	2.06747
19	11	5	0	2.06875
2	2	0	2	1.62661
12	6	2	4	1.86733
17	9	4	3	0.615216
14	7	3	2	1.63772
9	5	2	2	0
7	5	2	2	0
11	6	2	4	1.30334
17	9	4	3	0.580339
16	8	3	5	1.64299
20	11	5	0	1.6008
2	2	0	2	1.60398
8	5	2	2	1.28667
11	6	2	4	1.35209
18	10	4	5	2.05578
19	11	5	0	2.08116
1	1	0	1	0
5	4	1	3	1.58251
13	7	3	2	1.55958
10	6	2	4	1.40175
18	10	4	5	2.07437
19	11	5	0	2.1366
1	1	0	1	0
5	4	1	3	1.34255
13	7	3	2	1.55977
10	6	2	4	1.40118
17	9	4	3	0.478066
14	7	3	2	1.65195
9	5	2	2	0
7	5	2	2	0
11	6	2	4	1.30251
17	9	4	3	0.581887
16	8	3	5	1.6429
20	11	5	0	1.60091
2	2	0	2	1.60401
8	5	2	2	1.28816
7	5	2	2	0.809545
11	6	2	4	1.35185
17	9	4	3	0.619591
16	8	3	5	1.6398
20	11	5	0	1.60302
1	1	0	1	0
5	4	1	3	1.35079
13	7	3	2	1.5788
9	5	2	2	0
11	6	2	4	1.39274
17	9	4	3	0.580477
16	8	3	5	1.64939
20	11	5	0	1.60727
2	2	0	2	1.60655
8	5	2	2	1.37078
11	6	2	4	1.35339
18	10	4	5	2.05405
19	11	5	0	2.08113
2	2	0	2	1.62524
12	6	2	4	1.87926
17	9	4	3	0.615295
14	7	3	2	1.63776
9	5	2	2	0
11	6	2	4	1.39821
18	10	4	5	2.11628
19	11	5	0	2.09522
2	2	0	2	1.62929
8	5	2	2	0.51581
11	6	2	4	1.32002
17	9	4	3	0.589401
16	8	3	5	1.64663
20	11	5	0	1.60151
2	2	0	2	1.60642
12	6	2	4	1.59677
17	9	4	3	0.559405
16	8	3	5	1.64126
20	11	5	0	1.6103
1	1	0	1	0
4	3	1	1	0
3	3	1	1	1.52204
3	3	1	1	1.51905
6	4	1	3	1.54033
15	8	3	5	1.47673
20	11	5	0	1.57786
1	1	0	1	0
5	4	1	3	1.53673
15	8	3	5	1.57907
20	11	5	0	1.56529
2	2	0	2	1.63213
12	6	2	4	1.62493
18	10	4	5	2.04783
19	11	5	0	2.23974
2	2	0	2	1.61281
12	6	2	4	1.84898
18	10	4	5	2.13273
19	11	5	0	2.22568
2	2	0	2	1.61841
12	6	2	4	1.54615
18	10	4	5	2.12585
19	11	5	0	2.23044
1	1	0	1	0
5	4	1	3	1.60313
13	7	3	2	1.56156
10	6	2	4	1.40132
17	9	4	3	0.478309
16	8	3	5	1.65194
20	11	5	0	1.605
1	1	0	1	0
4	3	1	1	0
3	3	1	1	1.5213
6	4	1	3	1.51984
13	7	3	2	1.77648
10	6	2	4	1.57084
18	10	4	5	2.11998
19	11	5	0	2.14507
2	2	0	2	1.64011
8	5	2	2	1.43158
7	5	2	2	1.00662
7	5	2	2	0
7	5	2	2	0.76874
11	6	2	4	1.55339
17	9	4	3	0.49019
16	8	3	5	1.65306
20	11	5	0	1.58971
1	1	0	1	0
4	3	1	1	0.250785
6	4	1	3	1.51933
13	7	3	2	1.75779
9	5	2	2	0
7	5	2	2	0.371684
11	6	2	4	1.30546
17	9	4	3	0.581996
16	8	3	5	1.64258
20	11	5	0	1.60095
2	2	0	2	1.604
8	5	2	2	1.28852
7	5	2	2	0.809397
11	6	2	4	1.35187
18	10	4	5	2.25907
19	11	5	0	2.26311
2	2	0	2	1.62251
12	6	2	4	1.79705
18	10	4	5	2.13301
19	11	5	0	2.22856
2	2	0	2	1.61847
12	6	2	4	1.53966
18	10	4	5	2.1266
19	11	5	0	2.23021
1	1	0	1	0
4	3	1	1	0.332312
6	4	1	3	1.50633
15	8	3	5	1.78016
20	11	5	0	1.58487
2	2	0	2	1.64076
8	5	2	2	1.58883
11	6	2	4	1.37535
18	10	4	5	2.08875
19	11	5	0	2.08779
1	1	0	1	0
4	3	1	1	0.584077
3	3	1	1	1.50531
6	4	1	3	1.52308
15	8	3	5	1.77637
20	11	5	0	1.5764
1	1	0	1	0
4	3	1	1	0.278421
6	4	1	3	1.53987
13	7	3	2	1.40845
10	6	2	4	1.58217
17	9	4	3	0.522818
16	8	3	5	1.65036
20	11	5	0	1.60169
1	1	0	1	0
4	3	1	1	0
6	4	1	3	1.52141
15	8	3	5	1.74747
20	11	5	0	1.59317
1	1	0	1	0
4	3	1	1	0.278255
6	4	1	3	1.5486
13	7	3	2	1.39388
10	6	2	4	1.58267
17	9	4	3	0.522444
16	8	3	5	1.65037
20	11	5	0	1.60166
2	2	0	2	1.60585
12	6	2	4	1.59308
18	10	4	5	2.07511
19	11	5	0	2.23389
1	1	0	1	0
4	3	1	1	0.330473
3	3	1	1	1.50623
3	3	1	1	1.52254
3	3	1	1	1.53997
3	3	1	1	1.53389
6	4	1	3	1.53446
13	7	3	2	1.47622
9	5	2	2	0
11	6	2	4	1.37052
17	9	4	3	0.582533
16	8	3	5	1.64921
20	11	5	0	1.60759
1	1	0	1	0
5	4	1	3	1.32271
13	7	3	2	1.57122
10	6	2	4	1.34229
18	10	4	5	2.06911
19	11	5	0	2.13555
1	1	0	1	0
5	4	1	3	1.34249
13	7	3	2	1.5598
9	5	2	2	0
11	6	2	4	1.39464
18	10	4	5	2.06745
19	11	5	0	2.06875
1	1	0	1	0
4	3	1	1	0.58429
6	4	1	3	1.50535
13	7	3	2	1.80766
10	6	2	4	1.58046
18	10	4	5	2.12003
19	11	5	0	2.14632
2	2	0	2	1.64012
12	6	2	4	1.55272
18	10	4	5	2.13557
19	11	5	0	2.24526
1	1	0	1	0
4	3	1	1	0.331421
6	4	1	3	1.50627
15	8	3	5	1.78044
20	11	5	0	1.58484
2	2	0	2	1.64076
8	5	2	2	1.58881
11	6	2	4	1.37536
17	9	4	3	0.580761
16	8	3	5	1.64837
20	11	5	0	1.6068
1	1	0	1	0
5	4	1	3	1.32306
15	8	3	5	1.57121
20	11	5	0	1.58261
1	1	0	1	0
5	4	1	3	1.27386
13	7	3	2	1.57468
10	6	2	4	1.22197
18	10	4	5	2.06451
19	11	5	0	2.13539
2	2	0	2	1.64888
8	5	2	2	1.47619
11	6	2	4	1.30861
18	10	4	5	2.08473
19	11	5	0	2.09462
2	2	0	2	1.62538
12	6	2	4	1.87511
17	9	4	3	0.615042
16	8	3	5	1.63774
20	11	5	0	1.60366
2	2	0	2	1.60704
8	5	2	2	1.38765
7	5	2	2	0.843868
7	5	2	2	0
7	5	2	2	0.866887
7	5	2	2	0.582168
11	6	2	4	1.54585
18	10	4	5	2.11809
19	11	5	0	2.25287
2	2	0	2	1.61279
8	5	2	2	0.539028
11	6	2	4	1.32765
17	9	4	3	0.594944
16	8	3	5	1.64644
20	11	5	0	1.60153
1	1	0	1	0
5	4	1	3	1.3233
15	8	3	5	1.5713
20	11	5	0	1.58241
2	2	0	2	1.63307
8	5	2	2	1.60496
11	6	2	4	1.35889
17	9	4	3	0.582201
16	8	3	5	1.64835
20	11	5	0	1.60684
2	2	0	2	1.60649
12	6	2	4	1.59639
17	9	4	3	0.559628
16	8	3	5	1.64128
20	11	5	0	1.61028
1	1	0	1	0
5	4	1	3	1.32121
13	7	3	2	1.57127
10	6	2	4	1.33745
17	9	4	3	0.472867
16	8	3	5	1.65214
20	11	5	0	1.60478
1	1	0	1	0
5	4	1	3	1.32245
15	8	3	5	1.57051
20	11	5	0	1.58375
1	1	0	1	0
5	4	1	3	1.27381
13	7	3	2	1.57472
9	5	2	2	0
11	6	2	4	1.38922
18	10	4	5	2.07556
19	11	5	0	2.07183
2	2	0	2	1.62681
12	6	2	4	1.86229
17	9	4	3	0.614873
14	7	3	2	1.63773
10	6	2	4	1.54509
18	10	4	5	2.11948
19	11	5	0	2.1702
2	2	0	2	1.63971
8	5	2	2	1.4306
7	5	2	2	1.00474
11	6	2	4	1.39021
17	9	4	3	0.633496
16	8	3	5	1.63915
20	11	5	0	1.60358
1	1	0	1	0
5	4	1	3	1.33053
15	8	3	5	1.57957
20	11	5	0	1.58717
1	1	0	1	0
4	3	1	1	0.255958
3	3	1	1	1.52637
3	3	1	1	1.51341
3	3	1	1	1.54234
3	3	1	1	1.5339
6	4	1	3	1.53439
15	8	3	5	1.47621
20	11	5	0	1.57763
1	1	0	1	0
4	3	1	1	0.274418
6	4	1	3	1.53804
15	8	3	5	1.412
20	11	5	0	1.6106
1	1	0	1	0
5	4	1	3	1.53356
15	8	3	5	1.57621
20	11	5	0	1.55718
2	2	0	2	1.63305
12	6	2	4	1.62342
18	10	4	5	2.04792
19	11	5	0	2.23958
2	2	0	2	1.61281
8	5	2	2	0.518762
7	5	2	2	0.680821
11	6	2	4	1.35902
17	9	4	3	0.617368
14	7	3	2	1.64028
9	5	2	2	0
7	5	2	2	0
11	6	2	4	1.30283
17	9	4	3	0.580423
14	7	3	2	1.643
10	6	2	4	1.51394
17	9	4	3	0.53575
16	8	3	5	1.64951
20	11	5	0	1.6029
1	1	0	1	0
4	3	1	1	0
3	3	1	1	1.52147
6	4	1	3	1.51976
13	7	3	2	1.77685
9	5	2	2	0
11	6	2	4	1.37123
17	9	4	3	0.582648
16	8	3	5	1.64919
20	11	5	0	1.60759
1	1	0	1	0
5	4	1	3	1.32271
15	8	3	5	1.57123
20	11	5	0	1.58257
2	2	0	2	1.63309
8	5	2	2	1.605
7	5	2	2	1.16248
7	5	2	2	0
7	5	2	2	0.853654
11	6	2	4	1.54552
17	9	4	3	0.489083
14	7	3	2	1.65302
10	6	2	4	1.4651
18	10	4	5	2.1194
19	11	5	0	2.17911
2	2	0	2	1.6381
12	6	2	4	1.55124
17	9	4	3	0.602522
14	7	3	2	1.63702
9	5	2	2	0
7	5	2	2	0
7	5	2	2	0
11	6	2	4	1.55074
18	10	4	5	2.14835
19	11	5	0	2.26227
1	1	0	1	0
4	3	1	1	0.33182
3	3	1	1	1.50622
6	4	1	3	1.52261
13	7	3	2	1.76884
10	6	2	4	1.57099
18	10	4	5	2.11991
19	11	5	0	2.14505
2	2	0	2	1.64011
8	5	2	2	1.43156
7	5	2	2	1.0066
11	6	2	4	1.3905
17	9	4	3	0.633464
16	8	3	5	1.63916
20	11	5	0	1.60358
1	1	0	1	0
4	3	1	1	0
6	4	1	3	1.5218
15	8	3	5	1.74675
20	11	5	0	1.59331
1	1	0	1	0
5	4	1	3	1.54213
13	7	3	2	1.57534
10	6	2	4	1.07772
17	9	4	3	0.473393
14	7	3	2	1.65219
9	5	2	2	0
11	6	2	4	1.41899
18	10	4	5	2.13536
19	11	5	0	2.10414
1	1	0	1	0
4	3	1	1	0.331082
3	3	1	1	1.50549
6	4	1	3	1.52306
13	7	3	2	1.77647
10	6	2	4	1.57039
18	10	4	5	2.11985
19	11	5	0	2.14496
2	2	0	2	1.64011
8	5	2	2	1.43149
7	5	2	2	1.00659
7	5	2	2	0
11	6	2	4	1.29987
18	10	4	5	2.14916
19	11	5	0	2.25661
1	1	0	1	0
5	4	1	3	1.61393
15	8	3	5	1.56157
20	11	5	0	1.5946
1	1	0	1	0
4	3	1	1	0.259521
6	4	1	3	1.52772
13	7	3	2	1.69348
10	6	2	4	1.5815
17	9	4	3	0.52334
14	7	3	2	1.65034
10	6	2	4	1.50189
17	9	4	3	0.536536
16	8	3	5	1.64947
20	11	5	0	1.60298
2	2	0	2	1.60603
8	5	2	2	1.29233
7	5	2	2	0.831902
11	6	2	4	1.35119
17	9	4	3	0.619345
14	7	3	2	1.63982
10	6	2	4	1.52764
18	10	4	5	2.11987
19	11	5	0	2.17232
2	2	0	2	1.6394
8	5	2	2	1.42668
7	5	2	2	0.99883
11	6	2	4	1.39017
18	10	4	5	2.26779
19	11	5	0	2.25928
2	2	0	2	1.6243
12	6	2	4	1.54229
18	10	4	5	2.13091
19	11	5	0	2.22982
2	2	0	2	1.61824
12	6	2	4	1.53915
17	9	4	3	0.597359
16	8	3	5	1.63808
20	11	5	0	1.60415
2	2	0	2	1.60709
12	6	2	4	1.59675
18	10	4	5	2.07218
19	11	5	0	2.23456
1	1	0	1	0
5	4	1	3	1.60507
15	8	3	5	1.5614
20	11	5	0	1.59049
2	2	0	2	1.63292
12	6	2	4	1.62254
17	9	4	3	0.533678
14	7	3	2	1.6405
10	6	2	4	1.52693
17	9	4	3	0.53482
16	8	3	5	1.64957
20	11	5	0	1.60277
1	1	0	1	0
5	4	1	3	1.32339
15	8	3	5	1.57068
20	11	5	0	1.58345
1	1	0	1	0
4	3	1	1	0
6	4	1	3	1.5271
13	7	3	2	1.69172
9	5	2	2	0
11	6	2	4	1.37196
18	10	4	5	2.05718
19	11	5	0	2.06629
2	2	0	2	1.63108
8	5	2	2	0.513345
7	5	2	2	0.744149
11	6	2	4	1.37293
18	10	4	5	2.26218
19	11	5	0	2.2607
2	2	0	2	1.62345
8	5	2	2	0.804366
11	6	2	4	1.32277
18	10	4	5	2.05411
19	11	5	0	2.0857
1	1	0	1	0
4	3	1	1	0.330593
3	3	1	1	1.50533
3	3	1	1	1.52307
3	3	1	1	1.54104
3	3	1	1	1.53356
6	4	1	3	1.53448
15	8	3	5	1.47622
20	11	5	0	1.57763
1	1	0	1	0
4	3	1	1	0.274418
6	4	1	3	1.53804
15	8	3	5	1.412
20	11	5	0	1.6106
1	1	0	1	0
4	3	1	1	0.281559
6	4	1	3	1.5505
13	7	3	2	1.39194
10	6	2	4	1.58283
17	9	4	3	0.522357
14	7	3	2	1.65037
9	5	2	2	0
11	6	2	4	1.41772
17	9	4	3	0.556656
16	8	3	5	1.65279
20	11	5	0	1.60424
2	2	0	2	1.60607
8	5	2	2	1.34366
7	5	2	2	0.83149
11	6	2	4	1.35289
18	10	4	5	2.25971
19	11	5	0	2.26319
2	2	0	2	1.62256
12	6	2	4	1.7964
18	10	4	5	2.133
19	11	5	0	2.22858
1	1	0	1	0
5	4	1	3	1.60215
13	7	3	2	1.56156
10	6	2	4	1.40133
17	9	4	3	0.478312
14	7	3	2	1.65194
10	6	2	4	1.49461
18	10	4	5	2.12033
19	11	5	0	2.17606
1	1	0	1	0
4	3	1	1	0.630265
3	3	1	1	1.50512
6	4	1	3	1.52302
13	7	3	2	1.77632
10	6	2	4	1.5704
17	9	4	3	0.524403
14	7	3	2	1.65034
10	6	2	4	1.50254
18	10	4	5	2.12007
19	11	5	0	2.17548
2	2	0	2	1.63892
8	5	2	2	1.41908
7	5	2	2	0.996542
11	6	2	4	1.3901
17	9	4	3	0.633387
16	8	3	5	1.63916
20	11	5	0	1.60357
1	1	0	1	0
5	4	1	3	1.33054
13	7	3	2	1.57957
10	6	2	4	1.33122
17	9	4	3	0.472565
16	8	3	5	1.65214
20	11	5	0	1.60483
2	2	0	2	1.60595
12	6	2	4	1.59278
18	10	4	5	2.07549
19	11	5	0	2.23387
1	1	0	1	0
4	3	1	1	0.330508
3	3	1	1	1.50622
6	4	1	3	1.52255
15	8	3	5	1.76897
20	11	5	0	1.57598
1	1	0	1	0
4	3	1	1	0.274732
3	3	1	1	1.53992
3	3	1	1	1.50617
3	3	1	1	1.5445
6	4	1	3	1.53377
13	7	3	2	1.4761
10	6	2	4	1.58356
17	9	4	3	0.523842
16	8	3	5	1.65035
20	11	5	0	1.60208
1	1	0	1	0
5	4	1	3	1.32356
15	8	3	5	1.57063
20	11	5	0	1.58357
2	2	0	2	1.63322
12	6	2	4	1.62488
17	9	4	3	0.53431
16	8	3	5	1.64052
20	11	5	0	1.59913
2	2	0	2	1.61037
12	6	2	4	1.59842
17	9	4	3	0.558078
16	8	3	5	1.64121
20	11	5	0	1.61035
1	1	0	1	0
5	4	1	3	1.3212
13	7	3	2	1.57126
9	5	2	2	0
7	5	2	2	0.960587
11	6	2	4	1.31386
18	10	4	5	2.23053
19	11	5	0	2.24997
1	1	0	1	0
5	4	1	3	1.61059
15	8	3	5	1.56195
20	11	5	0	1.59076
2	2	0	2	1.63285
12	6	2	4	1.62264
18	10	4	5	2.04944
19	11	5	0	2.24023
1	1	0	1	0
4	3	1	1	0.327917
6	4	1	3	1.50369
15	8	3	5	1.78519
20	11	5	0	1.58366
2	2	0	2	1.64058
12	6	2	4	1.60567
17	9	4	3	0.536777
16	8	3	5	1.64114
20	11	5	0	1.60998
1	1	0	1	0
4	3	1	1	0
6	4	1	3	1.52178
13	7	3	2	1.74587
9	5	2	2	0
11	6	2	4	1.6232
18	10	4	5	2.05688
19	11	5	0	2.06636
2	2	0	2	1.63107
12	6	2	4	1.87092
18	10	4	5	2.14463
19	11	5	0	2.22452
2	2	0	2	1.61947
8	5	2	2	0.883555
11	6	2	4	1.32219
17	9	4	3	0.589074
16	8	3	5	1.64667
20	11	5	0	1.59911
2	2	0	2	1.61247
8	5	2	2	1.444
7	5	2	2	0.862107
11	6	2	4	1.3584
17	9	4	3	0.624603
14	7	3	2	1.63931
10	6	2	4	1.52993
18	10	4	5	2.11983
19	11	5	0	2.17209
2	2	0	2	1.63944
12	6	2	4	1.5525
18	10	4	5	2.13521
19	11	5	0	2.24484
2	2	0	2	1.61669
8	5	2	2	0.793555
7	5	2	2	0.723384
7	5	2	2	0
11	6	2	4	1.29972
17	9	4	3	0.518807
16	8	3	5	1.64998
20	11	5	0	1.58554
1	1	0	1	0
5	4	1	3	1.34834
15	8	3	5	1.57906
20	11	5	0	1.59371
2	2	0	2	1.63169
8	5	2	2	1.60416
11	6	2	4	1.36027
18	10	4	5	2.08618
19	11	5	0	2.08831
1	1	0	1	0
4	3	1	1	0.583423
3	3	1	1	1.50532
3	3	1	1	1.52307
6	4	1	3	1.54105
15	8	3	5	1.47612
20	11	5	0	1.57797
2	2	0	2	1.63629
8	5	2	2	1.61078
11	6	2	4	1.36988
18	10	4	5	2.09365
19	11	5	0	2.09222
1	1	0	1	0
5	4	1	3	1.33171
13	7	3	2	1.55952
10	6	2	4	1.40174
17	9	4	3	0.478087
14	7	3	2	1.65194
10	6	2	4	1.49453
17	9	4	3	0.537039
14	7	3	2	1.64946
9	5	2	2	0
11	6	2	4	1.41624
17	9	4	3	0.557752
14	7	3	2	1.65278
9	5	2	2	0
7	5	2	2	0
11	6	2	4	1.30292
18	10	4	5	2.22095
19	11	5	0	2.24851
1	1	0	1	0
4	3	1	1	0.333668
3	3	1	1	1.50601
6	4	1	3	1.52263
15	8	3	5	1.76874
20	11	5	0	1.57598
1	1	0	1	0
5	4	1	3	1.54057
15	8	3	5	1.5785
20	11	5	0	1.56407
1	1	0	1	0
4	3	1	1	0
6	4	1	3	1.5262
13	7	3	2	1.69786
10	6	2	4	1.58136
17	9	4	3	0.523446
16	8	3	5	1.65034
20	11	5	0	1.60199
1	1	0	1	0
5	4	1	3	1.32358
15	8	3	5	1.57062
20	11	5	0	1.58359
2	2	0	2	1.63322
12	6	2	4	1.62488
18	10	4	5	2.04892
19	11	5	0	2.24024
2	2	0	2	1.61284
12	6	2	4	1.85016
17	9	4	3	0.609027
16	8	3	5	1.63778
20	11	5	0	1.60424
1	1	0	1	0
5	4	1	3	1.3219
15	8	3	5	1.57162
20	11	5	0	1.58142
1	1	0	1	0
4	3	1	1	0
3	3	1	1	1.5269
3	3	1	1	1.51321
3	3	1	1	1.54243
3	3	1	1	1.53389
3	3	1	1	1.53438
6	4	1	3	1.53455
13	7	3	2	1.47622
10	6	2	4	1.58356
17	9	4	3	0.523859
16	8	3	5	1.65035
20	11	5	0	1.60209
2	2	0	2	1.60588
8	5	2	2	1.28464
11	6	2	4	1.35377
18	10	4	5	2.05187
19	11	5	0	2.08099
1	1	0	1	0
4	3	1	1	0.330888
3	3	1	1	1.50536
6	4	1	3	1.52308
15	8	3	5	1.7764
20	11	5	0	1.5764
2	2	0	2	1.63766
8	5	2	2	1.60866
11	6	2	4	1.3712
18	10	4	5	2.09342
19	11	5	0	2.09187
1	1	0	1	0
5	4	1	3	1.3317
13	7	3	2	1.55952
9	5	2	2	0
7	5	2	2	0.988893
7	5	2	2	0
11	6	2	4	1.55133
17	9	4	3	0.519642
14	7	3	2	1.65106
10	6	2	4	1.46878
17	9	4	3	0.538035
16	8	3	5	1.64927
20	11	5	0	1.60335
1	1	0	1	0
4	3	1	1	0
6	4	1	3	1.52153
13	7	3	2	1.74692
10	6	2	4	1.5809
17	9	4	3	0.523879
16	8	3	5	1.65033
20	11	5	0	1.60202
2	2	0	2	1.60587
8	5	2	2	1.28389
11	6	2	4	1.35378
18	10	4	5	2.05185
19	11	5	0	2.08099
2	2	0	2	1.62518
12	6	2	4	1.88022
17	9	4	3	0.615352
14	7	3	2	1.63776
10	6	2	4	1.54516
17	9	4	3	0.533364
16	8	3	5	1.64968
20	11	5	0	1.60259
1	1	0	1	0
4	3	1	1	0
6	4	1	3	1.52147
15	8	3	5	1.7472
20	11	5	0	1.59322
1	1	0	1	0
4	3	1	1	0.278265
6	4	1	3	1.54861
13	7	3	2	1.39386
10	6	2	4	1.58267
17	9	4	3	0.522443
14	7	3	2	1.65037
10	6	2	4	1.50154
18	10	4	5	2.12008
19	11	5	0	2.17556
1	1	0	1	0
4	3	1	1	0.630284
6	4	1	3	1.5052
15	8	3	5	1.8077
20	11	5	0	1.58158
2	2	0	2	1.64096
8	5	2	2	1.58721
11	6	2	4	1.37596
18	10	4	5	2.08824
19	11	5	0	2.08731
2	2	0	2	1.62643
12	6	2	4	1.86052
17	9	4	3	0.614351
16	8	3	5	1.63775
20	11	5	0	1.60364
1	1	0	1	0
5	4	1	3	1.32209
15	8	3	5	1.57161
20	11	5	0	1.58147
2	2	0	2	1.633
8	5	2	2	1.60475
7	5	2	2	1.15953
7	5	2	2	0
11	6	2	4	1.30029
18	10	4	5	2.15221
19	11	5	0	2.25875
1	1	0	1	0
4	3	1	1	0.332066
6	4	1	3	1.50631
15	8	3	5	1.78045
20	11	5	0	1.58486
2	2	0	2	1.64076
8	5	2	2	1.58881
11	6	2	4	1.37536
18	10	4	5	2.08874
19	11	5	0	2.08778
2	2	0	2	1.62643
12	6	2	4	1.86022
18	10	4	5	2.14357
19	11	5	0	2.22512
1	1	0	1	0
4	3	1	1	0.333451
6	4	1	3	1.50634
15	8	3	5	1.78003
20	11	5	0	1.58489
2	2	0	2	1.64076
12	6	2	4	1.60106
18	10	4	5	2.07514
19	11	5	0	2.23945
1	1	0	1	0
4	3	1	1	0.328806
6	4	1	3	1.50611
15	8	3	5	1.78113
20	11	5	0	1.58475
2	2	0	2	1.64077
8	5	2	2	1.58895
11	6	2	4	1.37537
17	9	4	3	0.58076
16	8	3	5	1.64837
20	11	5	0	1.6068
1	1	0	1	0
5	4	1	3	1.32306
13	7	3	2	1.5712
10	6	2	4	1.34255
17	9	4	3	0.473135
16	8	3	5	1.65213
20	11	5	0	1.60479
1	1	0	1	0
5	4	1	3	1.32245
13	7	3	2	1.57051
10	6	2	4	1.35085
18	10	4	5	2.06976
19	11	5	0	2.13576
2	2	0	2	1.64912
8	5	2	2	1.47837
7	5	2	2	1.04579
11	6	2	4	1.39055
18	10	4	5	2.26796
19	11	5	0	2.25934
1	1	0	1	0
5	4	1	3	1.60233
15	8	3	5	1.56159
20	11	5	0	1.59066
2	2	0	2	1.63288
12	6	2	4	1.6226
18	10	4	5	2.04945
19	11	5	0	2.24023
1	1	0	1	0
4	3	1	1	0.327917
6	4	1	3	1.50369
15	8	3	5	1.78519
20	11	5	0	1.58366
2	2	0	2	1.64058
8	5	2	2	1.59356
7	5	2	2	1.25754
11	6	2	4	1.35443
18	10	4	5	2.26276
19	11	5	0	2.26341
1	1	0	1	0
4	3	1	1	0.332516
6	4	1	3	1.50641
15	8	3	5	1.77989
20	11	5	0	1.58493
2	2	0	2	1.64076
8	5	2	2	1.58885
11	6	2	4	1.37535
18	10	4	5	2.08875
19	11	5	0	2.08779
1	1	0	1	0
4	3	1	1	0.584079
3	3	1	1	1.50531
3	3	1	1	1.52307
3	3	1	1	1.54104
3	3	1	1	1.53356
3	3	1	1	1.53448
6	4	1	3	1.53455
13	7	3	2	1.47622
9	5	2	2	0
11	6	2	4	1.37053
18	10	4	5	2.05436
19	11	5	0	2.06653
1	1	0	1	0
5	4	1	3	1.33124
13	7	3	2	1.55945
10	6	2	4	1.40175
17	9	4	3	0.478076
16	8	3	5	1.65195
20	11	5	0	1.60498
1	1	0	1	0
5	4	1	3	1.32238
15	8	3	5	1.57053
20	11	5	0	1.58369
2	2	0	2	1.63324
8	5	2	2	1.60515
7	5	2	2	1.16614
7	5	2	2	0
11	6	2	4	1.30028
17	9	4	3	0.521223
14	7	3	2	1.64971
9	5	2	2	0
7	5	2	2	0
7	5	2	2	0
7	5	2	2	1.08315
7	5	2	2	0.58548
11	6	2	4	1.5454
18	10	4	5	2.11835
19	11	5	0	2.25303
1	1	0	1	0
4	3	1	1	0.332724
3	3	1	1	1.506
3	3	1	1	1.52263
6	4	1	3	1.53997
13	7	3	2	1.47644
10	6	2	4	1.58358
18	10	4	5	2.1192
19	11	5	0	2.1451
2	2	0	2	1.64011
12	6	2	4	1.55263
17	9	4	3	0.602584
16	8	3	5	1.63683
20	11	5	0	1.60351
1	1	0	1	0
4	3	1	1	0
6	4	1	3	1.52227
15	8	3	5	1.74387
20	11	5	0	1.5938
1	1	0	1	0
4	3	1	1	0.278382
3	3	1	1	1.54869
6	4	1	3	1.50115
15	8	3	5	1.83307
20	11	5	0	1.57698
2	2	0	2	1.63852
8	5	2	2	1.60739
7	5	2	2	1.25191
11	6	2	4	1.3605
17	9	4	3	0.630207
16	8	3	5	1.63871
20	11	5	0	1.60365
1	1	0	1	0
4	3	1	1	0
3	3	1	1	1.52149
3	3	1	1	1.51989
3	3	1	1	1.54017
6	4	1	3	1.53402
15	8	3	5	1.47616
20	11	5	0	1.57761
1	1	0	1	0
4	3	1	1	0.274411
3	3	1	1	1.53803
6	4	1	3	1.50735
13	7	3	2	1.81481
9	5	2	2	0
7	5	2	2	0.636636
11	6	2	4	1.30516
18	10	4	5	2.22274
19	11	5	0	2.24894
2	2	0	2	1.61821
12	6	2	4	1.80894
18	10	4	5	2.12011
19	11	5	0	2.22765
1	1	0	1	0
5	4	1	3	1.60389
15	8	3	5	1.5616
20	11	5	0	1.59061
2	2	0	2	1.63289
8	5	2	2	1.60172
11	6	2	4	1.36125
17	9	4	3	0.582071
14	7	3	2	1.64837
9	5	2	2	0
11	6	2	4	1.40387
18	10	4	5	2.12029
19	11	5	0	2.09815
2	2	0	2	1.62915
8	5	2	2	0.516145
7	5	2	2	0.738716
11	6	2	4	1.37032
17	9	4	3	0.622093
16	8	3	5	1.63999
20	11	5	0	1.60307
1	1	0	1	0
5	4	1	3	1.33347
15	8	3	5	1.57493
20	11	5	0	1.58798
1	1	0	1	0
5	4	1	3	1.52747
15	8	3	5	1.57484
20	11	5	0	1.5703
1	1	0	1	0
5	4	1	3	1.2779
15	8	3	5	1.57425
20	11	5	0	1.57021
1	1	0	1	0
5	4	1	3	1.27788
13	7	3	2	1.57424
10	6	2	4	1.22596
17	9	4	3	0.468977
16	8	3	5	1.65229
20	11	5	0	1.60457
1	1	0	1	0
5	4	1	3	1.32253
15	8	3	5	1.57855
20	11	5	0	1.58736
2	2	0	2	1.63188
12	6	2	4	1.62343
17	9	4	3	0.534191
14	7	3	2	1.64587
9	5	2	2	0
7	5	2	2	0
7	5	2	2	0
11	6	2	4	1.5509
17	9	4	3	0.516868
16	8	3	5	1.65121
20	11	5	0	1.58697
2	2	0	2	1.59626
12	6	2	4	1.58832
18	10	4	5	2.08743
19	11	5	0	2.2362
1	1	0	1	0
4	3	1	1	0.331388
6	4	1	3	1.50631
13	7	3	2	1.78027
10	6	2	4	1.58086
17	9	4	3	0.524347
16	8	3	5	1.65032
20	11	5	0	1.60205
1	1	0	1	0
5	4	1	3	1.32357
13	7	3	2	1.57062
10	6	2	4	1.3498
18	10	4	5	2.06966
19	11	5	0	2.13575
2	2	0	2	1.64911
12	6	2	4	1.55716
17	9	4	3	0.601347
14	7	3	2	1.63644
10	6	2	4	1.54123
17	9	4	3	0.533731
16	8	3	5	1.64966
20	11	5	0	1.60264
1	1	0	1	0
4	3	1	1	0
3	3	1	1	1.52145
3	3	1	1	1.51975
6	4	1	3	1.5402
15	8	3	5	1.47671
20	11	5	0	1.57785
2	2	0	2	1.63636
8	5	2	2	1.6107
7	5	2	2	1.24323
7	5	2	2	0
11	6	2	4	1.29984
17	9	4	3	0.523575
14	7	3	2	1.65111
10	6	2	4	1.46896
18	10	4	5	2.11946
19	11	5	0	2.17871
2	2	0	2	1.63818
8	5	2	2	1.40848
7	5	2	2	0.990837
11	6	2	4	1.38997
18	10	4	5	2.26772
19	11	5	0	2.25927
2	2	0	2	1.62428
8	5	2	2	0.827699
11	6	2	4	1.3217
18	10	4	5	2.05498
19	11	5	0	2.0856
2	2	0	2	1.62468
12	6	2	4	1.88709
18	10	4	5	2.14443
19	11	5	0	2.22382
2	2	0	2	1.61951
8	5	2	2	0.88587
7	5	2	2	0.760947
7	5	2	2	0
7	5	2	2	0.81327
7	5	2	2	0.844042
7	5	2	2	0.825967
7	5	2	2	0.824468
7	5	2	2	0.824213
11	6	2	4	1.54473
17	9	4	3	0.48449
16	8	3	5	1.65355
20	11	5	0	1.5894
1	1	0	1	0
4	3	1	1	0.25081
6	4	1	3	1.51935
15	8	3	5	1.75773
20	11	5	0	1.59091
1	1	0	1	0
4	3	1	1	0.277716
6	4	1	3	1.548
15	8	3	5	1.39578
20	11	5	0	1.61822
2	2	0	2	1.64317
12	6	2	4	1.5915
18	10	4	5	2.08323
19	11	5	0	2.23764
2	2	0	2	1.61551
12	6	2	4	1.86057
18	10	4	5	2.12929
19	11	5	0	2.22667
2	2	0	2	1.61838
12	6	2	4	1.54586
17	9	4	3	0.596409
16	8	3	5	1.63813
20	11	5	0	1.60417
2	2	0	2	1.60709
8	5	2	2	1.38392
11	6	2	4	1.35264
18	10	4	5	2.05467
19	11	5	0	2.08107
1	1	0	1	0
4	3	1	1	0.330935
6	4	1	3	1.50544
13	7	3	2	1.80752
10	6	2	4	1.58046
18	10	4	5	2.12003
19	11	5	0	2.14632
2	2	0	2	1.64012
8	5	2	2	1.43213
11	6	2	4	1.30596
18	10	4	5	2.08343
19	11	5	0	2.09413
1	1	0	1	0
4	3	1	1	0.331029
6	4	1	3	1.50542
15	8	3	5	1.80754
20	11	5	0	1.58155
1	1	0	1	0
4	3	1	1	0.280995
3	3	1	1	1.54935
3	3	1	1	1.50059
3	3	1	1	1.54628
3	3	1	1	1.53361
6	4	1	3	1.53432
13	7	3	2	1.47621
10	6	2	4	1.58356
18	10	4	5	2.11933
19	11	5	0	2.14513
1	1	0	1	0
5	4	1	3	1.34079
15	8	3	5	1.55963
20	11	5	0	1.58989
1	1	0	1	0
5	4	1	3	1.52946
15	8	3	5	1.57515
20	11	5	0	1.56932
2	2	0	2	1.63245
8	5	2	2	1.60062
11	6	2	4	1.35728
18	10	4	5	2.08517
19	11	5	0	2.08807
2	2	0	2	1.62624
12	6	2	4	1.86125
18	10	4	5	2.1436
19	11	5	0	2.2251
1	1	0	1	0
4	3	1	1	0.33345
6	4	1	3	1.50634
15	8	3	5	1.78003
20	11	5	0	1.58489
1	1	0	1	0
4	3	1	1	0.277643
3	3	1	1	1.54828
3	3	1	1	1.50142
6	4	1	3	1.54605
13	7	3	2	1.47716
9	5	2	2	0
7	5	2	2	0.637977
7	5	2	2	0
11	6	2	4	1.54935
18	10	4	5	2.1495
19	11	5	0	2.26261
2	2	0	2	1.60899
8	5	2	2	0.533807
11	6	2	4	1.3291
18	10	4	5	2.04862
19	11	5	0	2.08696
2	2	0	2	1.62441
8	5	2	2	0.506869
7	5	2	2	0.730876
7	5	2	2	0
11	6	2	4	1.29972
18	10	4	5	2.14932
19	11	5	0	2.25746
2	2	0	2	1.60962
12	6	2	4	1.91622
18	10	4	5	2.12409
19	11	5	0	2.22538
2	2	0	2	1.61807
12	6	2	4	1.54401
17	9	4	3	0.597357
16	8	3	5	1.6381
20	11	5	0	1.60415
2	2	0	2	1.60709
8	5	2	2	1.38418
7	5	2	2	0.844091
7	5	2	2	0
11	6	2	4	1.2995
18	10	4	5	2.15281
19	11	5	0	2.26312
2	2	0	2	1.60886
8	5	2	2	0.533445
7	5	2	2	0.706239
11	6	2	4	1.35872
17	9	4	3	0.61719
16	8	3	5	1.6403
20	11	5	0	1.60285
2	2	0	2	1.60481
8	5	2	2	1.33852
11	6	2	4	1.35226
17	9	4	3	0.588218
16	8	3	5	1.64758
20	11	5	0	1.60743
1	1	0	1	0
5	4	1	3	1.32293
15	8	3	5	1.57129
20	11	5	0	1.58241
1	1	0	1	0
4	3	1	1	0
3	3	1	1	1.52697
6	4	1	3	1.5132
15	8	3	5	1.80194
20	11	5	0	1.57661
2	2	0	2	1.63813
12	6	2	4	1.61574
18	10	4	5	2.05379
19	11	5	0	2.24262
2	2	0	2	1.61304
12	6	2	4	1.85514
18	10	4	5	2.13276
19	11	5	0	2.22528
1	1	0	1	0
5	4	1	3	1.60353
15	8	3	5	1.56171
20	11	5	0	1.59066
2	2	0	2	1.63287
8	5	2	2	1.60178
7	5	2	2	1.17985
7	5	2	2	0
11	6	2	4	1.30012
18	10	4	5	2.16086
19	11	5	0	2.26283
1	1	0	1	0
4	3	1	1	0.331961
3	3	1	1	1.50621
3	3	1	1	1.52259
6	4	1	3	1.53997
13	7	3	2	1.47644
10	6	2	4	1.58358
18	10	4	5	2.1192
19	11	5	0	2.1451
1	1	0	1	0
4	3	1	1	0.632629
6	4	1	3	1.50519
13	7	3	2	1.80772
9	5	2	2	0
7	5	2	2	0.369473
7	5	2	2	0
7	5	2	2	1.10522
11	6	2	4	1.28631
17	9	4	3	0.484072
16	8	3	5	1.65317
20	11	5	0	1.58927
2	2	0	2	1.59618
12	6	2	4	1.58786
17	9	4	3	0.57242
16	8	3	5	1.64069
20	11	5	0	1.6101
1	1	0	1	0
5	4	1	3	1.32094
15	8	3	5	1.5714
20	11	5	0	1.58182
2	2	0	2	1.63305
12	6	2	4	1.62496
18	10	4	5	2.04882
19	11	5	0	2.2402
2	2	0	2	1.61283
12	6	2	4	1.85006
18	10	4	5	2.13274
19	11	5	0	2.22561
1	1	0	1	0
4	3	1	1	0.332865
3	3	1	1	1.5063
3	3	1	1	1.52253
3	3	1	1	1.53997
3	3	1	1	1.5339
3	3	1	1	1.53445
6	4	1	3	1.53455
15	8	3	5	1.47622
20	11	5	0	1.57765
1	1	0	1	0
5	4	1	3	1.5368
13	7	3	2	1.57905
9	5	2	2	0
11	6	2	4	1.38461
18	10	4	5	2.07809
19	11	5	0	2.07299
2	2	0	2	1.62687
8	5	2	2	0.515343
7	5	2	2	0.74706
7	5	2	2	0
11	6	2	4	1.29979
18	10	4	5	2.14922
19	11	5	0	2.2573
2	2	0	2	1.60964
8	5	2	2	0.535465
7	5	2	2	0.709737
7	5	2	2	0
7	5	2	2	0.831375
7	5	2	2	0.843012
7	5	2	2	0.826089
7	5	2	2	0.824505
11	6	2	4	1.54474
17	9	4	3	0.484506
16	8	3	5	1.65355
20	11	5	0	1.5894
2	2	0	2	1.59625
8	5	2	2	1.10319
11	6	2	4	1.35129
17	9	4	3	0.593506
16	8	3	5	1.64728
20	11	5	0	1.60745
1	1	0	1	0
5	4	1	3	1.323
13	7	3	2	1.5713
9	5	2	2	0
11	6	2	4	1.39332
17	9	4	3	0.580428
14	7	3	2	1.64939
9	5	2	2	0
7	5	2	2	0
11	6	2	4	1.30305
17	9	4	3	0.580517
16	8	3	5	1.64299
20	11	5	0	1.60081
1	1	0	1	0
5	4	1	3	1.35356
13	7	3	2	1.57891
10	6	2	4	1.33061
17	9	4	3	0.472966
16	8	3	5	1.65212
20	11	5	0	1.6049
1	1	0	1	0
5	4	1	3	1.32241
13	7	3	2	1.57052
9	5	2	2	0
7	5	2	2	0.968519
7	5	2	2	0
11	6	2	4	1.55142
18	10	4	5	2.15056
19	11	5	0	2.26278
2	2	0	2	1.60896
8	5	2	2	0.533734
11	6	2	4	1.32909
18	10	4	5	2.04862
19	11	5	0	2.08697
1	1	0	1	0
4	3	1	1	0.330539
3	3	1	1	1.50535
6	4	1	3	1.52308
13	7	3	2	1.77641
10	6	2	4	1.57039
18	10	4	5	2.11985
19	11	5	0	2.14496
1	1	0	1	0
5	4	1	3	1.34079
13	7	3	2	1.55963
9	5	2	2	0
11	6	2	4	1.39462
17	9	4	3	0.580597
16	8	3	5	1.64938
20	11	5	0	1.60727
2	2	0	2	1.60654
8	5	2	2	1.37082
11	6	2	4	1.35338
17	9	4	3	0.587801
16	8	3	5	1.64765
20	11	5	0	1.60742
1	1	0	1	0
5	4	1	3	1.32293
15	8	3	5	1.57128
20	11	5	0	1.58242
2	2	0	2	1.63308
8	5	2	2	1.60496
11	6	2	4	1.35889
17	9	4	3	0.5822
14	7	3	2	1.64835
10	6	2	4	1.53443
18	10	4	5	2.11956
19	11	5	0	2.17204
1	1	0	1	0
5	4	1	3	1.34059
15	8	3	5	1.55959
20	11	5	0	1.58987
1	1	0	1	0
4	3	1	1	0.25799
6	4	1	3	1.52742
13	7	3	2	1.69473
10	6	2	4	1.58147
18	10	4	5	2.1186
19	11	5	0	2.14648
1	1	0	1	0
4	3	1	1	0.632708
6	4	1	3	1.50519
15	8	3	5	1.80773
20	11	5	0	1.58157
2	2	0	2	1.64096
8	5	2	2	1.58722
7	5	2	2	1.25912
11	6	2	4	1.35341
17	9	4	3	0.62515
16	8	3	5	1.63918
20	11	5	0	1.60344
2	2	0	2	1.60478
8	5	2	2	1.33809
7	5	2	2	0.81776
7	5	2	2	0
11	6	2	4	1.29947
17	9	4	3	0.523114
16	8	3	5	1.65109
20	11	5	0	1.58725
2	2	0	2	1.59628
8	5	2	2	1.11529
11	6	2	4	1.35101
17	9	4	3	0.593499
14	7	3	2	1.64728
9	5	2	2	0
11	6	2	4	1.402
17	9	4	3	0.564371
14	7	3	2	1.65259
10	6	2	4	1.52411
18	10	4	5	2.11952
19	11	5	0	2.17289
1	1	0	1	0
5	4	1	3	1.34051
15	8	3	5	1.5596
20	11	5	0	1.58987
1	1	0	1	0
5	4	1	3	1.52946
15	8	3	5	1.57515
20	11	5	0	1.56931
2	2	0	2	1.63245
12	6	2	4	1.62486
18	10	4	5	2.04814
19	11	5	0	2.23986
2	2	0	2	1.61281
8	5	2	2	0.51869
7	5	2	2	0.680564
11	6	2	4	1.35903
17	9	4	3	0.617379
14	7	3	2	1.64028
9	5	2	2	0
11	6	2	4	1.40717
17	9	4	3	0.563338
14	7	3	2	1.65268
9	5	2	2	0
7	5	2	2	0
11	6	2	4	1.30293
18	10	4	5	2.22094
19	11	5	0	2.24851
1	1	0	1	0
5	4	1	3	1.60552
15	8	3	5	1.56126
20	11	5	0	1.59054
2	2	0	2	1.63294
8	5	2	2	1.60161
7	5	2	2	1.17994
7	5	2	2	0
11	6	2	4	1.30011
18	10	4	5	2.16086
19	11	5	0	2.26283
2	2	0	2	1.60928
8	5	2	2	0.534267
7	5	2	2	0.708232
7	5	2	2	0
11	6	2	4	1.29955
18	10	4	5	2.15007
19	11	5	0	2.25817
2	2	0	2	1.60955
12	6	2	4	1.91728
18	10	4	5	2.12417
19	11	5	0	2.2253
1	1	0	1	0
5	4	1	3	1.60347
13	7	3	2	1.56163
9	5	2	2	0
11	6	2	4	1.39468
18	10	4	5	2.06734
19	11	5	0	2.06875
2	2	0	2	1.62661
12	6	2	4	1.86741
17	9	4	3	0.61522
14	7	3	2	1.63772
9	5	2	2	0
7	5	2	2	0
7	5	2	2	0
11	6	2	4	1.5507
17	9	4	3	0.516943
16	8	3	5	1.65121
20	11	5	0	1.58698
1	1	0	1	0
5	4	1	3	1.59399
15	8	3	5	1.57559
20	11	5	0	1.59694
2	2	0	2	1.63217
12	6	2	4	1.62368
17	9	4	3	0.533743
16	8	3	5	1.64053
20	11	5	0	1.59939
1	1	0	1	0
4	3	1	1	0
6	4	1	3	1.52251
13	7	3	2	1.74352
9	5	2	2	0
7	5	2	2	0.371723
7	5	2	2	0
11	6	2	4	1.55144
18	10	4	5	2.14947
19	11	5	0	2.26259
2	2	0	2	1.60899
8	5	2	2	0.533816
7	5	2	2	0.706844
7	5	2	2	0
7	5	2	2	0.831457
7	5	2	2	0.842996
7	5	2	2	0.826088
11	6	2	4	1.54486
17	9	4	3	0.484563
16	8	3	5	1.65354
20	11	5	0	1.5894
2	2	0	2	1.59625
8	5	2	2	1.10322
7	5	2	2	0.776153
11	6	2	4	1.3467
17	9	4	3	0.615606
16	8	3	5	1.64019
20	11	5	0	1.60278
2	2	0	2	1.6046
12	6	2	4	1.59541
18	10	4	5	2.0711
19	11	5	0	2.23404
1	1	0	1	0
4	3	1	1	0.330214
3	3	1	1	1.50624
3	3	1	1	1.52254
6	4	1	3	1.53998
15	8	3	5	1.47644
20	11	5	0	1.57785
1	1	0	1	0
4	3	1	1	0.27426
6	4	1	3	1.53789
13	7	3	2	1.412
10	6	2	4	1.58205
18	10	4	5	2.11817
19	11	5	0	2.14657
2	2	0	2	1.64011
8	5	2	2	1.43183
11	6	2	4	1.30595
18	10	4	5	2.08342
19	11	5	0	2.09413
2	2	0	2	1.62535
12	6	2	4	1.87584
17	9	4	3	0.615093
16	8	3	5	1.63774
20	11	5	0	1.60366
2	2	0	2	1.60704
8	5	2	2	1.38767
11	6	2	4	1.35257
17	9	4	3	0.587643
14	7	3	2	1.64768
9	5	2	2	0
7	5	2	2	0
7	5	2	2	0
11	6	2	4	1.55079
18	10	4	5	2.14833
19	11	5	0	2.26227
1	1	0	1	0
5	4	1	3	1.61472
13	7	3	2	1.56151
10	6	2	4	1.42418
17	9	4	3	0.48126
16	8	3	5	1.65184
20	11	5	0	1.60513
2	2	0	2	1.60603
8	5	2	2	1.28019
11	6	2	4	1.35403
18	10	4	5	2.05176
19	11	5	0	2.08095
2	2	0	2	1.62518
8	5	2	2	0.512873
7	5	2	2	0.737555
11	6	2	4	1.37128
18	10	4	5	2.26186
19	11	5	0	2.26084
2	2	0	2	1.62337
12	6	2	4	1.54029
18	10	4	5	2.132
19	11	5	0	2.2292
2	2	0	2	1.61836
12	6	2	4	1.5394
17	9	4	3	0.597217
16	8	3	5	1.63809
20	11	5	0	1.60415
1	1	0	1	0
5	4	1	3	1.32179
15	8	3	5	1.57157
20	11	5	0	1.58157
1	1	0	1	0
4	3	1	1	0
3	3	1	1	1.52691
6	4	1	3	1.51323
15	8	3	5	1.80185
20	11	5	0	1.57661
2	2	0	2	1.63813
12	6	2	4	1.61574
17	9	4	3	0.527767
14	7	3	2	1.64094
9	5	2	2	0
7	5	2	2	0
7	5	2	2	0
11	6	2	4	1.55093
17	9	4	3	0.516855
14	7	3	2	1.65121
10	6	2	4	1.46845
18	10	4	5	2.11946
19	11	5	0	2.17875
2	2	0	2	1.63817
8	5	2	2	1.40835
7	5	2	2	0.988151
11	6	2	4	1.38997
18	10	4	5	2.26772
19	11	5	0	2.25927
1	1	0	1	0
5	4	1	3	1.60247
15	8	3	5	1.5616
20	11	5	0	1.59066
2	2	0	2	1.63288
8	5	2	2	1.60178
11	6	2	4	1.36125
17	9	4	3	0.58207
14	7	3	2	1.64837
10	6	2	4	1.53436
18	10	4	5	2.11956
19	11	5	0	2.17205
1	1	0	1	0
4	3	1	1	0.632046
3	3	1	1	1.50511
6	4	1	3	1.52302
13	7	3	2	1.77632
10	6	2	4	1.5704
18	10	4	5	2.11986
19	11	5	0	2.14496
2	2	0	2	1.64011
12	6	2	4	1.55265
17	9	4	3	0.602573
14	7	3	2	1.63683
9	5	2	2	0
11	6	2	4	1.40053
18	10	4	5	2.11784
19	11	5	0	2.09637
1	1	0	1	0
5	4	1	3	1.58525
13	7	3	2	1.55982
9	5	2	2	0
11	6	2	4	1.39462
18	10	4	5	2.06748
19	11	5	0	2.06875
2	2	0	2	1.62661
8	5	2	2	0.513952
7	5	2	2	0.744529
11	6	2	4	1.37326
17	9	4	3	0.623342
14	7	3	2	1.63991
9	5	2	2	0
11	6	2	4	1.40538
17	9	4	3	0.563868
16	8	3	5	1.65266
20	11	5	0	1.60467
2	2	0	2	1.60613
8	5	2	2	1.34589
7	5	2	2	0.831995
7	5	2	2	0
7	5	2	2	0.867279
7	5	2	2	0.582229
7	5	2	2	0.8255
7	5	2	2	0.823913
7	5	2	2	0.824146
7	5	2	2	0.82411
7	5	2	2	0.824105
7	5	2	2	0.824104
7	5	2	2	0.824101
11	6	2	4	1.54472
17	9	4	3	0.484486
16	8	3	5	1.65355
20	11	5	0	1.5894
2	2	0	2	1.59625
12	6	2	4	1.58792
17	9	4	3	0.572364
16	8	3	5	1.64069
20	11	5	0	1.6101
2	2	0	2	1.6072
8	5	2	2	1.36238
11	6	2	4	1.35378
17	9	4	3	0.587748
16	8	3	5	1.64766
20	11	5	0	1.60742
