1.37844
1.7001
1.24259
1.29453
1.67252
1.72341
1.38098
1.92352
1.71942
1.59927
0.523356
1.48886
1.5954
1.92287
1.7173
1.59885
2.03555
1.95857
1.68542
1.67705
0.989256
1.65421
2.04519
1.92006
0
1.65133
1.48975
1.69167
1.47582
1.30901
1.66622
1.72165
1.38093
0.503032
0.535432
0.522496
1.472
1.60291
1.69955
0
1.5947
1.42681
1.38087
0.500036
0.625823
1.66379
1.48387
1.68937
1.84537
1.44832
1.38887
0.498733
0.626363
1.66378
1.48391
0.380563
0.61973
1.66913
1.48808
0.369062
0.618997
1.6691
1.48829
1.68832
1.8443
1.4483
1.38886
0.498735
0.626363
1.66378
1.48391
1.93009
1.72023
1.65938
2.03044
1.47231
1.6518
2.05132
1.96364
1.20771
0
1.65414
1.48449
1.94539
1.71619
0
1.65564
1.4642
0.426866
0.632574
1.66399
1.48665
0.374085
0.475139
2.06061
1.82247
1.49132
0
1.66498
1.47675
0.417582
0.503169
0.511114
1.46721
1.6061
1.69954
1.23847
1.3301
0
1.63701
1.7159
1.3845
1.69903
1.23849
1.33004
1.00684
1.17943
0.260977
1.66009
1.73043
1.38441
1.69892
1.84832
1.44596
1.39085
1.69948
0.431226
0.284906
0
1.64825
1.49488
0.37916
0.497651
0.508024
1.46616
1.60667
1.69954
1.84866
1.44411
1.39137
1.9276
1.72036
0
1.65628
1.47452
0.427126
0.48929
2.06658
1.8077
1.59603
1.84995
1.89253
1.41755
1.68766
2.03299
1.95789
0
1.65139
1.48925
1.93246
1.72058
1.41741
0
1.66339
1.47934
1.69141
1.47025
1.32577
0.985858
0
0.304779
0.380452
1.67479
1.77994
1.91905
1.63748
1.80817
1.90275
1.68303
1.15617
1.64875
2.04998
1.96482
1.20265
0
1.65415
1.48466
1.69259
1.8429
1.44818
1.38901
1.69946
0
0.263935
0
1.67692
0.334053
1.49002
1.35722
0.501622
0.62408
1.6687
1.48385
1.68928
1.84537
1.44832
1.38896
1.69946
0.431222
1.71798
0.674028
0
1.66021
1.47559
1.9628
1.72156
1.65934
0.655589
0
1.65769
1.46532
1.69501
0.422015
1.43873
2.13684
0.662423
0
1.65618
1.46938
0.43512
0.626295
1.66914
1.48656
1.68874
1.4745
1.31137
0.99621
0
0.314713
1.77394
0.676429
0
1.65849
1.47726
1.95956
1.72152
1.40752
0
1.66338
1.47925
1.69143
0.420266
1.43794
2.13689
0.662485
1.64006
2.04209
1.93102
1.63979
0.358974
1.48736
1.35296
1.69969
1.84896
1.44628
1.39062
1.69947
1.8471
1.44629
1.3906
1.69947
1.23764
1.30023
0.349905
0.321302
1.67584
1.7641
1.91781
0
1.65102
1.49202
0.378648
0.480215
0.510618
1.46627
1.60663
1.69954
0
1.59459
1.42679
1.38097
1.69911
1.23803
1.33025
0
0.313857
0.385139
0
1.64839
1.49583
1.69133
0.419265
1.43785
0.67395
1.70516
2.03359
1.97737
1.62167
0.372687
1.4862
1.3515
1.92551
1.72067
1.24578
1.66345
2.04569
1.8915
0
1.65164
1.48998
0.333176
0.610999
1.6641
1.48833
1.68859
1.47524
1.28001
0.349145
1.7306
2.13446
0.660462
0
1.65621
1.46714
1.6951
0.421908
1.43891
0.673881
1.70519
2.03358
1.97739
1.62167
0.372688
1.4862
1.3515
0.501638
0.555481
2.07411
1.84304
0
1.65193
1.49133
0.390479
0.62404
1.66905
1.48767
0.370006
0.473948
2.06025
1.78062
1.59782
1.84857
1.89428
1.40387
1.68755
0.51273
1.49021
1.35439
1.92727
1.71684
0
1.65619
1.47358
1.6943
0.255805
1.65138
1.42808
1.37901
1.69905
0
1.59544
1.4269
1.38083
0.500025
0.625826
1.66379
1.4838
0.3808
0.477999
2.06114
1.82613
1.66193
1.68266
1.01281
0
1.65731
1.48613
1.69168
0.419299
0
0
1.64816
1.49434
1.6917
1.47278
1.32597
0.984476
1.17756
0.912109
1.2062
0
1.64736
1.72755
1.38447
0.503332
0.536385
2.07642
1.87545
1.52338
0
1.66355
1.47909
0.412446
0.616795
1.66918
1.48751
1.92321
1.71513
0
1.65605
1.46407
1.69579
1.47502
1.31023
0.348105
0.322372
1.67588
1.76391
1.92528
1.68767
1.6821
1.03643
1.64148
0.510367
1.48583
1.34648
1.69967
1.23875
1.29829
1.67157
1.7231
1.38095
0.503096
0.625033
1.66366
1.48371
1.68939
1.8454
1.44832
1.38887
0.498733
0.626363
1.66378
1.48391
0.380564
0.61973
1.66913
1.48808
0.369068
0.618998
1.6691
1.48832
1.9205
1.71512
1.60283
2.0138
1.96754
1.04955
1.6874
2.00745
1.99146
1.68255
1.09406
1.64897
2.0484
1.92837
0
1.65121
1.48935
1.69172
0.260302
0.309848
1.41033
2.13246
2.00313
0.631437
0
1.66042
1.48495
1.69117
0.419298
1.43844
0.673946
0
1.66032
1.47537
1.96274
1.71732
1.60323
0.524967
1.49055
1.34814
1.92382
1.71728
1.59882
2.03549
1.95858
1.68541
1.21993
1.64909
2.04826
1.92932
0
1.65119
1.48919
1.93288
1.7206
1.41681
0
1.66339
1.47938
1.6914
0.254444
1.65152
1.42773
1.37903
0.500375
0.530725
0.522372
1.47188
1.60298
1.69955
0
1.5947
1.42681
1.38087
0.500036
0.529976
2.07623
1.87375
1.66495
1.68391
1.0205
0
1.65731
1.48592
1.69175
0.419365
0
1.67638
0.342279
1.48975
1.35801
1.69969
0.433053
0.285176
0
1.64825
1.49487
1.69159
0.419446
0
0
1.64818
1.49439
1.9539
1.71249
0
1.65573
1.46449
1.94436
1.72293
1.40285
1.67494
0.506905
1.48132
1.59247
1.69964
0
0.262879
0
0
1.6485
1.49509
1.69149
1.84207
1.44779
1.38929
1.69946
1.84708
1.44628
1.39061
1.69947
0
1.59655
1.42705
1.38076
0.500012
0.529931
2.07623
1.87374
1.52252
1.63843
0.506983
1.48443
1.34709
1.69968
0.433074
0.285427
0
1.64825
1.49489
0.379126
0.497667
2.06256
1.75869
1.48717
1.63741
2.03639
1.93017
1.68082
1.68156
1.05531
0
1.65743
1.48528
1.6919
0.258307
0.309474
1.41044
0.680824
1.70511
2.03422
2.00149
1.68646
1.68178
1.64534
1.20668
1.64798
2.05081
1.92129
1.63642
1.80072
1.90586
1.68259
1.15204
1.64918
2.04987
1.92511
0
1.65125
1.4894
1.93238
1.7206
1.41702
0
1.66339
1.47938
1.6914
1.84355
1.44786
1.38915
0.498735
0.525909
0.522186
1.47173
1.60289
1.91937
1.72083
1.65767
0.982041
0
1.65769
1.47457
1.69439
1.84661
1.4486
1.38874
0.49871
0.525838
2.07604
1.87253
1.66488
1.15334
1.64
0.516703
1.48623
1.34759
1.69967
0.433067
0.285392
1.67595
0.345041
1.48971
1.35805
1.69969
0
0.263009
0
1.67691
1.76655
1.93093
1.18452
1.68673
0.515699
1.49125
1.35532
0.5018
0.624039
1.6687
1.48379
1.93025
1.72023
1.41684
1.67818
0.508987
1.48188
1.34193
1.69964
1.84888
1.44627
1.39062
1.69947
0.431225
1.71786
0.674027
0
1.66021
1.47559
0.43911
0.499046
2.0659
1.8085
0
1.65191
1.49131
1.692
1.4795
1.32266
0.9905
1.17818
1.18556
1.20687
0
0.319314
1.76833
0.676327
0
1.65842
1.47716
1.95953
1.7173
1.60325
2.01394
1.91304
0
1.65111
1.49071
1.69176
0.419013
0
0
1.64816
1.49435
1.95399
1.7125
0
1.65573
1.46456
1.69577
0.251613
0.307797
0
0
1.64844
1.49519
1.69151
1.47275
1.32588
0.984746
1.17762
0.250036
1.65551
1.72897
1.38444
0.503459
0.53663
2.07643
1.84921
1.59241
0.401926
1.48483
1.3496
1.6997
0.433179
1.71847
2.13729
0.662551
1.64014
2.04213
1.93106
0
1.65116
1.49084
1.6917
0.259714
1.65258
1.4279
1.37907
1.69905
1.23808
1.33021
1.00783
1.17878
0.260509
0.329452
1.76118
2.13782
2.00364
0.631335
1.65218
2.0465
1.90932
0
1.65152
1.48947
1.88765
1.71663
1.60439
0.524835
1.4907
1.34851
1.69978
0
0.263369
0
0
1.6485
1.49509
1.6915
0.25779
1.65071
1.42778
1.37915
1.69905
0
1.59544
1.4269
1.38093
1.69911
1.23803
1.29898
1.67131
1.72302
1.38105
1.69898
0
1.59477
1.4268
1.38087
1.92374
1.72254
1.65852
1.66788
1.19687
1.6573
0.513026
1.48698
1.34765
1.69967
1.23875
1.29835
0.350197
0.321873
1.67583
0.331105
1.48982
1.35796
1.69969
1.84895
1.4463
1.39052
0.498792
0.626364
1.66379
1.4839
0.380575
0.619731
1.66913
1.48808
0.369065
0.618998
1.6691
1.48829
1.68832
0.259253
0.319337
0
0
1.64819
1.49528
1.69159
1.84216
1.44783
1.38917
1.92685
1.7204
0
1.65628
1.47454
1.94553
1.71813
1.60247
0.52258
1.49001
1.34716
1.69977
0.432428
0.283097
0
1.64825
1.49487
1.95392
1.71941
1.42793
1.6765
2.05159
1.93694
1.52768
1.66847
0.522342
1.49001
1.35237
1.69972
0.433077
1.718
0.674048
0
1.6602
1.47561
0.439084
0.6232
1.66922
1.4869
1.92485
1.71521
1.60276
0.524574
1.49049
1.34824
1.69978
0
0.263369
0
1.67692
1.76654
1.9195
1.63644
0.365987
1.4867
1.35225
1.6997
1.23883
1.3301
1.00716
0
1.60146
1.71694
1.385
1.69903
0.43283
0.291726
0
1.64826
1.49491
1.95389
1.71235
0
1.65572
1.4645
1.94434
1.72025
1.6023
0.522667
1.48975
1.34683
1.69977
1.23823
1.33029
0
0.314065
1.7842
2.13898
2.00283
1.93655
1.01887
1.63562
0.5269
1.48952
1.34643
0.499477
0.62466
1.66866
1.48387
0.380424
0.477844
0.504169
1.46657
1.60578
0.500733
0.553893
0.520074
1.47172
1.60316
1.69955
0.433029
1.78776
0.674007
1.70545
0.508418
1.49044
1.35506
1.92749
1.71684
1.59872
0.523303
1.48909
1.34561
0.49945
0.624664
1.66866
1.48394
1.68927
1.47344
1.2809
1.66653
1.72248
1.38092
1.9235
1.71942
1.59927
2.03716
1.9575
1.68549
1.21923
1.64906
2.04828
1.97245
1.68573
1.67231
1.64922
1.66046
1.65191
1.04864
0
1.65789
1.47765
0.400047
0.625293
1.66909
1.48722
1.68861
1.84459
1.44831
1.38886
1.92678
1.72272
1.27358
1.66169
0.503821
1.48155
1.592
0.501416
0.554921
0.519931
1.47172
1.60298
1.91929
1.71698
1.59901
2.03574
1.95859
1.09922
1.68586
0.514791
1.49215
1.35575
1.92777
1.72065
1.24766
0
1.66154
1.48527
1.94618
1.7201
1.65934
0.654564
1.66413
2.04691
1.9404
1.63797
1.79782
1.90399
1.63561
1.82272
1.89571
1.63146
0.3722
1.48491
1.34981
1.92496
1.72068
1.24535
1.66344
2.04569
1.9193
1.49732
0
1.65853
1.48509
0.395277
0.618451
1.66419
1.48776
0.370548
0.474166
2.06033
1.78093
0
1.65189
1.49094
0.391267
0.469202
2.06356
1.79444
1.59704
0.398127
1.48526
1.34998
1.69969
0.433164
0.285673
1.67595
1.76961
1.9247
1.2233
1.68742
0.51556
1.49114
1.35529
1.6997
1.23877
1.29866
1.67156
1.72315
1.38095
0.5031
0.625032
1.66366
1.48363
1.93052
1.7154
1.60253
2.01361
1.91258
1.64165
1.7927
1.90591
1.63645
1.82029
1.89618
1.63164
0.371775
1.48492
1.34983
0.501566
0.55537
2.07412
1.87035
1.51981
0
1.66381
1.47873
0.413168
0.616821
1.66918
1.48751
1.68863
0.419507
1.43896
2.13665
0.662504
1.64004
2.04209
1.93101
1.63979
0.358975
1.48736
1.35296
1.69969
1.23881
1.29839
1.67159
1.72314
1.38095
0.503098
0.625033
1.66366
1.48371
1.68939
0.257014
1.66283
1.68119
1.37879
0.500482
0.625679
1.66379
1.48384
1.68937
0.257083
0.317723
1.4099
0.680882
0
1.65899
1.47704
1.69312
1.84223
1.44819
1.38902
1.69946
0.431219
1.71797
2.13735
0.662528
1.64014
2.04212
1.93107
0
1.65116
1.49084
1.6917
1.47504
1.30901
0.34781
1.72884
2.13478
0.660422
1.64267
0.524748
1.49112
1.34957
1.69976
1.84843
1.4464
1.39051
1.69947
0.431225
0.28494
1.67595
1.76953
1.92467
1.68771
1.13235
0
1.65737
1.47776
1.69344
0.258577
0.308622
1.41078
0.68081
0
1.65897
1.47686
1.96052
1.72153
1.40707
0
1.66338
1.47925
0.396381
0.491545
2.06466
1.82903
1.48834
0
1.66496
1.47682
1.97479
1.7146
1.6045
2.01543
1.96796
1.68514
1.22347
1.64917
0.522539
1.48941
1.35187
0.501709
0.555382
0.5198
1.47171
1.60298
0.50088
0.554106
0.520037
1.47172
1.60316
1.69955
0.433029
0.360028
0
1.64813
1.49496
1.95386
1.71237
0
1.65572
1.46457
1.69578
1.47522
1.31023
1.66691
1.72162
1.38093
1.9235
1.71944
1.59927
0.523357
1.48886
1.59551
1.69976
0
1.59549
1.42691
1.38092
1.69911
0
1.59559
1.42692
1.38092
1.69911
0
0.263369
1.42507
2.1393
2.00507
1.93615
1.66933
1.65016
1.66579
1.6502
1.05232
1.6464
2.05084
1.96582
1.68574
1.20044
1.6489
2.0484
1.97131
1.68578
1.19096
1.6488
0.521452
1.48897
1.35142
1.69969
1.23876
1.33012
0
1.63623
1.71566
1.38451
1.69904
0
0.26298
1.42512
0.680415
1.70511
0.50915
1.4906
1.35481
1.69968
1.23869
1.33013
0
1.63607
1.7156
1.38441
0.502439
0.534422
0.522446
1.47197
1.60276
0.500881
0.624172
1.66864
1.48386
1.68928
1.84537
1.44832
1.38896
1.69946
1.84708
1.44628
1.39061
1.69947
1.23764
1.33054
0
1.6342
1.71498
1.38443
0.502392
0.534328
2.07636
1.87497
1.66501
1.15508
1.64002
0.51667
1.48622
1.34745
0.501575
0.624059
1.66868
1.48379
0.380586
0.619653
1.66913
1.48806
1.68837
0.419305
1.43889
0.673983
1.70511
0.508036
1.49034
1.35504
1.69968
1.23868
1.33013
1.00779
0
1.6018
1.71701
1.38489
0.502613
0.625205
1.66367
1.48365
1.93049
1.7154
1.60253
2.01361
1.96737
1.68514
1.6763
1.65078
1.66027
1.2829
0
1.65782
1.48281
1.69235
0.257097
1.65237
1.42791
1.37896
0.500366
0.625714
1.66379
1.48385
1.68937
1.47356
1.28097
0.34915
1.73041
2.13447
0.660461
1.6428
0.524747
1.49112
1.34947
1.92432
1.71727
1.5988
2.03546
1.90675
1.63912
1.79612
1.90762
1.68244
1.68394
1.00112
1.64652
2.04566
1.90754
0
1.65135
1.48906
1.93692
1.71574
0
1.65598
1.46443
0.426309
0.632522
1.66399
1.48668
1.92534
1.71527
1.60269
2.01371
1.91266
0
1.65112
1.49071
1.69176
0.419012
1.43883
2.13683
0.662453
1.64007
2.04209
1.97857
1.6853
1.22132
1.64906
2.04823
1.92936
0
1.65119
1.4911
1.69165
1.84215
1.44815
1.389
1.69946
0.43122
0.285048
0
1.64825
1.49488
0.379158
0.612996
1.66425
1.48815
1.92221
1.72006
1.42203
0
1.66339
1.47947
1.69138
1.47026
1.30895
0.348201
0.32332
1.67587
0.330882
1.48982
1.35787
0.501656
0.555614
0.519768
1.47171
1.60314
1.69955
0.433029
1.78776
0.674007
1.70545
0.508417
1.49044
1.35506
0.501723
0.555452
2.07405
1.87023
1.51973
1.63832
0.506767
1.48437
1.34705
1.69968
0.433073
0.285426
0
1.64825
1.49489
0.379123
0.497665
2.06256
1.75869
1.48718
1.63741
0.504626
1.48375
1.3464
1.92437
1.7169
1.59883
2.03543
1.90684
1.63913
1.7961
1.90519
0
1.65014
1.49547
1.89517
1.72013
1.44555
1.67538
0.517716
1.48416
1.34444
1.92371
1.72072
1.24426
1.66342
2.04569
1.89148
1.61327
1.82795
1.89437
1.44847
0
1.65918
1.48072
1.69234
1.84258
1.44801
1.38913
1.69946
0.43122
0.285037
0
1.64825
1.49488
1.95392
1.71941
1.42795
1.6765
0.518171
1.48441
1.34486
1.69967
0
0.26291
0
1.67691
0.334121
1.49002
1.35732
1.69968
1.84893
1.4463
1.39052
0.498793
0.526036
0.522182
1.47174
1.60306
1.69955
0
0.262853
0
1.67691
0.334125
1.49002
1.35732
1.69968
1.84894
1.4463
1.39061
1.69947
0.431224
0.284929
0
1.64825
1.49486
1.6916
0.419448
1.43789
2.137
0.662466
1.64007
0.526545
1.49083
1.34897
1.92414
1.71728
0
1.65619
1.47355
0.428306
0.490097
0.510778
1.46826
1.60475
0.500775
0.553957
0.520059
1.47172
1.60316
1.69955
0
1.59469
1.4268
1.38097
1.69911
0
0.263369
0
0
1.6485
1.49509
1.6915
0.25779
1.65071
1.42778
1.37915
1.69905
0.432248
1.72119
0.674055
0
1.66019
1.47562
1.96277
1.72156
1.65934
0.655586
1.66344
0.5266
1.4908
1.34897
1.69975
0
0.263384
0
1.67692
1.76654
1.93092
1.68416
1.68151
1.04145
0
1.65786
1.48521
1.94096
1.72049
1.65927
0.6554
0
1.65768
1.46511
0.442784
0.500112
0.51207
1.46876
1.60462
1.69954
1.23848
1.29759
1.67157
1.72302
1.38096
0.503089
0.535537
0.5225
1.472
1.60274
0.500882
0.554108
2.07422
1.84281
1.59326
0.40152
1.48488
1.34953
0.501604
0.62405
1.66868
1.48378
0.380607
0.477941
0.504183
1.46657
1.60596
1.69954
0
0.262825
1.42512
0.680412
1.70511
2.03431
1.97649
1.62255
1.81067
1.89921
1.45052
1.68628
0.512585
1.49006
1.35415
1.92718
1.72067
1.24728
0
1.66154
1.48528
0.38309
0.616923
1.66411
1.48803
1.68855
1.84445
1.44833
1.38884
1.92677
1.72272
1.27358
1.66169
2.04563
1.91605
1.49331
1.66434
2.0363
1.95808
1.37324
0
1.65432
1.48556
0.395313
0.481613
2.06601
1.77819
0
1.6519
1.49105
1.69207
0.418372
1.44007
0.678168
1.70519
2.03359
1.9774
1.62165
1.81165
1.89876
1.45409
0
1.65912
1.48076
0.406505
0.488547
0.50522
1.46724
1.60533
1.91841
1.7208
1.65765
0.982083
1.63541
0.527013
1.48989
1.34708
1.69975
0
0.263367
1.42511
0.680416
1.70511
0.509149
1.4906
1.35481
1.69968
1.84892
1.44631
1.39051
1.92726
1.72038
0
1.65628
1.47452
1.94554
1.71813
0
1.65547
1.47847
1.69423
1.47835
1.32582
0.994701
1.17773
0
0.326859
0.397605
1.67437
0.343204
1.48974
1.35797
0.501666
0.555623
2.07406
1.84299
1.59325
1.85249
1.88987
1.44029
0
1.65955
1.47997
0.408496
0.490169
2.06262
1.7983
0
1.6519
1.49102
1.92766
1.71726
0
1.65576
1.46405
0.427115
0.467914
0.515244
1.46849
1.60472
1.91864
1.72079
1.65765
0.982072
1.63541
0.527013
1.48989
1.34697
1.9235
1.72094
1.65792
1.66795
1.64258
1.66604
1.64992
1.05262
1.64635
2.05083
1.96593
1.14866
1.68431
0.514803
1.49209
1.35575
1.69972
0
0.263031
1.42518
0.680414
1.70511
0.509148
1.4906
1.35471
1.92738
1.72067
1.24748
0
1.66154
1.48527
0.383092
0.485278
2.06401
1.69727
1.59823
1.84756
1.89494
1.68264
1.13009
1.64894
2.0499
1.96598
1.19239
1.68292
2.03374
1.98863
1.15872
0
1.65406
1.48439
1.69265
1.84299
1.44819
1.38893
0.49872
0.525873
2.07604
1.84551
0
1.65194
1.49129
1.92745
1.72131
1.43044
0
1.6634
1.4789
0.397593
0.491956
2.06474
1.7765
1.59804
0.397165
1.48538
1.35009
1.69969
1.23883
1.3301
1.00818
0
1.60135
1.71693
1.385
1.69903
1.84812
1.44603
1.3908
1.69948
1.84711
1.44629
1.39052
0.498784
0.52602
0.522182
1.47173
1.60289
1.91937
1.71704
0
1.65617
1.47365
0.428151
0.625885
1.66913
1.4868
0.373301
0.47496
0.503474
1.46636
1.60608
1.69953
0
1.59463
1.4268
1.38097
1.69911
1.84757
1.44612
1.39064
0.498792
0.526038
2.07604
1.84555
0
1.65194
1.49155
1.69191
1.4795
1.31833
0
0.30842
0.327608
1.67528
1.77827
1.91939
1.63729
0.364964
1.48648
1.35192
1.69969
1.84897
1.44628
1.39053
0.498793
0.626364
1.66379
1.4839
0.380577
0.477889
2.06113
1.82607
1.49226
1.63754
2.03697
1.93057
1.50783
0
1.64884
1.48721
1.69171
0.418626
1.43881
2.13683
1.99599
0.637987
0
1.66061
1.48235
1.69164
1.84298
1.448
1.38904
1.92682
1.7204
1.59909
0.523379
1.48883
1.59555
1.69976
0.432434
1.71636
2.13723
1.99493
0.637989
0
1.6606
1.48235
1.69164
0.41972
1.43838
0.673941
1.70517
2.03359
2.00146
1.36555
0
1.65429
1.48563
0.394985
0.620728
1.66414
1.48754
0.371077
0.619164
1.6691
1.48827
0.367676
0.618973
1.6691
1.4883
1.68832
1.47481
1.27981
0.349198
1.73068
0.676475
0
1.65895
1.47673
1.9606
1.71729
0
1.65581
1.46434
1.69579
1.84742
1.44847
1.38886
0.498711
0.62637
1.66378
1.48391
1.93008
1.72023
1.65938
2.03045
1.47231
1.6518
0.521216
1.48801
1.34889
1.69968
0.433062
1.71811
2.13728
1.99483
0.637988
1.65202
2.04669
1.9434
1.4896
0
1.64878
1.48659
0.392807
0.480947
0.512385
1.46677
1.60638
1.69954
1.84866
1.44411
1.39137
0.498888
0.626344
1.66379
1.4839
1.9301
1.72023
1.65938
2.03043
1.47231
1.6518
2.05132
1.96364
1.68296
1.09349
0
1.65664
1.47723
1.94616
1.72183
1.41199
0
1.66336
1.47962
1.69137
1.4703
1.30894
0.348198
0.323329
0
1.64809
1.49578
1.95068
1.71235
0
1.65572
1.46455
1.69578
0.251608
0.307794
1.4112
2.13269
0.660391
0
1.65622
1.46703
1.951
1.7183
0
1.65554
1.47833
1.92979
1.71727
1.60166
0.525062
1.49054
1.34805
0.4995
0.624664
1.66867
1.48394
1.68927
1.47344
1.31191
0
1.62977
1.71266
1.38422
1.69905
1.84803
1.44605
1.39079
1.69948
1.84711
1.44629
1.3906
1.69947
1.8471
1.44629
1.3906
1.69947
0
1.59655
1.42705
1.38086
1.69911
0
1.5956
1.42692
1.38092
1.69911
0
0.263369
0
0
1.6485
1.49512
0.376555
0.497604
0.507875
1.46612
1.60669
1.69954
0
1.59459
1.42679
1.38088
1.92374
1.72254
1.26708
1.66181
2.04563
1.88833
0
1.65164
1.49043
1.69152
1.84214
1.44829
1.3888
1.92675
1.72272
1.65874
1.66788
1.19672
0
1.65799
1.48381
1.94172
1.72055
1.41429
1.67903
0.509358
1.48205
1.34211
1.69965
1.84888
1.44627
1.39062
1.69947
0
1.59655
1.42705
1.38086
1.69911
1.23803
1.29898
1.67131
1.72302
1.38106
1.69898
0
0.262865
0
0
1.6485
1.4951
1.69149
1.47258
1.3259
0.984491
0
0.304309
0.380476
0
1.64838
1.49588
1.69132
0.258084
0.308223
1.41075
2.13278
0.660405
0
1.65622
1.46703
1.951
1.7183
0
1.65554
1.47833
0.401134
0.626053
1.66908
1.4871
0.371688
0.474657
2.06042
1.8221
1.49106
0
1.66499
1.47673
1.9749
1.72047
1.65898
2.04158
1.47659
0
1.65663
1.48486
1.93781
1.72069
1.65992
0.653405
1.66546
0.526395
1.49102
1.34936
1.69975
0.432379
0.282942
1.67597
1.76951
1.91741
0
1.65102
1.4921
1.69118
0.260638
0.309573
1.41038
2.13251
2.00311
1.93626
1.01865
1.63563
2.05005
1.92391
1.63783
0.360666
1.48723
1.3527
0.501637
0.555513
2.0741
1.87035
1.66476
1.14798
0
1.65802
1.48578
1.69174
0.25893
1.65249
1.42789
1.37897
0.500362
0.530704
2.07626
1.84755
1.59262
0.401804
1.48485
1.34961
1.6997
0.433177
0.28571
0
1.64825
1.49487
1.69159
1.47265
1.32594
0
0.312752
1.77049
2.13767
0.660504
0
1.6562
1.46666
0.437748
0.496796
2.06768
1.84612
1.50366
0
1.66441
1.47774
1.97352
1.72045
1.4059
0
1.66344
1.47898
1.69147
1.84358
1.44786
1.38916
0.498735
0.626366
1.66378
1.48391
0.380565
0.477882
0.504237
1.46658
1.60595
1.69954
1.23844
1.3301
1.00633
1.18004
0.902889
0
1.63533
1.72512
1.38492
1.69896
0
1.5947
1.42679
1.38087
0.500037
0.529979
0.522346
1.47186
1.60299
1.69955
0.433022
0.286053
1.67594
0.345073
1.48971
1.35805
1.69969
1.84895
1.4463
1.39052
1.92727
1.7227
1.27396
0
1.66149
1.48588
1.94499
1.71419
0
1.65585
1.46454
1.69576
0.25161
1.65109
1.42812
1.37898
1.69905
1.84762
1.44609
1.39075
1.69947
0
0.263943
1.42502
0.680422
1.70508
0.509148
1.4906
1.35471
1.92738
1.72067
1.65788
0.981666
1.63536
0.52701
1.4899
1.34709
1.69975
1.23818
1.29883
1.67136
1.723
1.38106
1.69898
0
0.262861
0
0
1.6485
1.49512
0.376543
0.6128
1.66425
1.48818
1.92217
1.7151
1.6028
2.01378
1.91271
1.6417
1.79265
1.90854
1.36404
0
1.65805
1.48139
1.95211
1.71605
1.60441
2.01471
1.96844
1.68512
1.67624
1.65073
1.15603
1.64771
0.524206
1.48871
1.59588
1.92287
1.7173
1.59886
0.523311
1.48906
1.34557
1.92295
1.7173
0
1.65617
1.47371
1.69428
0.255887
0.308076
0
0
1.64844
1.49519
1.69151
1.47275
1.309
0.347815
0.322702
0
1.64809
1.49578
1.9507
1.71235
1.60526
0.52467
1.49062
1.34853
1.69978
1.84844
1.4464
1.39043
0.498789
0.626364
1.66379
1.48397
1.68935
1.4736
1.28095
0.34915
1.73042
2.13447
2.00416
0.631405
0
1.66041
1.48495
1.69117
0.257752
0.309463
1.41042
0.680828
1.70511
2.03422
1.97654
1.62257
1.8106
1.89775
1.63345
0.36797
1.48513
1.35006
0.501566
0.555379
2.07412
1.87035
1.51981
1.63832
2.03703
1.93392
1.68066
1.68136
1.64531
1.2075
1.64803
0.524078
1.4887
1.59607
1.69975
0.432411
1.71634
0.67404
1.70508
0.508043
1.49035
1.35495
1.92745
1.72067
1.2476
1.66347
0.504321
1.48188
1.34196
0.501428
0.624075
1.66867
1.48378
0.380592
0.47793
2.06109
1.82599
1.66192
1.68266
1.64079
1.6579
1.65196
1.66909
1.65107
1.66493
1.65082
1.66501
1.29004
1.65619
0.519144
1.48746
1.3483
0.501641
0.624047
1.66868
1.48386
1.68928
0.420326
1.43887
2.13666
1.99539
1.89101
1.66939
1.21815
0
1.65793
1.48379
1.94157
1.71555
1.60453
0.52487
1.49069
1.34849
1.69978
0
0.263369
0
1.67692
0.334093
1.49002
1.35732
1.69968
0
0.263009
1.42518
0.680414
1.70511
2.03431
2.00142
1.68647
1.68178
1.06041
0
1.65743
1.48533
0.388367
0.620321
1.66413
1.48768
1.68864
1.47494
1.3112
0
0.309291
1.72517
2.1359
0.660782
1.64273
0.524739
1.49112
1.34956
1.69976
0
1.59558
1.42692
1.38082
1.92372
1.72007
1.59924
2.03724
1.90585
1.63887
1.7966
1.90754
1.36967
0
1.65817
1.48145
1.69239
1.84263
1.44806
1.3891
1.69946
0.43122
0.285043
0
1.64825
1.49488
0.379158
0.612996
1.66425
1.48816
1.6885
0.25926
1.6646
1.6814
1.37876
0.500497
0.55612
0.519079
1.47197
