1	1	0	1	1.46512
4	3	1	1	1.58802
3	3	1	1	1.65872
6	4	1	3	0
13	7	3	2	1.62661
9	5	2	2	1.65779
7	5	2	2	1.6762
7	5	2	2	1.89812
11	6	2	4	1.85255
18	10	4	5	1.51035
19	11	5	0	1.57142
1	1	0	1	1.25668
4	3	1	1	1.63486
6	4	1	3	0
13	7	3	2	1.60697
9	5	2	2	1.65429
11	6	2	4	1.66508
17	9	4	3	1.81732
16	8	3	5	1.6706
20	11	5	0	1.67464
2	2	0	2	1.44118
8	5	2	2	0.364673
11	6	2	4	1.64971
17	9	4	3	1.81382
14	7	3	2	0
9	5	2	2	1.63776
11	6	2	4	1.67872
17	9	4	3	1.78365
14	7	3	2	0.344086
10	6	2	4	0
18	10	4	5	1.59764
19	11	5	0	1.47668
1	1	0	1	0.61491
4	3	1	1	1.65166
6	4	1	3	0
15	8	3	5	1.61258
20	11	5	0	1.6261
2	2	0	2	1.7148
8	5	2	2	0.420359
7	5	2	2	1.65009
11	6	2	4	1.53652
18	10	4	5	1.50301
19	11	5	0	1.57783
1	1	0	1	0.982605
5	4	1	3	1.63744
15	8	3	5	1.67693
20	11	5	0	1.60492
1	1	0	1	1.34316
5	4	1	3	1.57508
13	7	3	2	1.66019
9	5	2	2	1.67452
11	6	2	4	1.66764
17	9	4	3	1.82601
16	8	3	5	1.67562
20	11	5	0	1.67469
2	2	0	2	1.44078
8	5	2	2	0.364439
11	6	2	4	1.64971
17	9	4	3	1.81383
14	7	3	2	0
10	6	2	4	0
17	9	4	3	1.60182
16	8	3	5	1.38579
20	11	5	0	1.6662
1	1	0	1	1.33058
5	4	1	3	1.58064
15	8	3	5	1.66667
20	11	5	0	1.5834
1	1	0	1	1.34106
4	3	1	1	1.57899
6	4	1	3	0
15	8	3	5	1.608
20	11	5	0	1.6196
1	1	0	1	1.58113
5	4	1	3	1.61048
15	8	3	5	1.67718
20	11	5	0	1.59493
2	2	0	2	1.49234
8	5	2	2	0.384923
11	6	2	4	1.64872
17	9	4	3	1.82395
14	7	3	2	0
9	5	2	2	1.63761
7	5	2	2	1.6787
11	6	2	4	1.86177
17	9	4	3	1.44933
16	8	3	5	1.36221
20	11	5	0	1.67299
1	1	0	1	1.2288
5	4	1	3	1.59005
15	8	3	5	1.67057
20	11	5	0	1.59153
1	1	0	1	1.34258
4	3	1	1	1.57867
6	4	1	3	0
13	7	3	2	1.60782
10	6	2	4	0
17	9	4	3	1.5518
14	7	3	2	1.30023
9	5	2	2	1.63679
11	6	2	4	1.67804
18	10	4	5	1.80169
19	11	5	0	1.57665
2	2	0	2	1.72453
8	5	2	2	1.28042
7	5	2	2	1.65519
7	5	2	2	1.84857
7	5	2	2	1.85169
11	6	2	4	1.55677
18	10	4	5	1.50274
19	11	5	0	1.57233
2	2	0	2	1.42712
8	5	2	2	1.283
7	5	2	2	1.65442
11	6	2	4	1.85431
17	9	4	3	1.51168
14	7	3	2	0.94165
9	5	2	2	1.64219
7	5	2	2	1.67822
7	5	2	2	1.86352
11	6	2	4	1.84799
17	9	4	3	1.44468
16	8	3	5	1.62088
20	11	5	0	1.67143
1	1	0	1	1.249
4	3	1	1	1.58942
6	4	1	3	0
13	7	3	2	1.60834
9	5	2	2	1.66187
7	5	2	2	1.66676
7	5	2	2	1.88694
11	6	2	4	1.82343
17	9	4	3	1.43997
16	8	3	5	1.61914
20	11	5	0	1.67281
1	1	0	1	1.26307
5	4	1	3	1.5878
13	7	3	2	1.66053
9	5	2	2	1.67432
11	6	2	4	1.6671
18	10	4	5	1.82498
19	11	5	0	1.57719
2	2	0	2	1.7223
12	6	2	4	1.38769
17	9	4	3	1.59028
14	7	3	2	1.32112
10	6	2	4	0
18	10	4	5	1.58965
19	11	5	0	1.4746
2	2	0	2	1.90567
12	6	2	4	1.38127
17	9	4	3	1.59331
16	8	3	5	1.32565
20	11	5	0	1.665
1	1	0	1	0.935097
5	4	1	3	1.60854
13	7	3	2	1.67437
10	6	2	4	0
18	10	4	5	1.58133
19	11	5	0	1.44802
1	1	0	1	1.45839
4	3	1	1	1.64873
3	3	1	1	1.66793
3	3	1	1	1.69047
6	4	1	3	0
13	7	3	2	1.61905
10	6	2	4	0
17	9	4	3	1.52383
14	7	3	2	1.30714
10	6	2	4	0
18	10	4	5	1.59184
19	11	5	0	1.47191
2	2	0	2	1.89918
8	5	2	2	1.22103
11	6	2	4	1.65521
18	10	4	5	1.77125
19	11	5	0	1.55352
1	1	0	1	0.930506
4	3	1	1	1.64056
6	4	1	3	0
15	8	3	5	1.61251
20	11	5	0	1.62622
2	2	0	2	1.71442
12	6	2	4	1.77696
17	9	4	3	1.57596
14	7	3	2	1.34043
9	5	2	2	1.62655
11	6	2	4	1.67589
17	9	4	3	1.80475
16	8	3	5	1.67172
20	11	5	0	1.67458
1	1	0	1	1.10809
5	4	1	3	1.59629
13	7	3	2	1.66568
10	6	2	4	0
17	9	4	3	1.55458
14	7	3	2	1.30473
10	6	2	4	0
18	10	4	5	1.59226
19	11	5	0	1.47213
1	1	0	1	0.602099
5	4	1	3	1.65216
15	8	3	5	1.67653
20	11	5	0	1.60396
1	1	0	1	1.34324
4	3	1	1	1.57635
3	3	1	1	1.66194
3	3	1	1	1.69025
3	3	1	1	1.69192
3	3	1	1	1.68804
3	3	1	1	1.68844
6	4	1	3	0
15	8	3	5	1.62666
20	11	5	0	1.60288
1	1	0	1	1.32116
4	3	1	1	1.5896
3	3	1	1	1.65299
3	3	1	1	1.69084
3	3	1	1	1.6917
3	3	1	1	1.68826
6	4	1	3	0
13	7	3	2	1.62807
10	6	2	4	0
18	10	4	5	1.57828
19	11	5	0	1.44859
2	2	0	2	1.68253
12	6	2	4	1.38718
17	9	4	3	1.59295
14	7	3	2	1.32466
9	5	2	2	1.62492
11	6	2	4	1.67545
17	9	4	3	1.80759
14	7	3	2	0.325652
10	6	2	4	0
18	10	4	5	1.59804
19	11	5	0	1.479
1	1	0	1	0.615197
5	4	1	3	1.65162
15	8	3	5	1.67645
20	11	5	0	1.60403
2	2	0	2	1.49558
12	6	2	4	1.76908
17	9	4	3	1.57618
14	7	3	2	1.5969
9	5	2	2	1.6266
11	6	2	4	1.67581
17	9	4	3	1.80558
14	7	3	2	0.323135
9	5	2	2	1.64092
7	5	2	2	1.67741
7	5	2	2	1.87678
7	5	2	2	1.83449
7	5	2	2	1.55562
11	6	2	4	1.54527
17	9	4	3	1.44194
16	8	3	5	1.36485
20	11	5	0	1.67284
1	1	0	1	1.25261
5	4	1	3	1.58865
13	7	3	2	1.66097
9	5	2	2	1.67493
7	5	2	2	1.66664
11	6	2	4	1.89768
18	10	4	5	1.50646
19	11	5	0	1.57243
2	2	0	2	1.42868
8	5	2	2	1.28273
7	5	2	2	1.65446
7	5	2	2	1.85199
7	5	2	2	1.85088
11	6	2	4	1.55687
18	10	4	5	1.50269
19	11	5	0	1.57234
2	2	0	2	1.68093
8	5	2	2	1.28299
11	6	2	4	1.65442
18	10	4	5	1.77785
19	11	5	0	1.56505
1	1	0	1	0.930172
4	3	1	1	1.64044
6	4	1	3	0
13	7	3	2	1.61248
10	6	2	4	0
17	9	4	3	1.5506
14	7	3	2	1.30626
10	6	2	4	0
17	9	4	3	1.59095
14	7	3	2	1.29085
9	5	2	2	1.62975
11	6	2	4	1.67773
17	9	4	3	1.79156
16	8	3	5	1.68641
20	11	5	0	1.67443
2	2	0	2	1.44262
8	5	2	2	0.365907
11	6	2	4	1.64968
17	9	4	3	1.81375
16	8	3	5	1.41635
20	11	5	0	1.67534
2	2	0	2	1.43849
8	5	2	2	0.363008
7	5	2	2	1.64974
7	5	2	2	1.53527
11	6	2	4	1.86622
18	10	4	5	1.49853
19	11	5	0	1.57326
1	1	0	1	1.13586
5	4	1	3	1.63709
13	7	3	2	1.67611
10	6	2	4	0
17	9	4	3	1.55635
14	7	3	2	1.32064
10	6	2	4	0
18	10	4	5	1.59181
19	11	5	0	1.4715
2	2	0	2	1.89864
12	6	2	4	1.38135
17	9	4	3	1.59318
16	8	3	5	1.32563
20	11	5	0	1.665
1	1	0	1	0.935088
4	3	1	1	1.60877
6	4	1	3	0
13	7	3	2	1.62141
9	5	2	2	1.6634
11	6	2	4	1.66551
18	10	4	5	1.8196
19	11	5	0	1.57703
1	1	0	1	1.1195
5	4	1	3	1.64049
15	8	3	5	1.67617
20	11	5	0	1.60497
2	2	0	2	1.49529
12	6	2	4	1.76941
17	9	4	3	1.57619
14	7	3	2	1.59663
10	6	2	4	0
18	10	4	5	1.58566
19	11	5	0	1.47763
2	2	0	2	1.62655
12	6	2	4	1.37696
18	10	4	5	1.59178
19	11	5	0	1.484
2	2	0	2	1.34612
8	5	2	2	1.24974
11	6	2	4	1.65663
18	10	4	5	1.77829
19	11	5	0	1.56334
2	2	0	2	1.62171
12	6	2	4	1.38737
17	9	4	3	1.59165
16	8	3	5	1.32451
20	11	5	0	1.6651
2	2	0	2	1.41251
12	6	2	4	1.7657
18	10	4	5	1.58364
19	11	5	0	1.4438
2	2	0	2	1.34054
8	5	2	2	1.25038
11	6	2	4	1.65647
17	9	4	3	1.82448
14	7	3	2	0
9	5	2	2	1.63611
7	5	2	2	1.67848
11	6	2	4	1.87831
18	10	4	5	1.50175
19	11	5	0	1.57291
1	1	0	1	1.33868
4	3	1	1	1.63681
3	3	1	1	1.67169
6	4	1	3	0
15	8	3	5	1.62009
20	11	5	0	1.61931
1	1	0	1	1.32361
5	4	1	3	1.58873
15	8	3	5	1.67186
20	11	5	0	1.59151
2	2	0	2	1.49063
12	6	2	4	1.77538
17	9	4	3	1.57637
16	8	3	5	1.5934
20	11	5	0	1.66045
1	1	0	1	1.05994
5	4	1	3	1.60079
13	7	3	2	1.66864
9	5	2	2	1.67579
7	5	2	2	1.66553
7	5	2	2	1.89736
7	5	2	2	1.80177
11	6	2	4	1.55637
17	9	4	3	1.44126
16	8	3	5	1.36458
20	11	5	0	1.67286
1	1	0	1	1.25195
4	3	1	1	1.58951
3	3	1	1	1.6547
6	4	1	3	0
13	7	3	2	1.62709
10	6	2	4	0
17	9	4	3	1.52717
14	7	3	2	1.30562
10	6	2	4	0
18	10	4	5	1.59184
19	11	5	0	1.47184
2	2	0	2	1.89905
8	5	2	2	1.22106
11	6	2	4	1.65521
17	9	4	3	1.81867
16	8	3	5	1.41703
20	11	5	0	1.67526
1	1	0	1	0.993883
5	4	1	3	1.60087
15	8	3	5	1.66967
20	11	5	0	1.59392
2	2	0	2	1.49181
12	6	2	4	1.77354
17	9	4	3	1.57633
16	8	3	5	1.59518
20	11	5	0	1.66042
1	1	0	1	1.05859
5	4	1	3	1.60086
15	8	3	5	1.6754
20	11	5	0	1.59347
2	2	0	2	1.49171
8	5	2	2	0.385678
7	5	2	2	1.64873
11	6	2	4	1.55106
18	10	4	5	1.75089
19	11	5	0	1.57799
2	2	0	2	1.66822
12	6	2	4	1.38674
17	9	4	3	1.59076
14	7	3	2	1.32168
9	5	2	2	1.62561
11	6	2	4	1.67546
17	9	4	3	1.80702
14	7	3	2	0.322025
10	6	2	4	0
18	10	4	5	1.59804
19	11	5	0	1.47901
1	1	0	1	0.615193
5	4	1	3	1.65162
15	8	3	5	1.67644
20	11	5	0	1.60403
2	2	0	2	1.49558
12	6	2	4	1.76908
18	10	4	5	1.57189
19	11	5	0	1.45689
2	2	0	2	1.33825
8	5	2	2	1.18929
11	6	2	4	1.65656
17	9	4	3	1.82377
16	8	3	5	1.4172
20	11	5	0	1.67524
1	1	0	1	0.992868
5	4	1	3	1.60095
15	8	3	5	1.66971
20	11	5	0	1.59393
1	1	0	1	1.34319
4	3	1	1	1.57818
3	3	1	1	1.66091
6	4	1	3	0
15	8	3	5	1.62611
20	11	5	0	1.60562
1	1	0	1	1.31837
4	3	1	1	1.59019
3	3	1	1	1.65265
6	4	1	3	0
15	8	3	5	1.62813
20	11	5	0	1.6049
1	1	0	1	1.31738
5	4	1	3	1.58958
13	7	3	2	1.66746
10	6	2	4	0
18	10	4	5	1.58254
19	11	5	0	1.44398
1	1	0	1	1.35663
4	3	1	1	1.64942
6	4	1	3	0
13	7	3	2	1.61322
10	6	2	4	0
18	10	4	5	1.57145
19	11	5	0	1.44639
2	2	0	2	1.6756
8	5	2	2	1.24619
11	6	2	4	1.65461
17	9	4	3	1.8215
14	7	3	2	0
9	5	2	2	1.63641
7	5	2	2	1.6785
7	5	2	2	1.87509
7	5	2	2	1.83479
7	5	2	2	1.55541
11	6	2	4	1.54535
18	10	4	5	1.5059
19	11	5	0	1.57175
2	2	0	2	1.43166
8	5	2	2	1.28322
11	6	2	4	1.65445
18	10	4	5	1.77799
19	11	5	0	1.56506
1	1	0	1	0.930146
5	4	1	3	1.64043
13	7	3	2	1.67585
10	6	2	4	0
18	10	4	5	1.58019
19	11	5	0	1.44783
1	1	0	1	1.44378
4	3	1	1	1.64863
3	3	1	1	1.668
6	4	1	3	0
15	8	3	5	1.62011
20	11	5	0	1.61934
1	1	0	1	1.3236
4	3	1	1	1.58948
6	4	1	3	0
13	7	3	2	1.60841
10	6	2	4	0
18	10	4	5	1.57945
19	11	5	0	1.44604
1	1	0	1	1.3509
5	4	1	3	1.64918
15	8	3	5	1.67664
20	11	5	0	1.60397
1	1	0	1	1.34334
5	4	1	3	1.57494
15	8	3	5	1.66644
20	11	5	0	1.58408
1	1	0	1	1.34113
4	3	1	1	1.57891
6	4	1	3	0
15	8	3	5	1.60799
20	11	5	0	1.61961
2	2	0	2	1.72802
12	6	2	4	1.77835
17	9	4	3	1.57695
16	8	3	5	1.34685
20	11	5	0	1.66675
1	1	0	1	1.09104
4	3	1	1	1.5994
3	3	1	1	1.64703
6	4	1	3	0
13	7	3	2	1.6284
9	5	2	2	1.65864
7	5	2	2	1.67579
7	5	2	2	1.89712
7	5	2	2	1.85396
7	5	2	2	1.55833
7	5	2	2	1.54496
11	6	2	4	1.53787
17	9	4	3	1.44107
14	7	3	2	0.870331
9	5	2	2	1.64253
11	6	2	4	1.67754
18	10	4	5	1.79988
19	11	5	0	1.57664
1	1	0	1	1.13832
4	3	1	1	1.64012
3	3	1	1	1.67277
6	4	1	3	0
13	7	3	2	1.62004
10	6	2	4	0
18	10	4	5	1.57543
19	11	5	0	1.46769
2	2	0	2	1.69416
8	5	2	2	1.2772
7	5	2	2	1.65458
7	5	2	2	1.84407
7	5	2	2	1.85277
7	5	2	2	1.55603
7	5	2	2	1.79606
7	5	2	2	1.53735
11	6	2	4	1.54471
18	10	4	5	1.50648
19	11	5	0	1.5716
2	2	0	2	1.43348
12	6	2	4	1.39213
17	9	4	3	1.58921
16	8	3	5	1.32957
20	11	5	0	1.66371
1	1	0	1	0.934721
5	4	1	3	1.60955
15	8	3	5	1.67856
20	11	5	0	1.59458
2	2	0	2	1.49253
8	5	2	2	0.384746
7	5	2	2	1.64871
11	6	2	4	1.55104
17	9	4	3	1.76709
16	8	3	5	1.87218
20	11	5	0	1.6732
1	1	0	1	1.17444
4	3	1	1	1.59321
3	3	1	1	1.65227
3	3	1	1	1.69104
3	3	1	1	1.69174
6	4	1	3	0
13	7	3	2	1.62812
10	6	2	4	0
17	9	4	3	1.5518
16	8	3	5	1.40838
20	11	5	0	1.6671
2	2	0	2	1.46484
8	5	2	2	0.382547
11	6	2	4	1.64924
17	9	4	3	1.81262
14	7	3	2	0
9	5	2	2	1.64022
7	5	2	2	1.67895
7	5	2	2	1.85581
7	5	2	2	1.85004
7	5	2	2	1.5541
11	6	2	4	1.54681
17	9	4	3	1.44181
14	7	3	2	0.824003
10	6	2	4	0
18	10	4	5	1.59543
19	11	5	0	1.47498
2	2	0	2	1.90021
12	6	2	4	1.38138
17	9	4	3	1.59303
16	8	3	5	1.3257
20	11	5	0	1.66497
2	2	0	2	1.41253
12	6	2	4	1.76577
17	9	4	3	1.58872
16	8	3	5	1.34079
20	11	5	0	1.66712
1	1	0	1	1.05211
4	3	1	1	1.60106
6	4	1	3	0
15	8	3	5	1.60956
20	11	5	0	1.61373
2	2	0	2	1.73118
8	5	2	2	0.423903
11	6	2	4	1.65013
18	10	4	5	1.4756
19	11	5	0	1.55397
2	2	0	2	1.35232
8	5	2	2	1.27237
7	5	2	2	1.6558
7	5	2	2	1.84913
7	5	2	2	1.85157
11	6	2	4	1.5568
18	10	4	5	1.50275
19	11	5	0	1.57233
1	1	0	1	1.13131
4	3	1	1	1.63608
6	4	1	3	0
15	8	3	5	1.61228
20	11	5	0	1.62624
2	2	0	2	1.71413
8	5	2	2	0.420364
7	5	2	2	1.65009
7	5	2	2	1.53432
7	5	2	2	1.86458
7	5	2	2	1.55331
7	5	2	2	1.7927
11	6	2	4	1.53707
17	9	4	3	1.44204
16	8	3	5	1.36558
20	11	5	0	1.67281
2	2	0	2	1.46098
8	5	2	2	0.381296
7	5	2	2	1.64932
11	6	2	4	1.53786
18	10	4	5	1.50204
19	11	5	0	1.57783
2	2	0	2	1.66519
12	6	2	4	1.38704
17	9	4	3	1.59077
16	8	3	5	1.32247
20	11	5	0	1.66543
2	2	0	2	1.41263
12	6	2	4	1.76592
17	9	4	3	1.58877
14	7	3	2	1.33714
9	5	2	2	1.62703
11	6	2	4	1.67588
18	10	4	5	1.81327
19	11	5	0	1.57667
2	2	0	2	1.72499
12	6	2	4	1.38744
17	9	4	3	1.59019
14	7	3	2	1.32105
10	6	2	4	0
18	10	4	5	1.58965
19	11	5	0	1.47459
2	2	0	2	1.90565
12	6	2	4	1.38126
17	9	4	3	1.59331
16	8	3	5	1.32565
20	11	5	0	1.665
1	1	0	1	0.935094
5	4	1	3	1.60854
13	7	3	2	1.67437
9	5	2	2	1.67615
11	6	2	4	1.6644
17	9	4	3	1.8337
16	8	3	5	1.67336
20	11	5	0	1.67476
2	2	0	2	1.44052
8	5	2	2	0.364271
11	6	2	4	1.64972
17	9	4	3	1.81385
14	7	3	2	0
10	6	2	4	0
18	10	4	5	1.60282
19	11	5	0	1.48023
2	2	0	2	1.88974
12	6	2	4	1.38132
17	9	4	3	1.59276
16	8	3	5	1.3257
20	11	5	0	1.66495
1	1	0	1	0.934966
5	4	1	3	1.60862
15	8	3	5	1.67844
20	11	5	0	1.59459
1	1	0	1	1.34323
5	4	1	3	1.57652
15	8	3	5	1.66718
20	11	5	0	1.58446
1	1	0	1	1.34121
4	3	1	1	1.57884
3	3	1	1	1.66016
3	3	1	1	1.69043
6	4	1	3	0
13	7	3	2	1.62265
10	6	2	4	0
17	9	4	3	1.52881
14	7	3	2	1.30677
10	6	2	4	0
17	9	4	3	1.59111
16	8	3	5	1.3969
20	11	5	0	1.6661
2	2	0	2	1.47605
12	6	2	4	1.77404
17	9	4	3	1.57793
16	8	3	5	1.57991
20	11	5	0	1.66067
2	2	0	2	1.435
12	6	2	4	1.76684
17	9	4	3	1.58561
14	7	3	2	1.33472
9	5	2	2	1.62695
7	5	2	2	1.67587
11	6	2	4	1.89966
18	10	4	5	1.50459
19	11	5	0	1.57303
2	2	0	2	1.68055
12	6	2	4	1.39097
18	10	4	5	1.58825
19	11	5	0	1.49206
2	2	0	2	1.34572
8	5	2	2	1.24938
11	6	2	4	1.6566
17	9	4	3	1.82485
14	7	3	2	0
9	5	2	2	1.6361
11	6	2	4	1.67848
18	10	4	5	1.80377
19	11	5	0	1.57669
2	2	0	2	1.72441
8	5	2	2	1.28039
11	6	2	4	1.6552
18	10	4	5	1.77567
19	11	5	0	1.5649
1	1	0	1	0.931985
5	4	1	3	1.64038
13	7	3	2	1.67587
10	6	2	4	0
18	10	4	5	1.58019
19	11	5	0	1.44783
1	1	0	1	1.44378
5	4	1	3	1.64862
13	7	3	2	1.67604
9	5	2	2	1.67659
7	5	2	2	1.65985
11	6	2	4	1.8938
18	10	4	5	1.50633
19	11	5	0	1.57222
1	1	0	1	1.17208
4	3	1	1	1.63601
6	4	1	3	0
13	7	3	2	1.61241
10	6	2	4	0
17	9	4	3	1.55055
16	8	3	5	1.42287
20	11	5	0	1.66694
2	2	0	2	1.46242
8	5	2	2	0.380234
11	6	2	4	1.64929
18	10	4	5	1.72629
19	11	5	0	1.55339
1	1	0	1	0.621335
4	3	1	1	1.64797
6	4	1	3	0
15	8	3	5	1.61267
20	11	5	0	1.62612
1	1	0	1	1.56171
4	3	1	1	1.59392
6	4	1	3	0
15	8	3	5	1.60899
20	11	5	0	1.61918
2	2	0	2	1.7293
8	5	2	2	0.423497
11	6	2	4	1.65013
17	9	4	3	1.53288
14	7	3	2	0
9	5	2	2	1.64041
11	6	2	4	1.67895
18	10	4	5	1.79088
19	11	5	0	1.57657
2	2	0	2	1.7231
8	5	2	2	1.28042
11	6	2	4	1.6552
17	9	4	3	1.82077
14	7	3	2	0
9	5	2	2	1.63651
11	6	2	4	1.67848
17	9	4	3	1.79385
16	8	3	5	1.68554
20	11	5	0	1.67445
2	2	0	2	1.44244
8	5	2	2	0.365763
11	6	2	4	1.64968
18	10	4	5	1.72728
19	11	5	0	1.55336
2	2	0	2	1.35025
8	5	2	2	1.27218
11	6	2	4	1.65581
17	9	4	3	1.82287
14	7	3	2	0
10	6	2	4	0
17	9	4	3	1.60142
16	8	3	5	1.38463
20	11	5	0	1.66648
1	1	0	1	1.33052
4	3	1	1	1.58192
3	3	1	1	1.65906
6	4	1	3	0
13	7	3	2	1.6262
10	6	2	4	0
18	10	4	5	1.57624
19	11	5	0	1.46125
2	2	0	2	1.67931
12	6	2	4	1.38895
17	9	4	3	1.59276
14	7	3	2	1.32489
9	5	2	2	1.62489
7	5	2	2	1.67545
11	6	2	4	1.89548
18	10	4	5	1.50463
19	11	5	0	1.57304
1	1	0	1	1.3395
5	4	1	3	1.63687
15	8	3	5	1.67681
20	11	5	0	1.60505
2	2	0	2	1.49523
8	5	2	2	0.382237
11	6	2	4	1.64866
17	9	4	3	1.82447
14	7	3	2	0
9	5	2	2	1.6376
11	6	2	4	1.6787
18	10	4	5	1.79442
19	11	5	0	1.57661
2	2	0	2	1.72346
12	6	2	4	1.38743
18	10	4	5	1.58881
19	11	5	0	1.48505
2	2	0	2	1.34546
12	6	2	4	1.38249
17	9	4	3	1.59547
16	8	3	5	1.33125
20	11	5	0	1.66373
2	2	0	2	1.41203
12	6	2	4	1.7661
17	9	4	3	1.58866
16	8	3	5	1.34088
20	11	5	0	1.66712
2	2	0	2	1.43322
8	5	2	2	0.358789
7	5	2	2	1.64981
7	5	2	2	1.53555
11	6	2	4	1.86635
17	9	4	3	1.45204
14	7	3	2	0.853982
10	6	2	4	0
18	10	4	5	1.59574
19	11	5	0	1.47473
1	1	0	1	0.609812
4	3	1	1	1.65192
3	3	1	1	1.67093
3	3	1	1	1.69023
6	4	1	3	0
13	7	3	2	1.61885
9	5	2	2	1.65777
7	5	2	2	1.67688
11	6	2	4	1.89885
17	9	4	3	1.45564
14	7	3	2	0.780357
9	5	2	2	1.64207
11	6	2	4	1.67748
18	10	4	5	1.80117
19	11	5	0	1.57665
1	1	0	1	1.13826
4	3	1	1	1.64012
6	4	1	3	0
13	7	3	2	1.61193
10	6	2	4	0
18	10	4	5	1.57107
19	11	5	0	1.44675
1	1	0	1	1.44837
4	3	1	1	1.64752
6	4	1	3	0
13	7	3	2	1.61332
10	6	2	4	0
18	10	4	5	1.57142
19	11	5	0	1.4464
2	2	0	2	1.67556
8	5	2	2	1.24621
11	6	2	4	1.65462
17	9	4	3	1.8215
16	8	3	5	1.41716
20	11	5	0	1.67527
2	2	0	2	1.42789
12	6	2	4	1.76421
17	9	4	3	1.58756
16	8	3	5	1.33811
20	11	5	0	1.66686
2	2	0	2	1.43313
8	5	2	2	0.358794
11	6	2	4	1.64981
17	9	4	3	1.81391
16	8	3	5	1.41636
20	11	5	0	1.67534
1	1	0	1	1.06
5	4	1	3	1.5969
13	7	3	2	1.66608
9	5	2	2	1.67554
11	6	2	4	1.66585
17	9	4	3	1.82748
16	8	3	5	1.67569
20	11	5	0	1.6747
1	1	0	1	1.10542
4	3	1	1	1.59692
6	4	1	3	0
15	8	3	5	1.60927
20	11	5	0	1.61856
2	2	0	2	1.73039
12	6	2	4	1.77871
18	10	4	5	1.57301
19	11	5	0	1.22589
2	2	0	2	1.33641
12	6	2	4	1.37972
18	10	4	5	1.5963
19	11	5	0	1.48398
1	1	0	1	0
5	4	1	3	1.6543
13	7	3	2	1.67731
10	6	2	4	0
17	9	4	3	1.55647
16	8	3	5	1.41669
20	11	5	0	1.66652
1	1	0	1	1.27601
5	4	1	3	1.58774
13	7	3	2	1.66053
10	6	2	4	0
18	10	4	5	1.58263
19	11	5	0	1.44389
1	1	0	1	1.35526
4	3	1	1	1.64945
3	3	1	1	1.66851
3	3	1	1	1.69043
6	4	1	3	0
15	8	3	5	1.61909
20	11	5	0	1.61051
2	2	0	2	1.47456
8	5	2	2	0.412739
7	5	2	2	1.64993
11	6	2	4	1.53687
18	10	4	5	1.50276
19	11	5	0	1.57784
2	2	0	2	1.66538
8	5	2	2	1.27671
11	6	2	4	1.6555
18	10	4	5	1.77611
19	11	5	0	1.56502
1	1	0	1	0.932243
5	4	1	3	1.64037
15	8	3	5	1.67685
20	11	5	0	1.60465
1	1	0	1	1.34321
4	3	1	1	1.57645
3	3	1	1	1.66188
6	4	1	3	0
15	8	3	5	1.62591
20	11	5	0	1.60566
2	2	0	2	1.47294
12	6	2	4	1.77727
17	9	4	3	1.57434
14	7	3	2	1.33357
10	6	2	4	0
17	9	4	3	1.58472
14	7	3	2	1.30566
9	5	2	2	1.62805
11	6	2	4	1.67723
17	9	4	3	1.79699
16	8	3	5	1.68302
20	11	5	0	1.67449
2	2	0	2	1.44185
12	6	2	4	1.76959
18	10	4	5	1.58033
19	11	5	0	1.44615
2	2	0	2	1.33959
12	6	2	4	1.38179
17	9	4	3	1.59595
14	7	3	2	1.33221
10	6	2	4	0
17	9	4	3	1.58894
16	8	3	5	1.40268
20	11	5	0	1.666
1	1	0	1	1.3307
5	4	1	3	1.58109
13	7	3	2	1.65765
10	6	2	4	0
17	9	4	3	1.55348
16	8	3	5	1.40284
20	11	5	0	1.66686
1	1	0	1	1.28441
5	4	1	3	1.58734
15	8	3	5	1.66921
20	11	5	0	1.58526
2	2	0	2	1.48892
8	5	2	2	0.389275
7	5	2	2	1.64881
11	6	2	4	1.55113
17	9	4	3	1.76679
14	7	3	2	0.616197
10	6	2	4	0
18	10	4	5	1.59678
19	11	5	0	1.47482
1	1	0	1	0.607285
5	4	1	3	1.65193
13	7	3	2	1.67568
9	5	2	2	1.67653
7	5	2	2	1.65988
7	5	2	2	1.89436
11	6	2	4	1.79263
17	9	4	3	1.43776
16	8	3	5	1.36885
20	11	5	0	1.67281
1	1	0	1	1.26083
4	3	1	1	1.58877
3	3	1	1	1.65513
6	4	1	3	0
13	7	3	2	1.62701
10	6	2	4	0
18	10	4	5	1.57631
19	11	5	0	1.46049
1	1	0	1	1.36993
5	4	1	3	1.6483
15	8	3	5	1.67678
20	11	5	0	1.60403
1	1	0	1	1.34334
4	3	1	1	1.57637
3	3	1	1	1.66193
6	4	1	3	0
15	8	3	5	1.62595
20	11	5	0	1.60573
1	1	0	1	1.31846
4	3	1	1	1.59019
3	3	1	1	1.65265
3	3	1	1	1.69088
6	4	1	3	0
15	8	3	5	1.62484
20	11	5	0	1.61087
2	2	0	2	1.4771
12	6	2	4	1.77786
17	9	4	3	1.58399
14	7	3	2	1.33363
9	5	2	2	1.62669
7	5	2	2	1.67587
7	5	2	2	1.89851
7	5	2	2	1.83909
11	6	2	4	1.55829
18	10	4	5	1.5047
19	11	5	0	1.57177
1	1	0	1	1.17992
4	3	1	1	1.6356
6	4	1	3	0
13	7	3	2	1.61236
9	5	2	2	1.65513
11	6	2	4	1.66621
17	9	4	3	1.81705
14	7	3	2	0.322488
9	5	2	2	1.64103
7	5	2	2	1.67739
11	6	2	4	1.87823
18	10	4	5	1.50185
19	11	5	0	1.5729
2	2	0	2	1.68826
8	5	2	2	1.28256
7	5	2	2	1.65439
11	6	2	4	1.85426
18	10	4	5	1.51198
19	11	5	0	1.57754
2	2	0	2	1.66571
12	6	2	4	1.38784
18	10	4	5	1.58941
19	11	5	0	1.48575
2	2	0	2	1.34559
8	5	2	2	1.24978
11	6	2	4	1.65663
18	10	4	5	1.77813
19	11	5	0	1.56254
1	1	0	1	0.932003
4	3	1	1	1.64048
3	3	1	1	1.6709
3	3	1	1	1.6903
3	3	1	1	1.69197
6	4	1	3	0
15	8	3	5	1.62771
20	11	5	0	1.60095
1	1	0	1	1.3215
4	3	1	1	1.58944
6	4	1	3	0
13	7	3	2	1.60846
9	5	2	2	1.66251
7	5	2	2	1.66616
7	5	2	2	1.88682
11	6	2	4	1.81547
18	10	4	5	1.51016
19	11	5	0	1.57139
2	2	0	2	1.43865
12	6	2	4	1.39285
17	9	4	3	1.58941
16	8	3	5	1.33005
20	11	5	0	1.66361
2	2	0	2	1.41164
8	5	2	2	0.354747
11	6	2	4	1.65039
18	10	4	5	1.72802
19	11	5	0	1.55338
2	2	0	2	1.35035
12	6	2	4	1.38716
18	10	4	5	1.59087
19	11	5	0	1.48719
1	1	0	1	0
5	4	1	3	1.65432
15	8	3	5	1.67844
20	11	5	0	1.60369
2	2	0	2	1.49562
8	5	2	2	0.382148
7	5	2	2	1.64865
7	5	2	2	1.549
11	6	2	4	1.87408
18	10	4	5	1.49852
19	11	5	0	1.57332
1	1	0	1	1.1287
4	3	1	1	1.63715
6	4	1	3	0
13	7	3	2	1.61245
9	5	2	2	1.65518
11	6	2	4	1.66619
17	9	4	3	1.81706
14	7	3	2	0.322497
9	5	2	2	1.64103
11	6	2	4	1.67739
18	10	4	5	1.80491
19	11	5	0	1.57669
1	1	0	1	1.1378
4	3	1	1	1.64013
3	3	1	1	1.67277
6	4	1	3	0
15	8	3	5	1.62007
20	11	5	0	1.61932
1	1	0	1	1.3236
5	4	1	3	1.58873
15	8	3	5	1.67186
20	11	5	0	1.59151
1	1	0	1	1.34256
5	4	1	3	1.57727
15	8	3	5	1.66752
20	11	5	0	1.58476
1	1	0	1	1.34127
4	3	1	1	1.5788
3	3	1	1	1.66019
6	4	1	3	0
13	7	3	2	1.62623
9	5	2	2	1.65763
7	5	2	2	1.67631
11	6	2	4	1.8978
18	10	4	5	1.50591
19	11	5	0	1.57282
2	2	0	2	1.42515
8	5	2	2	1.28255
7	5	2	2	1.65444
11	6	2	4	1.85432
17	9	4	3	1.51169
14	7	3	2	0.94167
10	6	2	4	0
18	10	4	5	1.59609
19	11	5	0	1.47472
1	1	0	1	0.607366
5	4	1	3	1.65196
15	8	3	5	1.67647
20	11	5	0	1.604
1	1	0	1	1.34323
5	4	1	3	1.57494
13	7	3	2	1.66012
9	5	2	2	1.67451
11	6	2	4	1.66765
18	10	4	5	1.82486
19	11	5	0	1.57716
1	1	0	1	1.11099
4	3	1	1	1.64067
3	3	1	1	1.6728
6	4	1	3	0
13	7	3	2	1.62004
10	6	2	4	0
17	9	4	3	1.51149
16	8	3	5	1.41326
20	11	5	0	1.66691
1	1	0	1	1.295
5	4	1	3	1.58666
15	8	3	5	1.66891
20	11	5	0	1.58511
1	1	0	1	1.34145
4	3	1	1	1.57874
3	3	1	1	1.66023
3	3	1	1	1.69042
6	4	1	3	0
13	7	3	2	1.62262
9	5	2	2	1.65841
11	6	2	4	1.67643
17	9	4	3	1.82357
16	8	3	5	1.67835
20	11	5	0	1.67458
1	1	0	1	1.10424
4	3	1	1	1.59701
6	4	1	3	0
15	8	3	5	1.60927
20	11	5	0	1.61856
2	2	0	2	1.73041
12	6	2	4	1.77871
17	9	4	3	1.57714
14	7	3	2	1.3391
9	5	2	2	1.62659
7	5	2	2	1.67587
11	6	2	4	1.89931
17	9	4	3	1.45546
14	7	3	2	0.749654
10	6	2	4	0
18	10	4	5	1.5955
19	11	5	0	1.47474
1	1	0	1	0.611346
5	4	1	3	1.65186
15	8	3	5	1.67647
20	11	5	0	1.604
2	2	0	2	1.49558
8	5	2	2	0.381895
7	5	2	2	1.64865
11	6	2	4	1.55095
17	9	4	3	1.76723
16	8	3	5	1.87252
20	11	5	0	1.6732
2	2	0	2	1.45064
12	6	2	4	1.77264
17	9	4	3	1.58338
16	8	3	5	1.33417
20	11	5	0	1.66733
2	2	0	2	1.43378
12	6	2	4	1.7663
17	9	4	3	1.58585
14	7	3	2	1.33485
9	5	2	2	1.62696
11	6	2	4	1.67587
17	9	4	3	1.80494
16	8	3	5	1.67163
20	11	5	0	1.67458
1	1	0	1	1.10769
5	4	1	3	1.59632
13	7	3	2	1.66569
10	6	2	4	0
17	9	4	3	1.55458
14	7	3	2	1.30474
10	6	2	4	0
18	10	4	5	1.59226
19	11	5	0	1.47213
1	1	0	1	0.602098
4	3	1	1	1.65216
6	4	1	3	0
13	7	3	2	1.61261
10	6	2	4	0
18	10	4	5	1.57137
19	11	5	0	1.44636
1	1	0	1	1.44923
4	3	1	1	1.64756
3	3	1	1	1.66808
3	3	1	1	1.69047
3	3	1	1	1.69198
3	3	1	1	1.68779
6	4	1	3	0
13	7	3	2	1.62822
10	6	2	4	0
18	10	4	5	1.57833
19	11	5	0	1.44858
2	2	0	2	1.6826
8	5	2	2	1.24115
7	5	2	2	1.6546
7	5	2	2	1.84331
7	5	2	2	1.85295
7	5	2	2	1.55601
11	6	2	4	1.79669
17	9	4	3	1.44326
14	7	3	2	0.82718
10	6	2	4	0
18	10	4	5	1.59538
19	11	5	0	1.47481
1	1	0	1	0.610481
4	3	1	1	1.65191
6	4	1	3	0
13	7	3	2	1.61259
9	5	2	2	1.65535
11	6	2	4	1.66562
18	10	4	5	1.819
19	11	5	0	1.577
1	1	0	1	1.1221
4	3	1	1	1.64045
6	4	1	3	0
15	8	3	5	1.61194
20	11	5	0	1.62655
1	1	0	1	1.56163
5	4	1	3	1.59324
15	8	3	5	1.67601
20	11	5	0	1.59461
2	2	0	2	1.49217
8	5	2	2	0.385092
11	6	2	4	1.64872
17	9	4	3	1.82393
14	7	3	2	0
10	6	2	4	0
17	9	4	3	1.60155
16	8	3	5	1.38606
20	11	5	0	1.6662
2	2	0	2	1.47662
8	5	2	2	0.394651
7	5	2	2	1.64895
7	5	2	2	1.54935
11	6	2	4	1.87432
17	9	4	3	1.45245
16	8	3	5	1.36506
20	11	5	0	1.67304
2	2	0	2	1.45804
8	5	2	2	0.378743
7	5	2	2	1.64938
7	5	2	2	1.53573
11	6	2	4	1.86606
17	9	4	3	1.45201
16	8	3	5	1.36534
20	11	5	0	1.67303
1	1	0	1	1.23765
4	3	1	1	1.59019
3	3	1	1	1.65418
3	3	1	1	1.69095
6	4	1	3	0
13	7	3	2	1.62413
9	5	2	2	1.65874
7	5	2	2	1.67619
11	6	2	4	1.89762
18	10	4	5	1.50593
19	11	5	0	1.57281
1	1	0	1	1.11625
5	4	1	3	1.63657
13	7	3	2	1.67578
9	5	2	2	1.67611
7	5	2	2	1.65993
7	5	2	2	1.89484
7	5	2	2	1.79289
7	5	2	2	1.5547
7	5	2	2	1.53923
7	5	2	2	1.54036
7	5	2	2	1.54397
7	5	2	2	1.5423
11	6	2	4	1.54152
17	9	4	3	1.44056
16	8	3	5	1.36543
20	11	5	0	1.67281
2	2	0	2	1.46101
8	5	2	2	0.381292
7	5	2	2	1.64932
7	5	2	2	1.53575
11	6	2	4	1.86602
18	10	4	5	1.49849
19	11	5	0	1.57327
2	2	0	2	1.42558
12	6	2	4	1.39176
17	9	4	3	1.58942
14	7	3	2	1.3301
9	5	2	2	1.62457
11	6	2	4	1.67541
18	10	4	5	1.81583
19	11	5	0	1.57676
2	2	0	2	1.72477
12	6	2	4	1.38741
17	9	4	3	1.5902
16	8	3	5	1.32182
20	11	5	0	1.66554
2	2	0	2	1.41266
12	6	2	4	1.76589
18	10	4	5	1.58369
19	11	5	0	1.44386
1	1	0	1	0
4	3	1	1	1.65353
3	3	1	1	1.66721
6	4	1	3	0
15	8	3	5	1.62009
20	11	5	0	1.61937
1	1	0	1	1.3236
5	4	1	3	1.58873
15	8	3	5	1.67186
20	11	5	0	1.59151
1	1	0	1	1.34256
4	3	1	1	1.57853
6	4	1	3	0
13	7	3	2	1.60782
9	5	2	2	1.66118
7	5	2	2	1.66673
11	6	2	4	1.88676
17	9	4	3	1.45107
14	7	3	2	0.775805
10	6	2	4	0
17	9	4	3	1.59469
14	7	3	2	1.28465
9	5	2	2	1.6296
7	5	2	2	1.6778
7	5	2	2	1.87599
7	5	2	2	1.83411
7	5	2	2	1.5556
11	6	2	4	1.54527
18	10	4	5	1.50591
19	11	5	0	1.57175
2	2	0	2	1.43168
8	5	2	2	1.28322
11	6	2	4	1.65445
17	9	4	3	1.82593
14	7	3	2	0
9	5	2	2	1.63644
11	6	2	4	1.67847
17	9	4	3	1.79399
16	8	3	5	1.68548
20	11	5	0	1.67445
1	1	0	1	1.11611
4	3	1	1	1.59635
6	4	1	3	0
15	8	3	5	1.60921
20	11	5	0	1.61861
1	1	0	1	1.584
5	4	1	3	1.6113
15	8	3	5	1.67735
20	11	5	0	1.59504
2	2	0	2	1.4924
12	6	2	4	1.7728
18	10	4	5	1.57193
19	11	5	0	1.45527
1	1	0	1	0
5	4	1	3	1.6492
13	7	3	2	1.67744
10	6	2	4	0
18	10	4	5	1.58033
19	11	5	0	1.44783
1	1	0	1	1.44356
4	3	1	1	1.64864
6	4	1	3	0
15	8	3	5	1.61335
20	11	5	0	1.62551
1	1	0	1	1.5619
5	4	1	3	1.59337
13	7	3	2	1.67163
9	5	2	2	1.67568
11	6	2	4	1.66477
17	9	4	3	1.83295
14	7	3	2	0.317294
9	5	2	2	1.64067
11	6	2	4	1.67739
17	9	4	3	1.79654
16	8	3	5	1.68409
20	11	5	0	1.67448
2	2	0	2	1.4421
12	6	2	4	1.76968
17	9	4	3	1.58493
14	7	3	2	1.33353
10	6	2	4	0
18	10	4	5	1.58566
19	11	5	0	1.47727
2	2	0	2	1.62573
8	5	2	2	1.19986
7	5	2	2	1.65535
11	6	2	4	1.84509
17	9	4	3	1.51202
16	8	3	5	1.61166
20	11	5	0	1.67255
2	2	0	2	1.4547
12	6	2	4	1.7744
17	9	4	3	1.58266
14	7	3	2	1.3301
10	6	2	4	0
18	10	4	5	1.58562
19	11	5	0	1.47746
1	1	0	1	0.311635
5	4	1	3	1.65128
15	8	3	5	1.6752
20	11	5	0	1.60406
2	2	0	2	1.49562
12	6	2	4	1.76887
18	10	4	5	1.57189
19	11	5	0	1.45692
2	2	0	2	1.33826
8	5	2	2	1.18936
11	6	2	4	1.65656
18	10	4	5	1.77603
19	11	5	0	1.5537
1	1	0	1	0.931478
4	3	1	1	1.64054
3	3	1	1	1.67088
6	4	1	3	0
15	8	3	5	1.62008
20	11	5	0	1.61933
1	1	0	1	1.3236
4	3	1	1	1.58948
6	4	1	3	0
13	7	3	2	1.60841
9	5	2	2	1.6625
11	6	2	4	1.66615
17	9	4	3	1.81542
14	7	3	2	0.323768
10	6	2	4	0
17	9	4	3	1.59712
14	7	3	2	1.27755
10	6	2	4	0
17	9	4	3	1.58888
14	7	3	2	1.29677
9	5	2	2	1.6229
7	5	2	2	1.67759
7	5	2	2	1.88632
11	6	2	4	1.84744
18	10	4	5	1.51072
19	11	5	0	1.57165
2	2	0	2	1.43768
12	6	2	4	1.39284
17	9	4	3	1.58946
16	8	3	5	1.33018
20	11	5	0	1.66358
2	2	0	2	1.41163
8	5	2	2	0.354752
11	6	2	4	1.65039
17	9	4	3	1.81371
14	7	3	2	0
10	6	2	4	0
17	9	4	3	1.60183
14	7	3	2	1.27277
9	5	2	2	1.62911
11	6	2	4	1.67797
17	9	4	3	1.79192
16	8	3	5	1.68633
20	11	5	0	1.67443
2	2	0	2	1.44256
8	5	2	2	0.365867
11	6	2	4	1.64968
18	10	4	5	1.72727
19	11	5	0	1.55336
1	1	0	1	0.621308
4	3	1	1	1.64797
3	3	1	1	1.67038
3	3	1	1	1.69034
6	4	1	3	0
15	8	3	5	1.61894
20	11	5	0	1.61054
1	1	0	1	1.32583
5	4	1	3	1.58862
15	8	3	5	1.67178
20	11	5	0	1.59131
1	1	0	1	1.34252
5	4	1	3	1.5773
13	7	3	2	1.66144
9	5	2	2	1.67471
11	6	2	4	1.66745
18	10	4	5	1.82487
19	11	5	0	1.57717
2	2	0	2	1.72255
8	5	2	2	1.27714
11	6	2	4	1.65519
18	10	4	5	1.77553
19	11	5	0	1.56483
2	2	0	2	1.62218
12	6	2	4	1.38737
18	10	4	5	1.59041
19	11	5	0	1.48665
2	2	0	2	1.34589
8	5	2	2	1.24968
7	5	2	2	1.65662
7	5	2	2	1.84994
7	5	2	2	1.8515
7	5	2	2	1.55635
11	6	2	4	1.79568
18	10	4	5	1.50685
19	11	5	0	1.57185
2	2	0	2	1.43135
12	6	2	4	1.3919
18	10	4	5	1.58837
19	11	5	0	1.49199
2	2	0	2	1.34575
12	6	2	4	1.38251
17	9	4	3	1.59558
14	7	3	2	1.33148
9	5	2	2	1.62457
11	6	2	4	1.67545
18	10	4	5	1.81563
19	11	5	0	1.57675
1	1	0	1	1.13946
4	3	1	1	1.64009
3	3	1	1	1.67278
6	4	1	3	0
15	8	3	5	1.62007
20	11	5	0	1.61932
2	2	0	2	1.47429
12	6	2	4	1.77687
17	9	4	3	1.57465
14	7	3	2	1.33351
9	5	2	2	1.62669
11	6	2	4	1.67587
18	10	4	5	1.81335
19	11	5	0	1.57667
2	2	0	2	1.72499
12	6	2	4	1.38744
18	10	4	5	1.58879
19	11	5	0	1.48503
2	2	0	2	1.34545
8	5	2	2	1.24981
7	5	2	2	1.65662
11	6	2	4	1.85237
17	9	4	3	1.51134
16	8	3	5	1.61223
20	11	5	0	1.67251
2	2	0	2	1.45494
8	5	2	2	0.375518
7	5	2	2	1.64945
7	5	2	2	1.5357
11	6	2	4	1.86611
18	10	4	5	1.4985
19	11	5	0	1.57327
1	1	0	1	1.13536
4	3	1	1	1.6371
3	3	1	1	1.67075
3	3	1	1	1.69038
6	4	1	3	0
15	8	3	5	1.61888
20	11	5	0	1.61052
2	2	0	2	1.47447
8	5	2	2	0.412632
11	6	2	4	1.64994
17	9	4	3	1.80734
14	7	3	2	0
9	5	2	2	1.64034
7	5	2	2	1.67895
11	6	2	4	1.8571
18	10	4	5	1.49995
19	11	5	0	1.5729
1	1	0	1	1.33515
5	4	1	3	1.63676
13	7	3	2	1.67548
9	5	2	2	1.6761
7	5	2	2	1.65993
7	5	2	2	1.89481
7	5	2	2	1.79296
7	5	2	2	1.5547
7	5	2	2	1.53924
11	6	2	4	1.54013
17	9	4	3	1.4407
16	8	3	5	1.36555
20	11	5	0	1.67281
1	1	0	1	1.25731
4	3	1	1	1.58905
6	4	1	3	0
13	7	3	2	1.60831
9	5	2	2	1.66184
11	6	2	4	1.66678
18	10	4	5	1.8177
19	11	5	0	1.57705
2	2	0	2	1.72212
8	5	2	2	1.28007
11	6	2	4	1.6552
17	9	4	3	1.82069
14	7	3	2	0
10	6	2	4	0
17	9	4	3	1.60144
14	7	3	2	1.26977
10	6	2	4	0
18	10	4	5	1.58984
19	11	5	0	1.47278
1	1	0	1	0.601314
5	4	1	3	1.65228
13	7	3	2	1.67577
9	5	2	2	1.67654
7	5	2	2	1.65989
11	6	2	4	1.89364
17	9	4	3	1.44849
14	7	3	2	0.828279
9	5	2	2	1.64245
11	6	2	4	1.67751
17	9	4	3	1.79026
14	7	3	2	0.341174
9	5	2	2	1.64068
11	6	2	4	1.67741
17	9	4	3	1.79584
16	8	3	5	1.68445
20	11	5	0	1.67447
1	1	0	1	1.11417
5	4	1	3	1.59592
15	8	3	5	1.67312
20	11	5	0	1.59279
1	1	0	1	1.34289
5	4	1	3	1.57715
13	7	3	2	1.66134
9	5	2	2	1.67469
7	5	2	2	1.66748
11	6	2	4	1.89899
18	10	4	5	1.50647
19	11	5	0	1.57247
2	2	0	2	1.4284
8	5	2	2	1.28272
11	6	2	4	1.65446
18	10	4	5	1.77804
19	11	5	0	1.56485
2	2	0	2	1.62254
8	5	2	2	1.27435
7	5	2	2	1.6556
7	5	2	2	1.84877
7	5	2	2	1.85166
7	5	2	2	1.55625
7	5	2	2	1.79544
7	5	2	2	1.53735
11	6	2	4	1.54471
18	10	4	5	1.50648
19	11	5	0	1.5716
2	2	0	2	1.43349
12	6	2	4	1.39213
17	9	4	3	1.58921
14	7	3	2	1.32945
9	5	2	2	1.62464
7	5	2	2	1.67541
7	5	2	2	1.89471
7	5	2	2	1.83859
7	5	2	2	1.55789
7	5	2	2	1.54623
7	5	2	2	1.53737
11	6	2	4	1.54341
17	9	4	3	1.4404
14	7	3	2	0.857444
10	6	2	4	0
18	10	4	5	1.59546
19	11	5	0	1.47487
1	1	0	1	0.609988
5	4	1	3	1.65192
13	7	3	2	1.67569
10	6	2	4	0
18	10	4	5	1.58031
19	11	5	0	1.44788
1	1	0	1	1.44351
4	3	1	1	1.64864
6	4	1	3	0
15	8	3	5	1.61335
20	11	5	0	1.62551
1	1	0	1	1.5619
5	4	1	3	1.59337
13	7	3	2	1.67163
9	5	2	2	1.67568
11	6	2	4	1.66477
18	10	4	5	1.82881
19	11	5	0	1.57731
1	1	0	1	1.09756
5	4	1	3	1.64088
15	8	3	5	1.67614
20	11	5	0	1.60495
1	1	0	1	1.34316
4	3	1	1	1.5765
6	4	1	3	0
13	7	3	2	1.60764
10	6	2	4	0
18	10	4	5	1.57856
19	11	5	0	1.44612
1	1	0	1	1.35036
4	3	1	1	1.64906
6	4	1	3	0
15	8	3	5	1.6132
20	11	5	0	1.62562
1	1	0	1	1.56189
4	3	1	1	1.59399
6	4	1	3	0
13	7	3	2	1.60892
10	6	2	4	0
17	9	4	3	1.55203
16	8	3	5	1.40698
20	11	5	0	1.66701
1	1	0	1	1.28453
5	4	1	3	1.58719
13	7	3	2	1.66035
9	5	2	2	1.6743
7	5	2	2	1.66717
11	6	2	4	1.89858
18	10	4	5	1.50648
19	11	5	0	1.57245
1	1	0	1	1.15072
5	4	1	3	1.63622
13	7	3	2	1.6759
9	5	2	2	1.67611
7	5	2	2	1.65993
7	5	2	2	1.89486
11	6	2	4	1.7927
18	10	4	5	1.50905
19	11	5	0	1.5713
1	1	0	1	1.2463
4	3	1	1	1.63493
3	3	1	1	1.67083
6	4	1	3	0
13	7	3	2	1.61995
10	6	2	4	0
18	10	4	5	1.57545
19	11	5	0	1.46769
1	1	0	1	1.32024
5	4	1	3	1.64759
15	8	3	5	1.67622
20	11	5	0	1.60403
2	2	0	2	1.49554
8	5	2	2	0.381885
11	6	2	4	1.64865
17	9	4	3	1.82452
14	7	3	2	0
9	5	2	2	1.63759
11	6	2	4	1.6787
17	9	4	3	1.78395
14	7	3	2	0.344018
10	6	2	4	0
17	9	4	3	1.5967
16	8	3	5	1.38975
20	11	5	0	1.66629
1	1	0	1	1.33055
4	3	1	1	1.58207
6	4	1	3	0
15	8	3	5	1.60777
20	11	5	0	1.61406
2	2	0	2	1.72765
8	5	2	2	0.423303
7	5	2	2	1.65012
7	5	2	2	1.5343
7	5	2	2	1.86467
11	6	2	4	1.55393
18	10	4	5	1.50316
19	11	5	0	1.57228
2	2	0	2	1.42768
12	6	2	4	1.39144
18	10	4	5	1.58825
19	11	5	0	1.49193
2	2	0	2	1.34571
12	6	2	4	1.38252
17	9	4	3	1.59558
16	8	3	5	1.3314
20	11	5	0	1.6637
1	1	0	1	0.936447
5	4	1	3	1.60915
15	8	3	5	1.67852
20	11	5	0	1.59457
2	2	0	2	1.49252
12	6	2	4	1.77269
17	9	4	3	1.57624
14	7	3	2	1.59365
9	5	2	2	1.62661
11	6	2	4	1.67582
17	9	4	3	1.80554
14	7	3	2	0.323162
9	5	2	2	1.64092
11	6	2	4	1.67741
18	10	4	5	1.80493
19	11	5	0	1.57669
1	1	0	1	1.13782
4	3	1	1	1.64013
3	3	1	1	1.67277
3	3	1	1	1.69019
6	4	1	3	0
13	7	3	2	1.61867
10	6	2	4	0
18	10	4	5	1.57768
19	11	5	0	1.46073
1	1	0	1	1.37145
5	4	1	3	1.6485
15	8	3	5	1.67675
20	11	5	0	1.60402
1	1	0	1	1.34334
4	3	1	1	1.57637
6	4	1	3	0
15	8	3	5	1.60769
20	11	5	0	1.61989
1	1	0	1	1.58042
4	3	1	1	1.61073
6	4	1	3	0
13	7	3	2	1.60902
9	5	2	2	1.66191
11	6	2	4	1.66621
17	9	4	3	1.81516
16	8	3	5	1.67172
20	11	5	0	1.67461
2	2	0	2	1.4414
12	6	2	4	1.76937
18	10	4	5	1.58042
19	11	5	0	1.44612
2	2	0	2	1.33962
8	5	2	2	1.21615
11	6	2	4	1.65647
18	10	4	5	1.77679
19	11	5	0	1.5537
2	2	0	2	1.62097
12	6	2	4	1.38738
17	9	4	3	1.59166
16	8	3	5	1.32454
20	11	5	0	1.6651
1	1	0	1	0.934475
5	4	1	3	1.60853
15	8	3	5	1.67843
20	11	5	0	1.59459
2	2	0	2	1.49252
12	6	2	4	1.77269
18	10	4	5	1.57193
19	11	5	0	1.45533
2	2	0	2	1.33801
12	6	2	4	1.38186
18	10	4	5	1.59575
19	11	5	0	1.48725
1	1	0	1	0
5	4	1	3	1.65442
13	7	3	2	1.6774
9	5	2	2	1.67656
11	6	2	4	1.65984
17	9	4	3	1.84268
16	8	3	5	1.67446
20	11	5	0	1.67476
1	1	0	1	1.10611
5	4	1	3	1.59637
13	7	3	2	1.66571
10	6	2	4	0
18	10	4	5	1.58261
19	11	5	0	1.44397
2	2	0	2	1.68874
8	5	2	2	1.23343
11	6	2	4	1.65463
18	10	4	5	1.77006
19	11	5	0	1.55327
2	2	0	2	1.62001
12	6	2	4	1.38737
17	9	4	3	1.59168
14	7	3	2	1.32407
10	6	2	4	0
17	9	4	3	1.58895
16	8	3	5	1.40266
20	11	5	0	1.66597
1	1	0	1	1.33071
5	4	1	3	1.5811
15	8	3	5	1.66693
20	11	5	0	1.58348
1	1	0	1	1.34109
4	3	1	1	1.57896
3	3	1	1	1.66008
6	4	1	3	0
13	7	3	2	1.62625
9	5	2	2	1.65764
11	6	2	4	1.6763
18	10	4	5	1.82955
19	11	5	0	1.57681
1	1	0	1	1.13764
4	3	1	1	1.64011
3	3	1	1	1.67284
3	3	1	1	1.69019
3	3	1	1	1.69196
3	3	1	1	1.68779
6	4	1	3	0
15	8	3	5	1.62815
20	11	5	0	1.60178
1	1	0	1	1.32054
5	4	1	3	1.58883
13	7	3	2	1.66705
10	6	2	4	0
17	9	4	3	1.55438
16	8	3	5	1.40377
20	11	5	0	1.66687
1	1	0	1	1.28404
4	3	1	1	1.58824
6	4	1	3	0
15	8	3	5	1.6083
20	11	5	0	1.61365
1	1	0	1	1.58221
5	4	1	3	1.61066
15	8	3	5	1.67722
20	11	5	0	1.59496
2	2	0	2	1.49236
12	6	2	4	1.77287
18	10	4	5	1.57194
19	11	5	0	1.45525
2	2	0	2	1.33799
8	5	2	2	1.18805
7	5	2	2	1.65656
11	6	2	4	1.85034
17	9	4	3	1.51181
16	8	3	5	1.61221
20	11	5	0	1.67253
2	2	0	2	1.45488
8	5	2	2	0.375477
7	5	2	2	1.64945
11	6	2	4	1.5378
18	10	4	5	1.50204
19	11	5	0	1.57783
2	2	0	2	1.66519
12	6	2	4	1.38704
18	10	4	5	1.5894
19	11	5	0	1.48568
1	1	0	1	0
5	4	1	3	1.65427
15	8	3	5	1.67848
20	11	5	0	1.60368
2	2	0	2	1.49562
12	6	2	4	1.76926
17	9	4	3	1.57618
16	8	3	5	1.59906
20	11	5	0	1.66034
1	1	0	1	1.03443
5	4	1	3	1.603
13	7	3	2	1.66932
9	5	2	2	1.67591
7	5	2	2	1.66537
7	5	2	2	1.89719
7	5	2	2	1.80145
7	5	2	2	1.55614
7	5	2	2	1.54311
7	5	2	2	1.5397
7	5	2	2	1.54405
7	5	2	2	1.54251
11	6	2	4	1.5414
18	10	4	5	1.50729
19	11	5	0	1.57156
2	2	0	2	1.43482
12	6	2	4	1.39224
17	9	4	3	1.58924
16	8	3	5	1.32962
20	11	5	0	1.6637
2	2	0	2	1.41167
12	6	2	4	1.76614
18	10	4	5	1.58358
19	11	5	0	1.44362
2	2	0	2	1.34051
8	5	2	2	1.25037
11	6	2	4	1.65647
18	10	4	5	1.77703
19	11	5	0	1.55373
1	1	0	1	0.931605
5	4	1	3	1.64052
15	8	3	5	1.67689
20	11	5	0	1.60464
1	1	0	1	1.34321
4	3	1	1	1.57645
6	4	1	3	0
15	8	3	5	1.6077
20	11	5	0	1.61988
1	1	0	1	1.58044
4	3	1	1	1.61074
3	3	1	1	1.65405
6	4	1	3	0
13	7	3	2	1.62718
10	6	2	4	0
17	9	4	3	1.52738
14	7	3	2	1.30558
9	5	2	2	1.63632
11	6	2	4	1.67802
18	10	4	5	1.8029
19	11	5	0	1.57666
1	1	0	1	1.13812
5	4	1	3	1.64011
13	7	3	2	1.67516
10	6	2	4	0
18	10	4	5	1.58014
19	11	5	0	1.44785
1	1	0	1	1.44395
5	4	1	3	1.64862
13	7	3	2	1.67605
9	5	2	2	1.67659
7	5	2	2	1.65986
11	6	2	4	1.8938
17	9	4	3	1.44848
14	7	3	2	0.828657
10	6	2	4	0
17	9	4	3	1.59473
14	7	3	2	1.28509
9	5	2	2	1.62963
7	5	2	2	1.67779
11	6	2	4	1.87747
17	9	4	3	1.45101
16	8	3	5	1.36246
20	11	5	0	1.67297
2	2	0	2	1.45722
12	6	2	4	1.77602
18	10	4	5	1.57782
19	11	5	0	1.44728
2	2	0	2	1.33847
12	6	2	4	1.38179
18	10	4	5	1.59539
19	11	5	0	1.48794
1	1	0	1	0
4	3	1	1	1.65444
6	4	1	3	0
15	8	3	5	1.61349
20	11	5	0	1.62554
2	2	0	2	1.71501
12	6	2	4	1.77701
17	9	4	3	1.57596
16	8	3	5	1.34731
20	11	5	0	1.66652
1	1	0	1	1.09569
5	4	1	3	1.59877
13	7	3	2	1.66738
10	6	2	4	0
18	10	4	5	1.58261
19	11	5	0	1.44399
2	2	0	2	1.68867
12	6	2	4	1.3866
18	10	4	5	1.59201
19	11	5	0	1.48464
1	1	0	1	0
5	4	1	3	1.65438
13	7	3	2	1.67744
9	5	2	2	1.67657
7	5	2	2	1.65984
11	6	2	4	1.89377
17	9	4	3	1.44848
14	7	3	2	0.828975
9	5	2	2	1.64246
11	6	2	4	1.67751
18	10	4	5	1.80007
19	11	5	0	1.57664
2	2	0	2	1.72409
12	6	2	4	1.38742
18	10	4	5	1.5888
19	11	5	0	1.48504
1	1	0	1	0
4	3	1	1	1.65426
6	4	1	3	0
15	8	3	5	1.61361
20	11	5	0	1.62546
2	2	0	2	1.71504
8	5	2	2	0.420335
11	6	2	4	1.65009
18	10	4	5	1.46712
19	11	5	0	1.55385
2	2	0	2	1.35196
8	5	2	2	1.27233
11	6	2	4	1.6558
17	9	4	3	1.82289
16	8	3	5	1.41653
20	11	5	0	1.67523
2	2	0	2	1.42745
8	5	2	2	0.355241
7	5	2	2	1.64991
11	6	2	4	1.53727
18	10	4	5	1.50214
19	11	5	0	1.57783
1	1	0	1	0.980748
4	3	1	1	1.6375
6	4	1	3	0
13	7	3	2	1.61208
10	6	2	4	0
17	9	4	3	1.55055
14	7	3	2	1.30611
9	5	2	2	1.63521
11	6	2	4	1.67796
17	9	4	3	1.79564
16	8	3	5	1.68444
20	11	5	0	1.67447
1	1	0	1	1.11388
5	4	1	3	1.59594
13	7	3	2	1.66546
10	6	2	4	0
18	10	4	5	1.58261
19	11	5	0	1.44396
1	1	0	1	1.3565
4	3	1	1	1.64943
3	3	1	1	1.6685
6	4	1	3	0
15	8	3	5	1.62011
20	11	5	0	1.61934
1	1	0	1	1.3236
4	3	1	1	1.58948
3	3	1	1	1.65314
3	3	1	1	1.69083
6	4	1	3	0
13	7	3	2	1.62466
9	5	2	2	1.65877
7	5	2	2	1.6761
11	6	2	4	1.89746
18	10	4	5	1.50592
19	11	5	0	1.57281
1	1	0	1	1.11639
5	4	1	3	1.63657
13	7	3	2	1.67578
9	5	2	2	1.67611
7	5	2	2	1.65993
7	5	2	2	1.89485
7	5	2	2	1.79292
7	5	2	2	1.5547
11	6	2	4	1.53907
18	10	4	5	1.50727
19	11	5	0	1.57162
1	1	0	1	1.19785
5	4	1	3	1.63543
15	8	3	5	1.67709
20	11	5	0	1.60507
1	1	0	1	1.34322
4	3	1	1	1.57653
3	3	1	1	1.66184
6	4	1	3	0
15	8	3	5	1.62592
20	11	5	0	1.60565
1	1	0	1	1.31846
5	4	1	3	1.5895
15	8	3	5	1.67236
20	11	5	0	1.59186
1	1	0	1	1.34265
4	3	1	1	1.57846
6	4	1	3	0
15	8	3	5	1.60788
20	11	5	0	1.61968
1	1	0	1	1.58097
5	4	1	3	1.61043
15	8	3	5	1.67716
20	11	5	0	1.59492
1	1	0	1	1.34314
5	4	1	3	1.57661
15	8	3	5	1.66723
20	11	5	0	1.58448
1	1	0	1	1.34122
4	3	1	1	1.57884
6	4	1	3	0
13	7	3	2	1.60792
9	5	2	2	1.66129
7	5	2	2	1.66667
11	6	2	4	1.88671
18	10	4	5	1.50483
19	11	5	0	1.57259
2	2	0	2	1.42618
12	6	2	4	1.39139
17	9	4	3	1.58912
16	8	3	5	1.32938
20	11	5	0	1.66375
1	1	0	1	0.934675
5	4	1	3	1.60924
13	7	3	2	1.67452
9	5	2	2	1.67617
7	5	2	2	1.66438
11	6	2	4	1.90167
18	10	4	5	1.50691
19	11	5	0	1.57233
1	1	0	1	1.16661
4	3	1	1	1.63612
6	4	1	3	0
15	8	3	5	1.61242
20	11	5	0	1.62614
1	1	0	1	1.5616
4	3	1	1	1.59387
6	4	1	3	0
13	7	3	2	1.6089
10	6	2	4	0
18	10	4	5	1.57894
19	11	5	0	1.44611
1	1	0	1	1.35115
5	4	1	3	1.64911
15	8	3	5	1.67665
20	11	5	0	1.60397
1	1	0	1	1.34334
5	4	1	3	1.57494
13	7	3	2	1.66012
9	5	2	2	1.67451
11	6	2	4	1.66765
18	10	4	5	1.82486
19	11	5	0	1.57716
1	1	0	1	1.11099
5	4	1	3	1.64066
13	7	3	2	1.67515
10	6	2	4	0
17	9	4	3	1.55635
16	8	3	5	1.41677
20	11	5	0	1.66652
2	2	0	2	1.46323
12	6	2	4	1.77683
18	10	4	5	1.5768
19	11	5	0	1.44831
2	2	0	2	1.33823
12	6	2	4	1.38181
17	9	4	3	1.59628
14	7	3	2	1.33164
9	5	2	2	1.6246
7	5	2	2	1.67545
7	5	2	2	1.8945
11	6	2	4	1.83845
18	10	4	5	1.5102
19	11	5	0	1.57163
2	2	0	2	1.43788
8	5	2	2	1.2832
11	6	2	4	1.65452
17	9	4	3	1.82644
16	8	3	5	1.4165
20	11	5	0	1.67524
2	2	0	2	1.42726
8	5	2	2	0.355208
7	5	2	2	1.64991
11	6	2	4	1.53727
17	9	4	3	1.51407
16	8	3	5	1.60532
20	11	5	0	1.67298
1	1	0	1	1.1834
4	3	1	1	1.59276
6	4	1	3	0
15	8	3	5	1.60883
20	11	5	0	1.6189
2	2	0	2	1.72963
8	5	2	2	0.423631
11	6	2	4	1.65013
18	10	4	5	1.47546
19	11	5	0	1.55396
1	1	0	1	0.629542
4	3	1	1	1.64778
6	4	1	3	0
15	8	3	5	1.61268
20	11	5	0	1.62611
2	2	0	2	1.71447
8	5	2	2	0.420353
7	5	2	2	1.65009
11	6	2	4	1.53651
18	10	4	5	1.50301
19	11	5	0	1.57783
1	1	0	1	0.982598
5	4	1	3	1.63744
13	7	3	2	1.67589
10	6	2	4	0
18	10	4	5	1.58016
19	11	5	0	1.44783
2	2	0	2	1.68423
8	5	2	2	1.23446
11	6	2	4	1.65465
17	9	4	3	1.82044
14	7	3	2	0
9	5	2	2	1.63642
11	6	2	4	1.6785
18	10	4	5	1.80274
19	11	5	0	1.57668
2	2	0	2	1.72431
8	5	2	2	1.28039
7	5	2	2	1.6552
11	6	2	4	1.85088
17	9	4	3	1.51086
14	7	3	2	0.935429
10	6	2	4	0
17	9	4	3	1.59525
16	8	3	5	1.39256
20	11	5	0	1.66615
1	1	0	1	1.33063
5	4	1	3	1.58086
15	8	3	5	1.66679
20	11	5	0	1.58343
2	2	0	2	1.4881
8	5	2	2	0.390248
7	5	2	2	1.64884
11	6	2	4	1.55115
17	9	4	3	1.76673
16	8	3	5	1.87162
20	11	5	0	1.6732
1	1	0	1	1.17444
4	3	1	1	1.59321
3	3	1	1	1.65227
6	4	1	3	0
13	7	3	2	1.6276
9	5	2	2	1.65825
7	5	2	2	1.67594
7	5	2	2	1.89762
11	6	2	4	1.85245
17	9	4	3	1.44038
16	8	3	5	1.62466
20	11	5	0	1.67282
2	2	0	2	1.46237
8	5	2	2	0.382518
11	6	2	4	1.64929
18	10	4	5	1.72641
19	11	5	0	1.55339
2	2	0	2	1.35028
8	5	2	2	1.27218
11	6	2	4	1.65581
18	10	4	5	1.77684
19	11	5	0	1.56483
1	1	0	1	0.932043
5	4	1	3	1.6404
13	7	3	2	1.67587
10	6	2	4	0
17	9	4	3	1.5564
14	7	3	2	1.32076
9	5	2	2	1.63559
7	5	2	2	1.67796
11	6	2	4	1.88014
18	10	4	5	1.50189
19	11	5	0	1.5729
1	1	0	1	1.33977
5	4	1	3	1.63679
15	8	3	5	1.67669
20	11	5	0	1.60507
1	1	0	1	1.3432
5	4	1	3	1.57512
13	7	3	2	1.66021
9	5	2	2	1.67453
7	5	2	2	1.66763
11	6	2	4	1.8992
17	9	4	3	1.45196
14	7	3	2	0.812357
10	6	2	4	0
18	10	4	5	1.59553
19	11	5	0	1.47488
2	2	0	2	1.90017
8	5	2	2	1.22375
7	5	2	2	1.65514
7	5	2	2	1.84403
11	6	2	4	1.85354
18	10	4	5	1.4997
19	11	5	0	1.57298
2	2	0	2	1.42843
12	6	2	4	1.39198
18	10	4	5	1.58865
19	11	5	0	1.49173
1	1	0	1	0
5	4	1	3	1.65451
13	7	3	2	1.67775
10	6	2	4	0
17	9	4	3	1.55649
16	8	3	5	1.41667
20	11	5	0	1.66652
2	2	0	2	1.46324
12	6	2	4	1.77683
18	10	4	5	1.5768
19	11	5	0	1.44831
2	2	0	2	1.33823
12	6	2	4	1.38181
17	9	4	3	1.59628
16	8	3	5	1.33155
20	11	5	0	1.66375
2	2	0	2	1.41212
8	5	2	2	0.354722
7	5	2	2	1.65038
11	6	2	4	1.53741
17	9	4	3	1.51391
16	8	3	5	1.60411
20	11	5	0	1.67297
1	1	0	1	1.18323
5	4	1	3	1.5921
15	8	3	5	1.67147
20	11	5	0	1.59198
1	1	0	1	1.3427
4	3	1	1	1.57859
3	3	1	1	1.6605
3	3	1	1	1.69039
6	4	1	3	0
15	8	3	5	1.62256
20	11	5	0	1.61056
1	1	0	1	1.32673
4	3	1	1	1.58879
6	4	1	3	0
13	7	3	2	1.60832
9	5	2	2	1.66242
11	6	2	4	1.66622
17	9	4	3	1.81541
14	7	3	2	0.32375
9	5	2	2	1.64094
11	6	2	4	1.67739
17	9	4	3	1.79602
14	7	3	2	0.336592
10	6	2	4	0
18	10	4	5	1.59785
19	11	5	0	1.4777
2	2	0	2	1.89385
12	6	2	4	1.38152
17	9	4	3	1.59288
16	8	3	5	1.32577
20	11	5	0	1.66495
1	1	0	1	0.93501
4	3	1	1	1.60885
3	3	1	1	1.63588
3	3	1	1	1.69103
3	3	1	1	1.69177
3	3	1	1	1.68826
3	3	1	1	1.6885
6	4	1	3	0
15	8	3	5	1.62656
20	11	5	0	1.603
1	1	0	1	1.32117
5	4	1	3	1.58889
13	7	3	2	1.66703
10	6	2	4	0
18	10	4	5	1.58255
19	11	5	0	1.44397
2	2	0	2	1.68881
12	6	2	4	1.38659
18	10	4	5	1.59201
19	11	5	0	1.48464
1	1	0	1	0
5	4	1	3	1.65438
15	8	3	5	1.67827
20	11	5	0	1.60367
1	1	0	1	1.34328
4	3	1	1	1.57631
6	4	1	3	0
15	8	3	5	1.60769
20	11	5	0	1.6199
2	2	0	2	1.72736
8	5	2	2	0.423197
11	6	2	4	1.65012
17	9	4	3	1.53291
14	7	3	2	0
10	6	2	4	0
17	9	4	3	1.60352
14	7	3	2	1.27032
10	6	2	4	0
17	9	4	3	1.58906
16	8	3	5	1.39941
20	11	5	0	1.66602
1	1	0	1	1.33068
5	4	1	3	1.58106
15	8	3	5	1.6669
20	11	5	0	1.58346
1	1	0	1	1.34108
5	4	1	3	1.57781
13	7	3	2	1.66192
9	5	2	2	1.67427
7	5	2	2	1.66695
11	6	2	4	1.8981
17	9	4	3	1.45161
16	8	3	5	1.36386
20	11	5	0	1.67291
1	1	0	1	1.2491
5	4	1	3	1.58877
13	7	3	2	1.66104
9	5	2	2	1.67494
7	5	2	2	1.66663
11	6	2	4	1.89781
17	9	4	3	1.45147
16	8	3	5	1.36387
20	11	5	0	1.67291
1	1	0	1	1.24924
5	4	1	3	1.58876
13	7	3	2	1.66103
10	6	2	4	0
18	10	4	5	1.58262
19	11	5	0	1.4439
1	1	0	1	1.35543
4	3	1	1	1.64945
6	4	1	3	0
13	7	3	2	1.61322
9	5	2	2	1.65564
7	5	2	2	1.66588
11	6	2	4	1.88623
18	10	4	5	1.50468
19	11	5	0	1.57259
1	1	0	1	1.12222
4	3	1	1	1.63636
6	4	1	3	0
13	7	3	2	1.6123
10	6	2	4	0
18	10	4	5	1.57109
19	11	5	0	1.44678
1	1	0	1	1.4484
4	3	1	1	1.64752
3	3	1	1	1.66808
3	3	1	1	1.69047
6	4	1	3	0
15	8	3	5	1.61911
20	11	5	0	1.6105
2	2	0	2	1.47457
8	5	2	2	0.412731
7	5	2	2	1.64993
11	6	2	4	1.53687
18	10	4	5	1.50276
19	11	5	0	1.57784
2	2	0	2	1.66538
12	6	2	4	1.38707
18	10	4	5	1.58939
19	11	5	0	1.48568
2	2	0	2	1.3456
12	6	2	4	1.38244
17	9	4	3	1.59546
16	8	3	5	1.33122
20	11	5	0	1.66374
1	1	0	1	0.936396
4	3	1	1	1.6094
3	3	1	1	1.63588
6	4	1	3	0
13	7	3	2	1.62816
9	5	2	2	1.65849
7	5	2	2	1.67578
7	5	2	2	1.89733
7	5	2	2	1.85399
11	6	2	4	1.55855
17	9	4	3	1.44085
14	7	3	2	0.82265
9	5	2	2	1.64227
7	5	2	2	1.6775
7	5	2	2	1.87034
11	6	2	4	1.83343
18	10	4	5	1.51107
19	11	5	0	1.57166
1	1	0	1	1.24547
4	3	1	1	1.63512
3	3	1	1	1.67062
6	4	1	3	0
13	7	3	2	1.61995
9	5	2	2	1.65354
7	5	2	2	1.6774
7	5	2	2	1.90081
7	5	2	2	1.85476
11	6	2	4	1.55874
18	10	4	5	1.50478
19	11	5	0	1.57174
1	1	0	1	1.17935
4	3	1	1	1.63556
6	4	1	3	0
15	8	3	5	1.61236
20	11	5	0	1.62617
1	1	0	1	1.56159
4	3	1	1	1.59386
6	4	1	3	0
13	7	3	2	1.6089
9	5	2	2	1.66189
11	6	2	4	1.66621
18	10	4	5	1.81749
19	11	5	0	1.57707
1	1	0	1	1.12262
5	4	1	3	1.64042
13	7	3	2	1.67518
9	5	2	2	1.67618
11	6	2	4	1.65992
17	9	4	3	1.84223
16	8	3	5	1.67455
20	11	5	0	1.67476
1	1	0	1	1.10608
5	4	1	3	1.59637
13	7	3	2	1.66571
9	5	2	2	1.67544
11	6	2	4	1.66592
17	9	4	3	1.82744
14	7	3	2	0.321144
9	5	2	2	1.64068
11	6	2	4	1.67739
18	10	4	5	1.8054
19	11	5	0	1.5767
2	2	0	2	1.72442
12	6	2	4	1.38739
18	10	4	5	1.5888
19	11	5	0	1.48504
1	1	0	1	0
4	3	1	1	1.65426
3	3	1	1	1.66699
3	3	1	1	1.69038
3	3	1	1	1.69198
6	4	1	3	0
13	7	3	2	1.62785
10	6	2	4	0
18	10	4	5	1.57892
19	11	5	0	1.4484
1	1	0	1	1.35946
5	4	1	3	1.64876
13	7	3	2	1.67586
9	5	2	2	1.67657
7	5	2	2	1.65986
11	6	2	4	1.89379
17	9	4	3	1.44848
14	7	3	2	0.82859
10	6	2	4	0
17	9	4	3	1.59473
14	7	3	2	1.28509
9	5	2	2	1.62963
7	5	2	2	1.67779
7	5	2	2	1.87596
11	6	2	4	1.83334
17	9	4	3	1.44435
14	7	3	2	1.25678
10	6	2	4	0
18	10	4	5	1.59505
19	11	5	0	1.47451
1	1	0	1	0.607906
4	3	1	1	1.652
3	3	1	1	1.67092
3	3	1	1	1.69023
3	3	1	1	1.69196
3	3	1	1	1.68781
6	4	1	3	0
15	8	3	5	1.62818
20	11	5	0	1.60177
1	1	0	1	1.32053
4	3	1	1	1.58956
6	4	1	3	0
15	8	3	5	1.60859
20	11	5	0	1.61858
1	1	0	1	1.58595
5	4	1	3	1.61175
15	8	3	5	1.67747
20	11	5	0	1.59511
1	1	0	1	1.34318
4	3	1	1	1.5779
3	3	1	1	1.66104
6	4	1	3	0
15	8	3	5	1.62609
20	11	5	0	1.60564
2	2	0	2	1.47293
8	5	2	2	0.412752
7	5	2	2	1.64994
7	5	2	2	1.53456
7	5	2	2	1.86456
11	6	2	4	1.55379
18	10	4	5	1.50315
19	11	5	0	1.57229
1	1	0	1	1.13646
4	3	1	1	1.63605
6	4	1	3	0
13	7	3	2	1.61229
10	6	2	4	0
18	10	4	5	1.57108
19	11	5	0	1.44678
1	1	0	1	1.4484
5	4	1	3	1.64751
15	8	3	5	1.67695
20	11	5	0	1.60404
2	2	0	2	1.49555
12	6	2	4	1.76913
18	10	4	5	1.5719
19	11	5	0	1.45687
2	2	0	2	1.33825
8	5	2	2	1.18927
11	6	2	4	1.65656
18	10	4	5	1.77603
19	11	5	0	1.5537
1	1	0	1	0.931479
5	4	1	3	1.64053
13	7	3	2	1.67591
10	6	2	4	0
18	10	4	5	1.58019
19	11	5	0	1.44783
1	1	0	1	1.44379
4	3	1	1	1.64863
3	3	1	1	1.668
3	3	1	1	1.69047
6	4	1	3	0
15	8	3	5	1.61912
20	11	5	0	1.61051
1	1	0	1	1.32588
5	4	1	3	1.58859
15	8	3	5	1.67177
20	11	5	0	1.59131
1	1	0	1	1.34252
5	4	1	3	1.5773
13	7	3	2	1.66144
10	6	2	4	0
17	9	4	3	1.55357
14	7	3	2	1.30245
9	5	2	2	1.63696
11	6	2	4	1.67802
18	10	4	5	1.80117
19	11	5	0	1.57664
2	2	0	2	1.72446
8	5	2	2	1.28042
7	5	2	2	1.6552
11	6	2	4	1.85089
18	10	4	5	1.51186
19	11	5	0	1.57753
2	2	0	2	1.66602
8	5	2	2	1.27757
11	6	2	4	1.65552
18	10	4	5	1.77643
19	11	5	0	1.56512
2	2	0	2	1.62262
12	6	2	4	1.38736
17	9	4	3	1.59164
14	7	3	2	1.32397
10	6	2	4	0
17	9	4	3	1.58895
16	8	3	5	1.40266
20	11	5	0	1.66597
2	2	0	2	1.47586
8	5	2	2	0.395015
11	6	2	4	1.64896
17	9	4	3	1.82191
14	7	3	2	0
9	5	2	2	1.63768
11	6	2	4	1.67871
17	9	4	3	1.78383
14	7	3	2	0.344048
10	6	2	4	0
17	9	4	3	1.59669
16	8	3	5	1.38975
20	11	5	0	1.66629
2	2	0	2	1.47644
12	6	2	4	1.77392
17	9	4	3	1.57795
14	7	3	2	1.57765
9	5	2	2	1.62666
7	5	2	2	1.67585
11	6	2	4	1.89997
18	10	4	5	1.50461
19	11	5	0	1.57303
2	2	0	2	1.68051
12	6	2	4	1.39097
17	9	4	3	1.58907
16	8	3	5	1.32928
20	11	5	0	1.66377
