1.46512
1.58802
1.65872
0
1.62661
1.65779
1.6762
1.89812
1.85255
1.51035
1.57142
1.25668
1.63486
0
1.60697
1.65429
1.66508
1.81732
1.6706
1.67464
1.44118
0.364673
1.64971
1.81382
0
1.63776
1.67872
1.78365
0.344086
0
1.59764
1.47668
0.61491
1.65166
0
1.61258
1.6261
1.7148
0.420359
1.65009
1.53652
1.50301
1.57783
0.982605
1.63744
1.67693
1.60492
1.34316
1.57508
1.66019
1.67452
1.66764
1.82601
1.67562
1.67469
1.44078
0.364439
1.64971
1.81383
0
0
1.60182
1.38579
1.6662
1.33058
1.58064
1.66667
1.5834
1.34106
1.57899
0
1.608
1.6196
1.58113
1.61048
1.67718
1.59493
1.49234
0.384923
1.64872
1.82395
0
1.63761
1.6787
1.86177
1.44933
1.36221
1.67299
1.2288
1.59005
1.67057
1.59153
1.34258
1.57867
0
1.60782
0
1.5518
1.30023
1.63679
1.67804
1.80169
1.57665
1.72453
1.28042
1.65519
1.84857
1.85169
1.55677
1.50274
1.57233
1.42712
1.283
1.65442
1.85431
1.51168
0.94165
1.64219
1.67822
1.86352
1.84799
1.44468
1.62088
1.67143
1.249
1.58942
0
1.60834
1.66187
1.66676
1.88694
1.82343
1.43997
1.61914
1.67281
1.26307
1.5878
1.66053
1.67432
1.6671
1.82498
1.57719
1.7223
1.38769
1.59028
1.32112
0
1.58965
1.4746
1.90567
1.38127
1.59331
1.32565
1.665
0.935097
1.60854
1.67437
0
1.58133
1.44802
1.45839
1.64873
1.66793
1.69047
0
1.61905
0
1.52383
1.30714
0
1.59184
1.47191
1.89918
1.22103
1.65521
1.77125
1.55352
0.930506
1.64056
0
1.61251
1.62622
1.71442
1.77696
1.57596
1.34043
1.62655
1.67589
1.80475
1.67172
1.67458
1.10809
1.59629
1.66568
0
1.55458
1.30473
0
1.59226
1.47213
0.602099
1.65216
1.67653
1.60396
1.34324
1.57635
1.66194
1.69025
1.69192
1.68804
1.68844
0
1.62666
1.60288
1.32116
1.5896
1.65299
1.69084
1.6917
1.68826
0
1.62807
0
1.57828
1.44859
1.68253
1.38718
1.59295
1.32466
1.62492
1.67545
1.80759
0.325652
0
1.59804
1.479
0.615197
1.65162
1.67645
1.60403
1.49558
1.76908
1.57618
1.5969
1.6266
1.67581
1.80558
0.323135
1.64092
1.67741
1.87678
1.83449
1.55562
1.54527
1.44194
1.36485
1.67284
1.25261
1.58865
1.66097
1.67493
1.66664
1.89768
1.50646
1.57243
1.42868
1.28273
1.65446
1.85199
1.85088
1.55687
1.50269
1.57234
1.68093
1.28299
1.65442
1.77785
1.56505
0.930172
1.64044
0
1.61248
0
1.5506
1.30626
0
1.59095
1.29085
1.62975
1.67773
1.79156
1.68641
1.67443
1.44262
0.365907
1.64968
1.81375
1.41635
1.67534
1.43849
0.363008
1.64974
1.53527
1.86622
1.49853
1.57326
1.13586
1.63709
1.67611
0
1.55635
1.32064
0
1.59181
1.4715
1.89864
1.38135
1.59318
1.32563
1.665
0.935088
1.60877
0
1.62141
1.6634
1.66551
1.8196
1.57703
1.1195
1.64049
1.67617
1.60497
1.49529
1.76941
1.57619
1.59663
0
1.58566
1.47763
1.62655
1.37696
1.59178
1.484
1.34612
1.24974
1.65663
1.77829
1.56334
1.62171
1.38737
1.59165
1.32451
1.6651
1.41251
1.7657
1.58364
1.4438
1.34054
1.25038
1.65647
1.82448
0
1.63611
1.67848
1.87831
1.50175
1.57291
1.33868
1.63681
1.67169
0
1.62009
1.61931
1.32361
1.58873
1.67186
1.59151
1.49063
1.77538
1.57637
1.5934
1.66045
1.05994
1.60079
1.66864
1.67579
1.66553
1.89736
1.80177
1.55637
1.44126
1.36458
1.67286
1.25195
1.58951
1.6547
0
1.62709
0
1.52717
1.30562
0
1.59184
1.47184
1.89905
1.22106
1.65521
1.81867
1.41703
1.67526
0.993883
1.60087
1.66967
1.59392
1.49181
1.77354
1.57633
1.59518
1.66042
1.05859
1.60086
1.6754
1.59347
1.49171
0.385678
1.64873
1.55106
1.75089
1.57799
1.66822
1.38674
1.59076
1.32168
1.62561
1.67546
1.80702
0.322025
0
1.59804
1.47901
0.615193
1.65162
1.67644
1.60403
1.49558
1.76908
1.57189
1.45689
1.33825
1.18929
1.65656
1.82377
1.4172
1.67524
0.992868
1.60095
1.66971
1.59393
1.34319
1.57818
1.66091
0
1.62611
1.60562
1.31837
1.59019
1.65265
0
1.62813
1.6049
1.31738
1.58958
1.66746
0
1.58254
1.44398
1.35663
1.64942
0
1.61322
0
1.57145
1.44639
1.6756
1.24619
1.65461
1.8215
0
1.63641
1.6785
1.87509
1.83479
1.55541
1.54535
1.5059
1.57175
1.43166
1.28322
1.65445
1.77799
1.56506
0.930146
1.64043
1.67585
0
1.58019
1.44783
1.44378
1.64863
1.668
0
1.62011
1.61934
1.3236
1.58948
0
1.60841
0
1.57945
1.44604
1.3509
1.64918
1.67664
1.60397
1.34334
1.57494
1.66644
1.58408
1.34113
1.57891
0
1.60799
1.61961
1.72802
1.77835
1.57695
1.34685
1.66675
1.09104
1.5994
1.64703
0
1.6284
1.65864
1.67579
1.89712
1.85396
1.55833
1.54496
1.53787
1.44107
0.870331
1.64253
1.67754
1.79988
1.57664
1.13832
1.64012
1.67277
0
1.62004
0
1.57543
1.46769
1.69416
1.2772
1.65458
1.84407
1.85277
1.55603
1.79606
1.53735
1.54471
1.50648
1.5716
1.43348
1.39213
1.58921
1.32957
1.66371
0.934721
1.60955
1.67856
1.59458
1.49253
0.384746
1.64871
1.55104
1.76709
1.87218
1.6732
1.17444
1.59321
1.65227
1.69104
1.69174
0
1.62812
0
1.5518
1.40838
1.6671
1.46484
0.382547
1.64924
1.81262
0
1.64022
1.67895
1.85581
1.85004
1.5541
1.54681
1.44181
0.824003
0
1.59543
1.47498
1.90021
1.38138
1.59303
1.3257
1.66497
1.41253
1.76577
1.58872
1.34079
1.66712
1.05211
1.60106
0
1.60956
1.61373
1.73118
0.423903
1.65013
1.4756
1.55397
1.35232
1.27237
1.6558
1.84913
1.85157
1.5568
1.50275
1.57233
1.13131
1.63608
0
1.61228
1.62624
1.71413
0.420364
1.65009
1.53432
1.86458
1.55331
1.7927
1.53707
1.44204
1.36558
1.67281
1.46098
0.381296
1.64932
1.53786
1.50204
1.57783
1.66519
1.38704
1.59077
1.32247
1.66543
1.41263
1.76592
1.58877
1.33714
1.62703
1.67588
1.81327
1.57667
1.72499
1.38744
1.59019
1.32105
0
1.58965
1.47459
1.90565
1.38126
1.59331
1.32565
1.665
0.935094
1.60854
1.67437
1.67615
1.6644
1.8337
1.67336
1.67476
1.44052
0.364271
1.64972
1.81385
0
0
1.60282
1.48023
1.88974
1.38132
1.59276
1.3257
1.66495
0.934966
1.60862
1.67844
1.59459
1.34323
1.57652
1.66718
1.58446
1.34121
1.57884
1.66016
1.69043
0
1.62265
0
1.52881
1.30677
0
1.59111
1.3969
1.6661
1.47605
1.77404
1.57793
1.57991
1.66067
1.435
1.76684
1.58561
1.33472
1.62695
1.67587
1.89966
1.50459
1.57303
1.68055
1.39097
1.58825
1.49206
1.34572
1.24938
1.6566
1.82485
0
1.6361
1.67848
1.80377
1.57669
1.72441
1.28039
1.6552
1.77567
1.5649
0.931985
1.64038
1.67587
0
1.58019
1.44783
1.44378
1.64862
1.67604
1.67659
1.65985
1.8938
1.50633
1.57222
1.17208
1.63601
0
1.61241
0
1.55055
1.42287
1.66694
1.46242
0.380234
1.64929
1.72629
1.55339
0.621335
1.64797
0
1.61267
1.62612
1.56171
1.59392
0
1.60899
1.61918
1.7293
0.423497
1.65013
1.53288
0
1.64041
1.67895
1.79088
1.57657
1.7231
1.28042
1.6552
1.82077
0
1.63651
1.67848
1.79385
1.68554
1.67445
1.44244
0.365763
1.64968
1.72728
1.55336
1.35025
1.27218
1.65581
1.82287
0
0
1.60142
1.38463
1.66648
1.33052
1.58192
1.65906
0
1.6262
0
1.57624
1.46125
1.67931
1.38895
1.59276
1.32489
1.62489
1.67545
1.89548
1.50463
1.57304
1.3395
1.63687
1.67681
1.60505
1.49523
0.382237
1.64866
1.82447
0
1.6376
1.6787
1.79442
1.57661
1.72346
1.38743
1.58881
1.48505
1.34546
1.38249
1.59547
1.33125
1.66373
1.41203
1.7661
1.58866
1.34088
1.66712
1.43322
0.358789
1.64981
1.53555
1.86635
1.45204
0.853982
0
1.59574
1.47473
0.609812
1.65192
1.67093
1.69023
0
1.61885
1.65777
1.67688
1.89885
1.45564
0.780357
1.64207
1.67748
1.80117
1.57665
1.13826
1.64012
0
1.61193
0
1.57107
1.44675
1.44837
1.64752
0
1.61332
0
1.57142
1.4464
1.67556
1.24621
1.65462
1.8215
1.41716
1.67527
1.42789
1.76421
1.58756
1.33811
1.66686
1.43313
0.358794
1.64981
1.81391
1.41636
1.67534
1.06
1.5969
1.66608
1.67554
1.66585
1.82748
1.67569
1.6747
1.10542
1.59692
0
1.60927
1.61856
1.73039
1.77871
1.57301
1.22589
1.33641
1.37972
1.5963
1.48398
0
1.6543
1.67731
0
1.55647
1.41669
1.66652
1.27601
1.58774
1.66053
0
1.58263
1.44389
1.35526
1.64945
1.66851
1.69043
0
1.61909
1.61051
1.47456
0.412739
1.64993
1.53687
1.50276
1.57784
1.66538
1.27671
1.6555
1.77611
1.56502
0.932243
1.64037
1.67685
1.60465
1.34321
1.57645
1.66188
0
1.62591
1.60566
1.47294
1.77727
1.57434
1.33357
0
1.58472
1.30566
1.62805
1.67723
1.79699
1.68302
1.67449
1.44185
1.76959
1.58033
1.44615
1.33959
1.38179
1.59595
1.33221
0
1.58894
1.40268
1.666
1.3307
1.58109
1.65765
0
1.55348
1.40284
1.66686
1.28441
1.58734
1.66921
1.58526
1.48892
0.389275
1.64881
1.55113
1.76679
0.616197
0
1.59678
1.47482
0.607285
1.65193
1.67568
1.67653
1.65988
1.89436
1.79263
1.43776
1.36885
1.67281
1.26083
1.58877
1.65513
0
1.62701
0
1.57631
1.46049
1.36993
1.6483
1.67678
1.60403
1.34334
1.57637
1.66193
0
1.62595
1.60573
1.31846
1.59019
1.65265
1.69088
0
1.62484
1.61087
1.4771
1.77786
1.58399
1.33363
1.62669
1.67587
1.89851
1.83909
1.55829
1.5047
1.57177
1.17992
1.6356
0
1.61236
1.65513
1.66621
1.81705
0.322488
1.64103
1.67739
1.87823
1.50185
1.5729
1.68826
1.28256
1.65439
1.85426
1.51198
1.57754
1.66571
1.38784
1.58941
1.48575
1.34559
1.24978
1.65663
1.77813
1.56254
0.932003
1.64048
1.6709
1.6903
1.69197
0
1.62771
1.60095
1.3215
1.58944
0
1.60846
1.66251
1.66616
1.88682
1.81547
1.51016
1.57139
1.43865
1.39285
1.58941
1.33005
1.66361
1.41164
0.354747
1.65039
1.72802
1.55338
1.35035
1.38716
1.59087
1.48719
0
1.65432
1.67844
1.60369
1.49562
0.382148
1.64865
1.549
1.87408
1.49852
1.57332
1.1287
1.63715
0
1.61245
1.65518
1.66619
1.81706
0.322497
1.64103
1.67739
1.80491
1.57669
1.1378
1.64013
1.67277
0
1.62007
1.61932
1.3236
1.58873
1.67186
1.59151
1.34256
1.57727
1.66752
1.58476
1.34127
1.5788
1.66019
0
1.62623
1.65763
1.67631
1.8978
1.50591
1.57282
1.42515
1.28255
1.65444
1.85432
1.51169
0.94167
0
1.59609
1.47472
0.607366
1.65196
1.67647
1.604
1.34323
1.57494
1.66012
1.67451
1.66765
1.82486
1.57716
1.11099
1.64067
1.6728
0
1.62004
0
1.51149
1.41326
1.66691
1.295
1.58666
1.66891
1.58511
1.34145
1.57874
1.66023
1.69042
0
1.62262
1.65841
1.67643
1.82357
1.67835
1.67458
1.10424
1.59701
0
1.60927
1.61856
1.73041
1.77871
1.57714
1.3391
1.62659
1.67587
1.89931
1.45546
0.749654
0
1.5955
1.47474
0.611346
1.65186
1.67647
1.604
1.49558
0.381895
1.64865
1.55095
1.76723
1.87252
1.6732
1.45064
1.77264
1.58338
1.33417
1.66733
1.43378
1.7663
1.58585
1.33485
1.62696
1.67587
1.80494
1.67163
1.67458
1.10769
1.59632
1.66569
0
1.55458
1.30474
0
1.59226
1.47213
0.602098
1.65216
0
1.61261
0
1.57137
1.44636
1.44923
1.64756
1.66808
1.69047
1.69198
1.68779
0
1.62822
0
1.57833
1.44858
1.6826
1.24115
1.6546
1.84331
1.85295
1.55601
1.79669
1.44326
0.82718
0
1.59538
1.47481
0.610481
1.65191
0
1.61259
1.65535
1.66562
1.819
1.577
1.1221
1.64045
0
1.61194
1.62655
1.56163
1.59324
1.67601
1.59461
1.49217
0.385092
1.64872
1.82393
0
0
1.60155
1.38606
1.6662
1.47662
0.394651
1.64895
1.54935
1.87432
1.45245
1.36506
1.67304
1.45804
0.378743
1.64938
1.53573
1.86606
1.45201
1.36534
1.67303
1.23765
1.59019
1.65418
1.69095
0
1.62413
1.65874
1.67619
1.89762
1.50593
1.57281
1.11625
1.63657
1.67578
1.67611
1.65993
1.89484
1.79289
1.5547
1.53923
1.54036
1.54397
1.5423
1.54152
1.44056
1.36543
1.67281
1.46101
0.381292
1.64932
1.53575
1.86602
1.49849
1.57327
1.42558
1.39176
1.58942
1.3301
1.62457
1.67541
1.81583
1.57676
1.72477
1.38741
1.5902
1.32182
1.66554
1.41266
1.76589
1.58369
1.44386
0
1.65353
1.66721
0
1.62009
1.61937
1.3236
1.58873
1.67186
1.59151
1.34256
1.57853
0
1.60782
1.66118
1.66673
1.88676
1.45107
0.775805
0
1.59469
1.28465
1.6296
1.6778
1.87599
1.83411
1.5556
1.54527
1.50591
1.57175
1.43168
1.28322
1.65445
1.82593
0
1.63644
1.67847
1.79399
1.68548
1.67445
1.11611
1.59635
0
1.60921
1.61861
1.584
1.6113
1.67735
1.59504
1.4924
1.7728
1.57193
1.45527
0
1.6492
1.67744
0
1.58033
1.44783
1.44356
1.64864
0
1.61335
1.62551
1.5619
1.59337
1.67163
1.67568
1.66477
1.83295
0.317294
1.64067
1.67739
1.79654
1.68409
1.67448
1.4421
1.76968
1.58493
1.33353
0
1.58566
1.47727
1.62573
1.19986
1.65535
1.84509
1.51202
1.61166
1.67255
1.4547
1.7744
1.58266
1.3301
0
1.58562
1.47746
0.311635
1.65128
1.6752
1.60406
1.49562
1.76887
1.57189
1.45692
1.33826
1.18936
1.65656
1.77603
1.5537
0.931478
1.64054
1.67088
0
1.62008
1.61933
1.3236
1.58948
0
1.60841
1.6625
1.66615
1.81542
0.323768
0
1.59712
1.27755
0
1.58888
1.29677
1.6229
1.67759
1.88632
1.84744
1.51072
1.57165
1.43768
1.39284
1.58946
1.33018
1.66358
1.41163
0.354752
1.65039
1.81371
0
0
1.60183
1.27277
1.62911
1.67797
1.79192
1.68633
1.67443
1.44256
0.365867
1.64968
1.72727
1.55336
0.621308
1.64797
1.67038
1.69034
0
1.61894
1.61054
1.32583
1.58862
1.67178
1.59131
1.34252
1.5773
1.66144
1.67471
1.66745
1.82487
1.57717
1.72255
1.27714
1.65519
1.77553
1.56483
1.62218
1.38737
1.59041
1.48665
1.34589
1.24968
1.65662
1.84994
1.8515
1.55635
1.79568
1.50685
1.57185
1.43135
1.3919
1.58837
1.49199
1.34575
1.38251
1.59558
1.33148
1.62457
1.67545
1.81563
1.57675
1.13946
1.64009
1.67278
0
1.62007
1.61932
1.47429
1.77687
1.57465
1.33351
1.62669
1.67587
1.81335
1.57667
1.72499
1.38744
1.58879
1.48503
1.34545
1.24981
1.65662
1.85237
1.51134
1.61223
1.67251
1.45494
0.375518
1.64945
1.5357
1.86611
1.4985
1.57327
1.13536
1.6371
1.67075
1.69038
0
1.61888
1.61052
1.47447
0.412632
1.64994
1.80734
0
1.64034
1.67895
1.8571
1.49995
1.5729
1.33515
1.63676
1.67548
1.6761
1.65993
1.89481
1.79296
1.5547
1.53924
1.54013
1.4407
1.36555
1.67281
1.25731
1.58905
0
1.60831
1.66184
1.66678
1.8177
1.57705
1.72212
1.28007
1.6552
1.82069
0
0
1.60144
1.26977
0
1.58984
1.47278
0.601314
1.65228
1.67577
1.67654
1.65989
1.89364
1.44849
0.828279
1.64245
1.67751
1.79026
0.341174
1.64068
1.67741
1.79584
1.68445
1.67447
1.11417
1.59592
1.67312
1.59279
1.34289
1.57715
1.66134
1.67469
1.66748
1.89899
1.50647
1.57247
1.4284
1.28272
1.65446
1.77804
1.56485
1.62254
1.27435
1.6556
1.84877
1.85166
1.55625
1.79544
1.53735
1.54471
1.50648
1.5716
1.43349
1.39213
1.58921
1.32945
1.62464
1.67541
1.89471
1.83859
1.55789
1.54623
1.53737
1.54341
1.4404
0.857444
0
1.59546
1.47487
0.609988
1.65192
1.67569
0
1.58031
1.44788
1.44351
1.64864
0
1.61335
1.62551
1.5619
1.59337
1.67163
1.67568
1.66477
1.82881
1.57731
1.09756
1.64088
1.67614
1.60495
1.34316
1.5765
0
1.60764
0
1.57856
1.44612
1.35036
1.64906
0
1.6132
1.62562
1.56189
1.59399
0
1.60892
0
1.55203
1.40698
1.66701
1.28453
1.58719
1.66035
1.6743
1.66717
1.89858
1.50648
1.57245
1.15072
1.63622
1.6759
1.67611
1.65993
1.89486
1.7927
1.50905
1.5713
1.2463
1.63493
1.67083
0
1.61995
0
1.57545
1.46769
1.32024
1.64759
1.67622
1.60403
1.49554
0.381885
1.64865
1.82452
0
1.63759
1.6787
1.78395
0.344018
0
1.5967
1.38975
1.66629
1.33055
1.58207
0
1.60777
1.61406
1.72765
0.423303
1.65012
1.5343
1.86467
1.55393
1.50316
1.57228
1.42768
1.39144
1.58825
1.49193
1.34571
1.38252
1.59558
1.3314
1.6637
0.936447
1.60915
1.67852
1.59457
1.49252
1.77269
1.57624
1.59365
1.62661
1.67582
1.80554
0.323162
1.64092
1.67741
1.80493
1.57669
1.13782
1.64013
1.67277
1.69019
0
1.61867
0
1.57768
1.46073
1.37145
1.6485
1.67675
1.60402
1.34334
1.57637
0
1.60769
1.61989
1.58042
1.61073
0
1.60902
1.66191
1.66621
1.81516
1.67172
1.67461
1.4414
1.76937
1.58042
1.44612
1.33962
1.21615
1.65647
1.77679
1.5537
1.62097
1.38738
1.59166
1.32454
1.6651
0.934475
1.60853
1.67843
1.59459
1.49252
1.77269
1.57193
1.45533
1.33801
1.38186
1.59575
1.48725
0
1.65442
1.6774
1.67656
1.65984
1.84268
1.67446
1.67476
1.10611
1.59637
1.66571
0
1.58261
1.44397
1.68874
1.23343
1.65463
1.77006
1.55327
1.62001
1.38737
1.59168
1.32407
0
1.58895
1.40266
1.66597
1.33071
1.5811
1.66693
1.58348
1.34109
1.57896
1.66008
0
1.62625
1.65764
1.6763
1.82955
1.57681
1.13764
1.64011
1.67284
1.69019
1.69196
1.68779
0
1.62815
1.60178
1.32054
1.58883
1.66705
0
1.55438
1.40377
1.66687
1.28404
1.58824
0
1.6083
1.61365
1.58221
1.61066
1.67722
1.59496
1.49236
1.77287
1.57194
1.45525
1.33799
1.18805
1.65656
1.85034
1.51181
1.61221
1.67253
1.45488
0.375477
1.64945
1.5378
1.50204
1.57783
1.66519
1.38704
1.5894
1.48568
0
1.65427
1.67848
1.60368
1.49562
1.76926
1.57618
1.59906
1.66034
1.03443
1.603
1.66932
1.67591
1.66537
1.89719
1.80145
1.55614
1.54311
1.5397
1.54405
1.54251
1.5414
1.50729
1.57156
1.43482
1.39224
1.58924
1.32962
1.6637
1.41167
1.76614
1.58358
1.44362
1.34051
1.25037
1.65647
1.77703
1.55373
0.931605
1.64052
1.67689
1.60464
1.34321
1.57645
0
1.6077
1.61988
1.58044
1.61074
1.65405
0
1.62718
0
1.52738
1.30558
1.63632
1.67802
1.8029
1.57666
1.13812
1.64011
1.67516
0
1.58014
1.44785
1.44395
1.64862
1.67605
1.67659
1.65986
1.8938
1.44848
0.828657
0
1.59473
1.28509
1.62963
1.67779
1.87747
1.45101
1.36246
1.67297
1.45722
1.77602
1.57782
1.44728
1.33847
1.38179
1.59539
1.48794
0
1.65444
0
1.61349
1.62554
1.71501
1.77701
1.57596
1.34731
1.66652
1.09569
1.59877
1.66738
0
1.58261
1.44399
1.68867
1.3866
1.59201
1.48464
0
1.65438
1.67744
1.67657
1.65984
1.89377
1.44848
0.828975
1.64246
1.67751
1.80007
1.57664
1.72409
1.38742
1.5888
1.48504
0
1.65426
0
1.61361
1.62546
1.71504
0.420335
1.65009
1.46712
1.55385
1.35196
1.27233
1.6558
1.82289
1.41653
1.67523
1.42745
0.355241
1.64991
1.53727
1.50214
1.57783
0.980748
1.6375
0
1.61208
0
1.55055
1.30611
1.63521
1.67796
1.79564
1.68444
1.67447
1.11388
1.59594
1.66546
0
1.58261
1.44396
1.3565
1.64943
1.6685
0
1.62011
1.61934
1.3236
1.58948
1.65314
1.69083
0
1.62466
1.65877
1.6761
1.89746
1.50592
1.57281
1.11639
1.63657
1.67578
1.67611
1.65993
1.89485
1.79292
1.5547
1.53907
1.50727
1.57162
1.19785
1.63543
1.67709
1.60507
1.34322
1.57653
1.66184
0
1.62592
1.60565
1.31846
1.5895
1.67236
1.59186
1.34265
1.57846
0
1.60788
1.61968
1.58097
1.61043
1.67716
1.59492
1.34314
1.57661
1.66723
1.58448
1.34122
1.57884
0
1.60792
1.66129
1.66667
1.88671
1.50483
1.57259
1.42618
1.39139
1.58912
1.32938
1.66375
0.934675
1.60924
1.67452
1.67617
1.66438
1.90167
1.50691
1.57233
1.16661
1.63612
0
1.61242
1.62614
1.5616
1.59387
0
1.6089
0
1.57894
1.44611
1.35115
1.64911
1.67665
1.60397
1.34334
1.57494
1.66012
1.67451
1.66765
1.82486
1.57716
1.11099
1.64066
1.67515
0
1.55635
1.41677
1.66652
1.46323
1.77683
1.5768
1.44831
1.33823
1.38181
1.59628
1.33164
1.6246
1.67545
1.8945
1.83845
1.5102
1.57163
1.43788
1.2832
1.65452
1.82644
1.4165
1.67524
1.42726
0.355208
1.64991
1.53727
1.51407
1.60532
1.67298
1.1834
1.59276
0
1.60883
1.6189
1.72963
0.423631
1.65013
1.47546
1.55396
0.629542
1.64778
0
1.61268
1.62611
1.71447
0.420353
1.65009
1.53651
1.50301
1.57783
0.982598
1.63744
1.67589
0
1.58016
1.44783
1.68423
1.23446
1.65465
1.82044
0
1.63642
1.6785
1.80274
1.57668
1.72431
1.28039
1.6552
1.85088
1.51086
0.935429
0
1.59525
1.39256
1.66615
1.33063
1.58086
1.66679
1.58343
1.4881
0.390248
1.64884
1.55115
1.76673
1.87162
1.6732
1.17444
1.59321
1.65227
0
1.6276
1.65825
1.67594
1.89762
1.85245
1.44038
1.62466
1.67282
1.46237
0.382518
1.64929
1.72641
1.55339
1.35028
1.27218
1.65581
1.77684
1.56483
0.932043
1.6404
1.67587
0
1.5564
1.32076
1.63559
1.67796
1.88014
1.50189
1.5729
1.33977
1.63679
1.67669
1.60507
1.3432
1.57512
1.66021
1.67453
1.66763
1.8992
1.45196
0.812357
0
1.59553
1.47488
1.90017
1.22375
1.65514
1.84403
1.85354
1.4997
1.57298
1.42843
1.39198
1.58865
1.49173
0
1.65451
1.67775
0
1.55649
1.41667
1.66652
1.46324
1.77683
1.5768
1.44831
1.33823
1.38181
1.59628
1.33155
1.66375
1.41212
0.354722
1.65038
1.53741
1.51391
1.60411
1.67297
1.18323
1.5921
1.67147
1.59198
1.3427
1.57859
1.6605
1.69039
0
1.62256
1.61056
1.32673
1.58879
0
1.60832
1.66242
1.66622
1.81541
0.32375
1.64094
1.67739
1.79602
0.336592
0
1.59785
1.4777
1.89385
1.38152
1.59288
1.32577
1.66495
0.93501
1.60885
1.63588
1.69103
1.69177
1.68826
1.6885
0
1.62656
1.603
1.32117
1.58889
1.66703
0
1.58255
1.44397
1.68881
1.38659
1.59201
1.48464
0
1.65438
1.67827
1.60367
1.34328
1.57631
0
1.60769
1.6199
1.72736
0.423197
1.65012
1.53291
0
0
1.60352
1.27032
0
1.58906
1.39941
1.66602
1.33068
1.58106
1.6669
1.58346
1.34108
1.57781
1.66192
1.67427
1.66695
1.8981
1.45161
1.36386
1.67291
1.2491
1.58877
1.66104
1.67494
1.66663
1.89781
1.45147
1.36387
1.67291
1.24924
1.58876
1.66103
0
1.58262
1.4439
1.35543
1.64945
0
1.61322
1.65564
1.66588
1.88623
1.50468
1.57259
1.12222
1.63636
0
1.6123
0
1.57109
1.44678
1.4484
1.64752
1.66808
1.69047
0
1.61911
1.6105
1.47457
0.412731
1.64993
1.53687
1.50276
1.57784
1.66538
1.38707
1.58939
1.48568
1.3456
1.38244
1.59546
1.33122
1.66374
0.936396
1.6094
1.63588
0
1.62816
1.65849
1.67578
1.89733
1.85399
1.55855
1.44085
0.82265
1.64227
1.6775
1.87034
1.83343
1.51107
1.57166
1.24547
1.63512
1.67062
0
1.61995
1.65354
1.6774
1.90081
1.85476
1.55874
1.50478
1.57174
1.17935
1.63556
0
1.61236
1.62617
1.56159
1.59386
0
1.6089
1.66189
1.66621
1.81749
1.57707
1.12262
1.64042
1.67518
1.67618
1.65992
1.84223
1.67455
1.67476
1.10608
1.59637
1.66571
1.67544
1.66592
1.82744
0.321144
1.64068
1.67739
1.8054
1.5767
1.72442
1.38739
1.5888
1.48504
0
1.65426
1.66699
1.69038
1.69198
0
1.62785
0
1.57892
1.4484
1.35946
1.64876
1.67586
1.67657
1.65986
1.89379
1.44848
0.82859
0
1.59473
1.28509
1.62963
1.67779
1.87596
1.83334
1.44435
1.25678
0
1.59505
1.47451
0.607906
1.652
1.67092
1.69023
1.69196
1.68781
0
1.62818
1.60177
1.32053
1.58956
0
1.60859
1.61858
1.58595
1.61175
1.67747
1.59511
1.34318
1.5779
1.66104
0
1.62609
1.60564
1.47293
0.412752
1.64994
1.53456
1.86456
1.55379
1.50315
1.57229
1.13646
1.63605
0
1.61229
0
1.57108
1.44678
1.4484
1.64751
1.67695
1.60404
1.49555
1.76913
1.5719
1.45687
1.33825
1.18927
1.65656
1.77603
1.5537
0.931479
1.64053
1.67591
0
1.58019
1.44783
1.44379
1.64863
1.668
1.69047
0
1.61912
1.61051
1.32588
1.58859
1.67177
1.59131
1.34252
1.5773
1.66144
0
1.55357
1.30245
1.63696
1.67802
1.80117
1.57664
1.72446
1.28042
1.6552
1.85089
1.51186
1.57753
1.66602
1.27757
1.65552
1.77643
1.56512
1.62262
1.38736
1.59164
1.32397
0
1.58895
1.40266
1.66597
1.47586
0.395015
1.64896
1.82191
0
1.63768
1.67871
1.78383
0.344048
0
1.59669
1.38975
1.66629
1.47644
1.77392
1.57795
1.57765
1.62666
1.67585
1.89997
1.50461
1.57303
1.68051
1.39097
1.58907
1.32928
1.66377
