1.42528
1.60282
0.486077
1.69651
1.54505
0
1.45105
1.2332
0.556535
0
1.56927
1.35509
1.5732
0.509276
1.73729
1.53631
0
0
1.56223
1.36114
1.35917
0.426692
0
1.5665
1.36161
1.37363
0.415048
0
1.5667
1.34991
0
1.02029
0.289329
1.45795
1.57382
1.50208
1.86168
0.521035
0
1.5463
1.35012
0
1.02015
1.85491
2.0634
0.861979
0
1.51024
1.34941
1.56403
2.07275
2.12894
0.86372
0
1.52017
1.34952
1.56502
2.07224
2.12953
0.931334
0.890639
0.941254
1.24965
1.12075
1.54081
1.32637
1.54633
1.56066
0
1.28788
0.7093
0.471138
1.49189
1.56005
1.5025
0.570013
1.37207
1.57782
0
0
1.56155
1.35134
1.5838
2.05866
0.58001
1.52303
1.26424
0.565293
0
1.57021
1.3556
1.57378
2.06252
0.577461
0
1.55574
1.36859
0
0
1.56165
1.36057
0
0
1.56164
1.36065
0
0
1.56165
1.36047
1.36299
0.420567
0
1.56649
1.36161
1.37364
0.415048
1.45361
1.34639
1.54782
1.55599
0
0
0.284311
1.46788
1.57293
1.36987
0.51913
0
1.56025
1.34911
0
1.39466
1.61949
1.35627
1.45199
1.4677
1.47021
0
0.478577
1.46615
1.57676
1.36818
0.66989
0
0
1.54154
1.35487
0
1.39422
1.61605
1.35495
1.45196
0
1.96911
1.92482
0.896747
0.880906
0.939343
1.24706
1.12893
1.53473
1.18937
0.566869
1.45492
1.34723
1.5536
1.55014
0
0
1.56006
1.36254
1.35959
0.426326
1.45393
1.24726
0.56067
1.46759
1.34575
1.55282
1.55106
1.35125
0.59604
0
0
1.54089
1.36532
1.37679
0.405932
0
1.56665
1.3618
1.37348
0.487163
0
0
1.54042
1.36508
1.37694
0.474764
1.15743
0.966274
1.45861
1.22896
2.01343
0.97338
0.909178
0.456731
1.57631
1.3252
1.54639
1.55637
0
1.45917
1.25321
2.02324
0.971441
0.90726
0.921348
0.579244
0
1.51846
1.36456
0
1.43902
1.34686
1.57095
1.54673
0
1.45404
1.2344
2.024
0.875962
0
1.51263
1.3527
1.56524
0.514303
1.7371
1.53412
0
0
0
1.47562
1.56763
1.5021
1.86158
0.521017
1.5389
1.26749
2.02274
0.877459
0
1.51238
1.36043
0
0
1.56083
1.36008
1.36408
0.418664
0
1.56649
1.36161
0
0
1.56138
1.36036
0
0
1.56163
1.35137
1.58488
2.05849
0.580031
1.523
1.26424
2.01561
0.971567
0.777415
1.58751
1.19101
0.565499
1.4555
1.2631
2.01008
0.87657
0
1.51354
1.36086
1.38242
0.467683
1.15745
0.965397
0
1.54537
1.37694
1.36634
0.418747
0
1.56656
1.36168
1.37354
0.48711
1.15662
1.39941
1.3022
0
1.53898
1.36627
1.37976
0.402157
1.45369
1.3464
1.54784
1.55605
1.35366
0.601198
1.15302
1.40077
1.30323
0
1.53897
1.35638
0
1.39498
1.61829
1.35592
1.45207
0
1.96909
1.92482
0.896761
0.532856
0
1.51623
1.351
1.56567
0.514487
1.73707
1.53406
0
0
0
1.47562
1.56763
1.5021
0.572689
1.36491
1.58215
1.49101
0.570261
1.36482
1.58307
1.38042
0.797297
0
1.55337
1.35875
0
1.43891
1.34688
1.571
1.54674
0
1.45404
1.34644
1.5661
1.54111
1.34806
0.649928
1.153
1.4012
1.39883
1.31525
1.50947
1.33354
1.54697
1.55662
0
0
0.286608
1.46749
1.57318
0
1.25355
0.500479
0.452946
1.49395
1.5579
1.36633
0.490136
0
1.56675
1.34999
0
1.02014
1.85548
2.06376
0.861955
0
1.51024
1.35694
1.38472
0.392575
1.45368
1.3464
1.54784
1.55597
0
0
1.84822
2.05489
0.863646
0
1.51039
1.35696
1.38472
0.392591
1.45368
1.24723
0.560708
0
1.56818
1.35345
0
1.00668
1.85607
0.448064
1.54755
1.27106
2.01606
0.877662
0
1.51314
1.35275
1.56531
0.514252
1.7371
1.53433
1.3689
0.679255
0
1.5037
1.33735
1.54746
1.55791
0
1.28733
1.27294
1.13573
1.44462
0
0.429487
1.47365
1.57623
1.49962
0.569741
1.37194
1.57821
0
0
1.56154
1.3614
1.35921
0.49166
1.15792
0.968639
0
1.5454
1.36207
0
0.988729
0.289167
1.45752
1.5741
0
1.45079
1.34731
1.56785
1.54467
1.34761
0.648929
1.15314
1.40119
1.30358
0
1.53897
1.36616
0
1.43881
1.22205
2.02961
0.875176
0
1.51195
1.35259
1.56515
2.07209
2.1297
0.86362
1.57436
1.20569
2.01426
0.973774
0.78284
1.58782
1.19073
2.01535
0.973561
0.909421
0.922232
0.579948
0
1.51825
1.3645
0
0
1.56095
1.36017
0
0
1.56161
1.36063
0
1.44132
1.22546
0.555248
1.46172
1.34453
1.55257
1.55158
1.35089
0.462947
0
1.56649
1.36164
1.3735
0.487156
1.15662
1.39941
1.39824
1.38042
1.11607
0
1.52887
1.35505
0
1.39565
0.35514
0.501973
1.49086
1.58565
1.50807
1.88892
2.07543
0.933652
0.894896
0.943192
1.0161
0
1.52156
1.35572
0
1.03231
0.289848
1.458
1.57385
0
0
1.56206
1.35138
0
1.39053
0.355088
2.01983
0.30098
1.50619
1.25527
2.01407
0.972555
0.907317
0.921174
0.577575
1.55519
1.32691
1.5451
1.56242
1.35138
0.598918
1.15356
0.99557
0
1.54596
1.37698
0
0
1.56156
1.36052
1.36323
0.484945
0
0
1.54032
1.3544
0
1.39433
1.61618
0
0.429826
1.47398
1.56709
1.50292
1.89272
2.07543
0.933628
0.648841
0
1.51981
1.35226
1.56687
0.514075
1.73701
1.53452
0
0
1.56224
1.36113
0
0
1.56182
1.35107
1.5848
2.05849
2.1366
0.930571
0.631087
0
1.51962
1.35216
0
1.39242
0.354456
0.501761
1.49087
1.58564
1.50806
0.570148
1.36989
1.57983
0
1.2769
0.769339
0.446367
1.49427
1.5575
1.36635
0.489996
1.45335
1.3462
1.54772
1.55613
1.50589
0.573031
1.36329
1.58493
0
0
0
1.47595
1.5676
1.50205
1.86156
0.521017
1.5389
1.34326
1.552
1.54999
0
1.45952
1.2532
2.02319
0.97145
0.90727
0.921351
0.970667
1.07376
1.54382
1.19284
0.566621
1.45497
1.34722
1.5536
1.55006
0
1.28786
0.706758
0.471918
1.49172
1.56019
0
0
0.270793
1.4728
1.57023
0
0
1.56206
1.35139
0
1.39053
1.6171
1.35602
0
0.43291
1.47439
1.57602
1.49944
1.89352
0.522083
0
1.5463
1.35027
0
1.3944
0.356502
0.502776
1.49083
1.5857
0
0
1.85199
0.465016
0
1.55992
1.3732
0
1.44182
1.34698
1.56985
1.54578
0
1.56541
0.669554
2.0027
0.316759
1.50963
1.3447
1.552
1.55072
1.3526
0.598111
1.15338
0.996157
0
1.54598
1.36203
1.58876
0.504141
1.73135
1.53954
1.36942
0.6824
1.14954
1.40168
1.39916
1.38083
1.11825
1.54655
1.32592
1.54596
1.5576
0
1.45927
1.25322
0.557652
1.46343
1.34454
1.55259
1.55153
0
0
1.56006
1.35242
0
0.988658
1.8559
2.06004
0.915995
0.870891
0.930112
0.972346
0
1.5225
1.36463
0
1.43906
1.22234
2.02953
0.970066
0.778489
0
1.51652
1.36055
0
0
1.56081
1.36006
0
1.44115
1.22524
2.02603
0.970257
0.778673
1.58713
1.32402
1.54517
1.55767
0
0
1.56
1.35243
1.58406
0.505706
1.73988
1.53861
1.49133
1.8691
2.07529
0.861102
0
1.51525
1.35775
0
1.4385
1.34683
1.57114
1.54674
0
1.57193
0.665577
2.00335
0.316071
1.50945
1.3447
1.552
1.55073
0
0
1.55998
1.36257
0
0
1.5618
1.36036
1.36276
0.485772
0
1.5082
1.33733
1.54765
1.55769
1.51108
0.57291
1.36346
1.58499
1.49061
1.86968
0.52173
0
1.54637
1.3502
1.57149
2.06674
0.576885
0
1.55563
1.36863
1.36476
0.488382
1.15764
0.967986
0
1.5454
1.36206
1.58875
0.504168
1.73136
1.53938
0
0
0
1.47555
1.56772
0
0
1.56214
1.35136
0
1.39053
0.355086
0.502064
1.49079
1.58574
0
0
1.56049
1.36178
0
1.44174
1.22605
2.02601
0.875446
1.57484
1.17948
0.56592
1.45524
1.26305
0.566582
0
1.56951
1.35516
1.57335
0.509202
1.73728
1.53618
0
0
0
1.4756
1.56765
0
0
1.82744
2.08844
0.863933
1.58523
1.18232
0.565395
0
1.5649
1.36328
0
1.44231
1.34744
1.56966
1.54579
0
1.45416
1.23446
0.557378
0
1.56907
1.35494
1.57307
2.06296
0.577258
0
1.55569
1.36861
0
1.44083
1.2249
2.02615
0.970217
0.906707
0.921303
0.579911
0
1.51853
1.36459
1.38012
0.400353
0
1.56666
1.34989
0
1.39373
1.61791
1.35648
1.45202
0
1.9691
0.308297
0
1.58846
1.36036
0
1.38774
0.355553
2.01992
1.90973
0.873811
0
1.50633
1.35566
0
0
1.56069
1.35099
0
0.994782
0.290433
1.45746
1.57416
0
1.28186
0.780732
1.98278
0.333856
0
1.59301
1.37674
0
1.44255
1.34747
1.56952
1.54556
1.50667
0.57146
1.36578
1.58418
1.38076
0.984812
0
0
1.54214
1.36613
0
1.4396
1.3469
1.57077
1.54647
1.50696
1.88998
0.477728
1.53852
1.34325
1.55203
1.54996
1.35278
0.462826
0
1.56651
1.34982
1.56755
2.0686
2.13111
0.931166
0.890665
0.538054
1.56253
1.20658
0.565659
0
1.56482
1.35098
0
1.39036
1.61325
1.35474
0
0.432985
1.47441
1.57603
1.36878
0.671006
0
0
1.54155
1.36576
0
0
1.56115
1.36028
0
0
1.56162
1.35136
1.58488
2.05848
0.580031
1.523
1.34515
1.55243
1.54935
1.50969
0.573098
1.36333
1.58497
1.38111
0.798852
1.45202
1.34513
1.54799
1.55589
1.50214
1.86881
0.479324
1.53872
1.34326
1.55203
1.54995
1.35278
0.597928
1.15334
1.40076
1.39868
1.3153
1.50934
1.33352
1.54696
1.55665
1.50557
0.573114
1.36288
1.58524
1.3814
0.987079
1.14307
1.03265
1.45476
1.33813
1.54725
1.55857
0
0
1.84944
0.435045
0
1.55981
1.35952
0
0.975406
0.289322
1.45757
1.57408
1.36968
0.519442
1.45275
1.3461
1.54765
1.55631
0
0
1.56
1.35242
0
0.988656
1.8559
0.444525
0
1.5611
1.37308
0
0
1.56195
1.35107
0
1.39101
0.355429
2.02008
1.90996
0.873784
1.59808
1.31906
1.54339
1.56347
0
1.28766
0.711641
1.99597
1.9376
0.872246
1.59657
1.3194
1.5435
1.5634
1.35253
0.601156
0
1.50584
1.33735
1.54756
1.55787
1.35156
0.598365
0
1.5059
1.33735
1.54757
1.55779
0
0
1.84893
2.05136
0.863626
1.58518
1.18229
0.565383
0
1.5649
1.36328
1.35607
0.508705
0
0
1.54048
1.36507
0
1.43953
1.3469
1.5708
1.5466
1.34618
0.645867
0
0
1.54109
1.35469
1.57378
2.06341
0.577457
0
1.55575
1.35612
1.58804
2.05563
0.580734
1.52247
1.26419
2.01546
0.971715
0.777453
0
1.51637
1.35227
0
1.39254
1.61702
1.35478
0
0.432993
1.47442
1.57602
0
0
0.274184
1.47278
1.57027
1.50268
1.8615
0.521013
0
1.54629
1.35962
0
0
1.56119
1.36023
1.3638
0.419153
0
1.56649
1.34975
0
1.02079
1.85551
2.06381
0.861951
1.58546
1.32131
1.54407
1.56261
1.35232
0.465557
1.4538
1.24656
0.560657
0
1.56819
1.36561
1.36102
0.433571
1.45364
1.24707
2.02094
0.877054
0
1.51406
1.36086
1.38228
0.467916
1.15745
0.965437
0
1.54537
1.36207
1.58875
2.05671
2.13786
0.862359
0
1.51953
1.35736
1.38287
0.467358
1.15734
0.965403
1.45863
1.338
1.5475
1.55835
0
1.28738
1.27297
0
0.441379
1.47795
1.56556
0
0
1.83959
2.08575
0.913332
0.606012
1.58129
1.3288
1.54514
1.56068
1.35257
0.465377
0
1.56653
1.34982
0
1.02062
1.85551
2.06379
0.861954
0
1.51024
1.34941
0
1.04788
0.290229
1.45817
1.57374
0
1.28192
0.77837
1.98278
1.94667
0.871707
1.59568
1.17588
0.565122
0
1.56496
1.35106
0
1.39034
0.35284
0.50142
1.49081
1.5857
0
1.45429
1.23781
2.02428
0.971011
0.906998
0.445608
0
1.51796
1.35292
0
1.04117
0.290088
1.45809
1.57378
1.50207
0.572536
1.36467
1.58244
1.49099
0.570248
1.36482
1.58308
0
0
1.56142
1.35138
0
0.988671
0.290593
1.4575
1.57414
1.50219
0.572527
1.36465
1.58249
0
0
1.56143
1.35138
1.5838
0.505853
1.73994
1.53872
1.36929
0.523452
1.453
1.24583
0.560633
0
1.56821
1.35347
0
1.3914
0.353829
2.01989
0.301956
1.50641
1.3448
1.55206
1.55069
1.35254
0.598008
0
1.50589
1.22643
2.01169
0.974056
0.909823
0.458019
0
1.51789
1.35295
1.56703
0.51372
1.73704
1.53463
0
1.45026
1.3471
1.56747
1.54449
0
1.55675
0.675052
2.00146
1.93003
0.887092
0.493856
0
1.51592
1.35096
0
1.39254
0.354325
0.501715
1.49087
1.58564
1.36767
0.488806
1.45362
1.34619
1.54774
1.55612
0
1.28734
1.26707
1.13909
1.44442
1.46556
1.4696
1.47129
0
2.01569
0.346752
0
1.57915
1.36267
0
0.959593
0.288877
1.45765
1.57401
0
1.28188
0.780793
1.98278
1.94672
0.871702
0
1.50715
1.34824
1.5628
0.515289
1.73715
1.5336
1.36884
0.521609
0
1.56128
1.3596
1.3779
0.480147
0
0
1.5404
1.36508
1.37694
0.405705
0
1.56665
1.3618
1.37348
0.415184
0
1.5667
1.34991
0
1.02029
1.85549
0.448483
0
1.56053
1.37311
1.35704
0.501016
0
0
1.54042
1.35442
1.57346
0.510207
1.73679
1.53605
0
1.28214
1.22452
0
0.435499
1.47912
1.56423
1.36838
0.66765
0
1.50375
1.22618
0.565048
0
1.56464
1.36304
0
0
1.56199
1.36047
0
1.44143
1.34692
1.56998
1.54604
0
0
1.56081
1.36546
0
0
1.56178
1.35105
0
0.992682
0.290447
1.45747
1.57415
0
0
1.828
0.477347
0
1.56006
1.37318
0
1.44176
1.22622
2.0261
0.875463
0
1.51211
1.35262
1.56517
2.07207
0.5754
1.52529
1.2645
0.565139
1.45828
1.34466
1.55263
1.55139
1.50684
1.87056
2.04136
0.934052
0.895802
0.94321
1.24823
1.26317
0.977124
0.772057
1.56119
1.32417
1.54563
1.56142
1.3519
0.465065
0
1.56651
1.36166
0
0
1.56138
1.35119
1.58496
0.505658
1.73982
1.53857
1.49133
0.571263
1.36669
1.58019
0
1.45383
1.34711
1.56668
1.54074
0
1.45436
1.23456
0.55738
1.46318
1.25458
0.566789
1.45406
1.34606
1.55351
1.55069
0
1.45888
1.2531
0.557655
0
1.56897
1.35486
1.573
0.509387
1.7373
1.53608
1.49106
1.86915
2.07528
0.861117
0
1.51525
1.35006
1.56502
2.07209
2.12954
0.863646
0
1.52014
1.34952
0
1.39245
0.354414
0.501793
1.49087
1.58564
1.50806
1.88892
0.52183
0
1.54632
1.35982
0
1.43908
1.34687
1.57091
1.54669
0
1.45405
1.34644
1.5661
1.541
0
1.55488
1.29455
1.28589
0
1.97007
0.306895
0
1.59015
1.35999
0
1.3878
0.355627
0.502378
1.49075
1.58576
1.50812
0.570147
1.36989
1.57983
0
1.27689
1.20175
0
0.435216
1.47925
1.56411
0
1.25431
0.886358
1.16284
0
1.97105
1.92253
0.880003
0
1.50796
1.34832
1.56285
2.07316
2.12854
0.863786
0
1.52019
1.35746
0
0
1.56083
1.36008
1.36409
0.483378
1.15827
0.967227
1.45862
1.22897
2.01343
0.875084
0
1.51426
1.35298
1.56546
2.07186
0.575507
1.52523
1.345
1.55235
1.5494
0
0
1.84948
0.436777
0
1.5598
1.37315
0
0
1.56194
1.3604
1.36263
0.486003
1.15815
0.967664
1.4586
1.338
1.54749
1.55843
0
0
1.56008
1.36253
0
0
1.5618
1.35106
1.58481
0.505654
1.73982
1.53858
0
0
1.57361
2.10816
0.912701
0.599021
0
1.51812
1.3516
1.56629
0.514385
1.73704
1.53417
1.49086
1.8692
0.521733
1.5388
1.34326
1.55199
1.54992
0
0
1.84987
0.437283
1.54821
1.3459
1.55346
1.54819
1.35238
0.597005
0
1.50591
1.33735
1.54756
1.55787
0
0
1.56009
1.3524
0
0.988672
0.290486
1.4575
1.57414
1.50218
0.572527
1.36465
1.58247
0
0
1.57339
2.11049
0.862993
0
1.51033
1.35692
0
1.43828
1.22128
2.02961
0.970004
0.778437
0
1.51652
1.35228
1.56616
0.514235
1.73703
1.53438
1.36891
0.521882
0
1.56128
1.34903
0
1.02882
0.289443
1.458
1.57382
1.36959
0.673852
0
1.5036
1.22611
0.565042
1.45581
1.3472
1.55361
1.55011
1.35093
0.595359
0
0
1.54089
1.36531
0
1.43955
1.22301
2.0295
0.970098
0.906668
0.443427
1.57614
1.32527
1.54644
1.5563
1.3521
0.464913
1.4538
1.24657
0.560658
0
1.56819
1.3656
0
1.44147
1.34694
1.56996
1.54586
0
1.56599
0.669181
2.00276
1.92892
0.873338
1.59723
1.17455
0.56514
0
1.56495
1.35106
1.57308
0.509663
1.73769
1.53648
0
0
1.56223
1.36114
1.35917
0.491602
1.15793
1.39948
1.39821
1.3154
1.50895
1.33344
1.54693
1.55679
0
1.4592
1.25321
2.02323
0.87629
0
1.51279
1.36066
1.38269
0.396425
0
1.56668
1.34991
0
1.39373
0.355193
2.02036
0.30193
0
1.59125
1.36052
1.58068
2.05641
2.13727
0.930517
0.63099
0
1.51962
1.35216
0
1.04241
1.85632
0.448929
0
1.56052
1.35949
1.58484
0.503756
1.73929
1.53936
0
1.45049
1.2328
2.02567
0.875949
1.57423
1.32067
1.54436
1.56288
1.50904
1.86766
0.477114
0
1.54637
1.35923
1.37783
0.406908
0
1.56669
1.36185
0
0
1.56139
1.36036
0
0
1.56163
1.36065
0
0
1.56165
1.35137
0
0.992974
0.290443
1.45747
1.57415
1.50219
1.86169
2.07499
0.933376
0.894577
0.942918
1.01593
0
1.52157
1.35571
0
1.0323
1.85592
2.06349
0.915827
0.619213
1.58126
1.32877
1.54513
1.5607
1.35257
0.600582
1.15326
0.996264
0
1.54598
1.36203
1.58876
2.05668
2.13787
0.930441
0.890749
0.53677
1.56269
1.33126
1.54676
1.55914
1.35212
0.464852
1.4538
1.24657
0.560657
1.46759
1.34575
1.55282
1.55098
0
0
1.84972
2.0515
0.915252
0.616966
0
1.51804
1.36
0
0
1.56081
1.35103
0
1.39136
1.61819
0
1.96462
0.318785
0
1.59202
1.37615
1.35021
0.511415
0
0
1.54046
1.36504
1.37693
0.405723
0
1.56665
1.34988
0
1.39373
1.61791
1.35647
0
1.9686
1.92554
0.893645
0.515901
0
1.51596
1.35894
0
0
1.5608
1.36006
1.36413
0.483315
0
1.50825
1.33733
1.54765
1.55769
0
0
1.84891
0.435495
1.54818
1.3459
1.55346
1.54819
0
1.45923
1.34538
1.5655
1.54389
0
1.54496
0.678272
2.00067
1.93057
0.873168
1.5971
1.31928
1.54345
1.5634
0
0
1.85019
2.05213
0.915206
0.616787
1.58137
1.32876
1.54512
1.56064
0
1.28772
1.26816
0
0.44116
1.47801
1.56551
1.50291
0.569904
1.37171
1.57824
0
1.45357
1.23529
0.55684
0
1.56927
1.35509
0
1.39109
1.61506
1.35549
1.45194
1.46769
1.4702
0
2.01525
0.346374
1.52246
1.26174
2.01367
0.87743
1.57142
1.18124
0.565945
1.45521
1.34723
1.5536
1.55004
1.50682
0.573005
1.36344
1.58499
1.3811
0.798863
0
1.55337
1.34897
0
1.39504
1.61972
0
0.429861
1.47398
1.56714
0
0
1.5621
1.35139
1.58425
2.05856
0.580031
0
1.55626
1.36833
1.36502
0.487931
1.15766
1.39942
1.3982
1.38037
1.22958
0.948123
0.608179
1.56517
1.1937
2.01343
0.973593
0.909506
0.922213
0.579588
0
1.51825
1.3559
0
1.39537
1.61546
0
1.96499
1.9312
0.888409
0.482122
1.58206
1.19728
0.565718
1.45539
1.3472
1.55361
1.55012
1.35093
0.595365
1.1538
0.994933
1.45725
1.33804
1.54742
1.55843
0
0
1.84944
2.05082
0.915285
0.617123
0
1.51803
1.35163
0
1.04392
1.8564
0.449055
1.54756
1.34604
1.55351
1.54807
0
0
1.84899
0.437664
1.54817
1.27092
2.01647
0.971793
0.778363
1.58745
1.19104
0.565495
0
1.56486
1.36325
1.35608
0.508695
1.15655
1.39962
1.30245
0
1.53898
1.36627
1.37976
0.472678
1.15737
1.39927
1.39819
1.38039
1.11594
1.54685
1.19482
0.566034
1.45513
1.26302
2.01004
0.972416
0.779901
1.58758
1.19093
2.01535
0.875186
1.56947
1.18224
0.565982
1.45518
1.34723
1.5536
1.55012
1.35093
0.462666
1.45386
1.24662
2.02105
0.877034
0
1.51405
1.35289
0
1.04243
0.290049
1.45811
1.57377
1.50207
1.86168
2.07499
0.933372
0.650068
0
1.51982
1.35225
1.56687
0.514079
1.73701
1.53433
1.49088
0.571295
1.36683
1.58002
1.49121
0.570355
1.36484
1.58297
0
1.45411
1.34711
1.56662
1.54399
0
1.55477
1.29439
1.28575
1.44634
0
1.96975
1.92455
0.896251
0.880737
0.939407
1.24715
1.26992
0.977656
0.96043
0.959936
0.680484
1.55848
1.32412
1.54575
1.56149
0
0
0.286855
1.46745
1.5732
0
0
0.270003
1.47357
1.56973
0
1.45068
1.23165
0.556261
0
1.5693
1.35513
0
1.0036
0.289968
1.45796
1.57389
1.36962
0.673971
1.14878
1.40166
1.39915
1.3152
0
1.54098
1.35798
0
1.3947
0.355295
2.02012
0.301945
0
1.59125
1.36052
0
1.38775
0.355591
2.01992
0.300632
0
1.59119
1.37725
0
1.44262
1.22573
2.02602
0.970366
0.906748
0.921299
0.970898
1.24515
0.981725
0.968478
0.705381
0
1.52324
1.3562
1.57331
0.512556
1.73701
1.53484
0
1.28224
1.22481
0
0.435505
1.47911
1.56419
1.50245
1.89198
0.522013
0
1.54629
1.35026
0
1.3944
1.62003
0
1.9647
1.9318
0.88865
0.483499
0
1.51534
1.35082
1.56552
0.514555
1.73709
1.53403
0
0
1.57373
2.10835
0.912707
0.867212
0.457652
1.56293
1.20771
0.565672
1.45541
1.26307
0.566577
1.45451
1.25514
0.566827
1.45404
1.26035
2.00859
0.876227
1.57106
1.32109
1.54452
1.56275
1.50903
1.86776
0.477112
1.53874
1.26774
2.02272
0.877469
0
1.51238
1.35254
0
1.0435
1.85627
0.448962
0
1.56053
1.35948
0
0.975327
1.85493
0.445808
0
1.56101
1.37309
1.35696
0.501114
0
0
1.54042
1.35442
1.57346
0.510206
1.73679
1.53623
1.36909
0.522566
1.45304
1.24585
0.560634
0
1.56821
1.36562
1.36101
0.505284
1.15634
1.39958
1.39828
1.31538
1.50902
1.20712
2.01439
0.973145
0.78113
1.58779
1.32387
1.54515
1.55764
0
0
1.84964
0.436996
0
1.5598
1.37315
0
1.44193
1.34698
1.5698
1.54587
1.34669
0.483057
1.45383
1.34624
1.54777
1.55616
0
1.45929
1.3454
1.56551
1.54387
0
0.258108
1.84907
0.432534
1.54818
1.271
2.01643
0.877687
1.57249
1.18099
0.565922
1.45522
1.26305
0.566583
0
1.56951
1.36764
0
0
1.5619
1.36037
1.36262
0.485999
1.15815
0.967672
1.4586
1.338
1.54749
1.55843
1.3514
0.598158
0
1.50591
1.33735
1.54757
1.55786
1.35156
0.464699
0
1.56652
1.36166
0
0
1.56138
1.36036
0
0
1.56163
1.35137
1.58488
0.505647
1.73982
1.53874
1.36929
0.523463
0
1.56017
1.34904
0
1.02879
0.28944
1.458
1.57382
0
1.45074
1.23175
0.55626
0
1.56931
1.35513
1.57323
2.06286
2.13275
0.931025
0.890711
0.537802
0
1.52382
1.3624
0
0
1.56092
1.35108
1.58507
0.505655
1.73981
1.53857
1.49133
0.571262
1.36669
1.58017
0
1.27683
0.768769
1.97682
1.94333
0.871639
1.59528
1.31969
1.54362
1.56323
0
1.28766
0.711676
0.470219
1.49202
1.55994
1.50248
0.570016
1.37207
1.57779
1.49092
0.570432
1.36497
1.58279
1.49109
0.570253
1.36481
1.58309
0
1.45412
1.34711
1.56662
1.54399
1.50646
1.88501
0.478893
1.53859
1.34325
1.55202
1.54988
0
0
1.84985
0.437294
0
1.55979
1.35953
0
0.975453
0.289315
1.45757
1.57406
1.50216
1.86169
2.07499
0.860623
0
1.51519
1.35774
1.38348
0.466267
0
1.5088
1.2263
0.565125
1.45578
1.26311
2.01011
0.876567
0
1.51361
