1	1	0	1	1.58465
5	4	1	3	1.57611
13	7	3	2	0.551387
9	5	2	2	2.14251
11	6	2	4	1.01852
18	10	4	5	0
19	11	5	0	0.687788
1	1	0	1	1.53829
4	3	1	1	0.950459
3	3	1	1	0
3	3	1	1	0
3	3	1	1	0
6	4	1	3	1.58904
13	7	3	2	0.435292
9	5	2	2	2.0623
11	6	2	4	1.35004
18	10	4	5	0
19	11	5	0	0.689179
1	1	0	1	1.53876
4	3	1	1	0.950777
6	4	1	3	1.42215
15	8	3	5	0.518606
20	11	5	0	1.55041
2	2	0	2	1.6141
12	6	2	4	1.61625
17	9	4	3	1.60591
16	8	3	5	0
20	11	5	0	1.48049
2	2	0	2	1.60064
12	6	2	4	1.61512
17	9	4	3	1.59639
14	7	3	2	1.5643
9	5	2	2	2.16664
11	6	2	4	0.954871
17	9	4	3	1.5456
14	7	3	2	1.55868
9	5	2	2	2.15512
11	6	2	4	0.878306
17	9	4	3	1.54547
16	8	3	5	0
20	11	5	0	1.54608
2	2	0	2	1.59838
8	5	2	2	1.62187
11	6	2	4	1.60424
18	10	4	5	0
19	11	5	0	0.66765
2	2	0	2	1.53837
12	6	2	4	1.66404
18	10	4	5	0.325708
19	11	5	0	0.317276
1	1	0	1	1.52878
4	3	1	1	1.14671
3	3	1	1	0
3	3	1	1	0
3	3	1	1	0
3	3	1	1	0
6	4	1	3	1.5906
15	8	3	5	0.544011
20	11	5	0	1.51585
2	2	0	2	1.6099
8	5	2	2	1.63073
11	6	2	4	1.60447
17	9	4	3	1.55271
16	8	3	5	0
20	11	5	0	1.54654
2	2	0	2	1.59825
12	6	2	4	1.60837
18	10	4	5	0.293049
19	11	5	0	0.320182
1	1	0	1	1.52479
5	4	1	3	0.353013
13	7	3	2	0.547653
10	6	2	4	2.11376
18	10	4	5	0
19	11	5	0	0.340461
1	1	0	1	1.52832
4	3	1	1	0.972054
3	3	1	1	0
6	4	1	3	1.51704
15	8	3	5	0.559175
20	11	5	0	1.51656
2	2	0	2	1.61069
12	6	2	4	1.61703
17	9	4	3	1.60561
16	8	3	5	0
20	11	5	0	1.48043
1	1	0	1	1.60064
5	4	1	3	1.11016
15	8	3	5	0.315475
20	11	5	0	1.56039
2	2	0	2	1.61459
8	5	2	2	1.63214
11	6	2	4	1.60331
18	10	4	5	0
19	11	5	0	0.669004
2	2	0	2	1.53833
12	6	2	4	1.66404
18	10	4	5	0.325698
19	11	5	0	0.317277
1	1	0	1	1.52878
4	3	1	1	1.1467
6	4	1	3	1.42582
15	8	3	5	0.517803
20	11	5	0	1.5504
2	2	0	2	1.61407
12	6	2	4	1.61623
18	10	4	5	0.296338
19	11	5	0	0.322168
1	1	0	1	1.52545
5	4	1	3	0.344781
15	8	3	5	0.305131
20	11	5	0	1.54277
1	1	0	1	1.61313
5	4	1	3	1.03683
15	8	3	5	0.275317
20	11	5	0	1.56019
2	2	0	2	1.6144
8	5	2	2	1.63211
11	6	2	4	1.60332
17	9	4	3	1.55274
16	8	3	5	0
20	11	5	0	1.54654
1	1	0	1	1.59825
5	4	1	3	1.24013
15	8	3	5	0.35124
20	11	5	0	1.56091
2	2	0	2	1.61503
8	5	2	2	1.63235
7	5	2	2	1.61763
7	5	2	2	1.46032
7	5	2	2	1.45168
7	5	2	2	1.4534
11	6	2	4	1.44689
17	9	4	3	1.51983
16	8	3	5	0
20	11	5	0	1.54496
2	2	0	2	1.59874
12	6	2	4	1.60902
18	10	4	5	0.292743
19	11	5	0	0.319985
2	2	0	2	1.52819
12	6	2	4	1.66398
18	10	4	5	0.329762
19	11	5	0	0.305315
2	2	0	2	1.52456
8	5	2	2	1.67231
7	5	2	2	1.60359
11	6	2	4	1.46036
17	9	4	3	1.52659
16	8	3	5	0
20	11	5	0	1.54504
2	2	0	2	1.59866
12	6	2	4	1.60889
17	9	4	3	1.59582
14	7	3	2	1.56292
10	6	2	4	2.13536
17	9	4	3	1.63934
14	7	3	2	1.56045
10	6	2	4	2.17039
18	10	4	5	0.311827
19	11	5	0	0.333921
1	1	0	1	1.52645
4	3	1	1	0.992958
3	3	1	1	0
6	4	1	3	1.51686
13	7	3	2	0.326376
9	5	2	2	2.07602
11	6	2	4	1.37579
17	9	4	3	1.54857
14	7	3	2	1.55622
10	6	2	4	2.15456
17	9	4	3	1.6098
14	7	3	2	1.56364
9	5	2	2	2.17051
11	6	2	4	0.941977
17	9	4	3	1.54552
14	7	3	2	1.55858
9	5	2	2	2.15515
11	6	2	4	0.878323
17	9	4	3	1.54547
16	8	3	5	0
20	11	5	0	1.54608
2	2	0	2	1.59838
8	5	2	2	1.62187
11	6	2	4	1.60424
17	9	4	3	1.55252
16	8	3	5	0
20	11	5	0	1.54653
2	2	0	2	1.59825
12	6	2	4	1.60838
17	9	4	3	1.59636
16	8	3	5	0
20	11	5	0	1.47773
2	2	0	2	1.60127
8	5	2	2	1.62903
11	6	2	4	1.60237
18	10	4	5	0
19	11	5	0	0.668097
2	2	0	2	1.53836
8	5	2	2	1.67223
7	5	2	2	1.60339
7	5	2	2	1.46007
7	5	2	2	1.4576
11	6	2	4	1.45333
18	10	4	5	0
19	11	5	0	0.689037
1	1	0	1	1.54005
5	4	1	3	0.339376
15	8	3	5	0.294787
20	11	5	0	1.54416
1	1	0	1	1.61309
4	3	1	1	0.332147
6	4	1	3	1.44509
15	8	3	5	0.522177
20	11	5	0	1.55037
1	1	0	1	1.61426
5	4	1	3	1.0567
13	7	3	2	0.594416
9	5	2	2	2.13969
7	5	2	2	1.58426
7	5	2	2	1.47656
11	6	2	4	1.46533
18	10	4	5	0
19	11	5	0	0.690996
2	2	0	2	1.53974
12	6	2	4	1.66458
17	9	4	3	1.65479
16	8	3	5	0
20	11	5	0	1.49747
2	2	0	2	1.59224
8	5	2	2	1.62076
7	5	2	2	1.6202
11	6	2	4	1.47201
17	9	4	3	1.52711
14	7	3	2	1.56115
10	6	2	4	2.15315
17	9	4	3	1.61109
16	8	3	5	0
20	11	5	0	1.51736
1	1	0	1	1.59871
5	4	1	3	1.15182
15	8	3	5	0.337115
20	11	5	0	1.55692
2	2	0	2	1.61466
12	6	2	4	1.61897
17	9	4	3	1.60435
16	8	3	5	0
20	11	5	0	1.4802
2	2	0	2	1.60064
8	5	2	2	1.6286
11	6	2	4	1.60277
18	10	4	5	0
19	11	5	0	0.668084
2	2	0	2	1.53836
8	5	2	2	1.67223
11	6	2	4	1.5767
18	10	4	5	0
19	11	5	0	0.666757
1	1	0	1	1.53818
4	3	1	1	0.953481
3	3	1	1	0
3	3	1	1	0
3	3	1	1	0
3	3	1	1	0
3	3	1	1	0
6	4	1	3	1.59225
13	7	3	2	0.412154
10	6	2	4	1.92275
18	10	4	5	0
19	11	5	0	0.341858
1	1	0	1	1.52914
5	4	1	3	0.336569
13	7	3	2	0.54713
9	5	2	2	2.13313
7	5	2	2	1.33488
11	6	2	4	1.47909
18	10	4	5	0
19	11	5	0	0.691057
2	2	0	2	1.53945
12	6	2	4	1.66451
18	10	4	5	0.325778
19	11	5	0	0.317232
2	2	0	2	1.5288
8	5	2	2	1.67214
7	5	2	2	1.60336
11	6	2	4	1.46038
17	9	4	3	1.52659
14	7	3	2	1.56125
10	6	2	4	2.15303
18	10	4	5	0.285453
19	11	5	0	0.331894
2	2	0	2	1.52679
12	6	2	4	1.6645
17	9	4	3	1.66129
16	8	3	5	0
20	11	5	0	1.49843
2	2	0	2	1.5921
12	6	2	4	1.60412
18	10	4	5	0.29451
19	11	5	0	0.321076
2	2	0	2	1.52498
8	5	2	2	1.67278
11	6	2	4	1.57706
17	9	4	3	1.55382
14	7	3	2	1.55502
9	5	2	2	2.15536
7	5	2	2	1.3547
7	5	2	2	1.46221
7	5	2	2	1.45512
7	5	2	2	1.44752
7	5	2	2	1.44308
7	5	2	2	1.4336
11	6	2	4	1.43362
18	10	4	5	0
19	11	5	0	0.688295
1	1	0	1	1.54037
4	3	1	1	0.952011
6	4	1	3	1.42248
13	7	3	2	0.565843
9	5	2	2	2.06902
7	5	2	2	1.38246
7	5	2	2	1.47774
11	6	2	4	1.46644
18	10	4	5	0
19	11	5	0	0.691527
1	1	0	1	1.53958
4	3	1	1	0.952061
3	3	1	1	0
3	3	1	1	0
3	3	1	1	0
6	4	1	3	1.58905
15	8	3	5	0.545721
20	11	5	0	1.51635
1	1	0	1	1.61005
5	4	1	3	1.00291
15	8	3	5	0.267936
20	11	5	0	1.55654
2	2	0	2	1.61425
8	5	2	2	1.63199
11	6	2	4	1.60347
18	10	4	5	0
19	11	5	0	0.669015
1	1	0	1	1.53833
4	3	1	1	0.95305
3	3	1	1	0
3	3	1	1	0
3	3	1	1	0
3	3	1	1	0
3	3	1	1	0
3	3	1	1	0
3	3	1	1	0
6	4	1	3	1.59127
13	7	3	2	0.412014
10	6	2	4	1.92256
17	9	4	3	1.36175
16	8	3	5	0
20	11	5	0	1.52709
1	1	0	1	1.59653
4	3	1	1	0.362894
6	4	1	3	1.42573
15	8	3	5	0.518101
20	11	5	0	1.55039
2	2	0	2	1.61407
8	5	2	2	1.63068
7	5	2	2	1.61977
11	6	2	4	1.4716
18	10	4	5	0
19	11	5	0	0.69056
2	2	0	2	1.5395
8	5	2	2	1.67266
11	6	2	4	1.5779
18	10	4	5	0
19	11	5	0	0.66675
2	2	0	2	1.53818
12	6	2	4	1.66399
18	10	4	5	0.32569
19	11	5	0	0.317285
1	1	0	1	1.52877
5	4	1	3	0.354451
13	7	3	2	0.557337
10	6	2	4	2.11072
18	10	4	5	0
19	11	5	0	0.340513
2	2	0	2	1.52833
8	5	2	2	1.67351
7	5	2	2	1.60675
11	6	2	4	1.46027
18	10	4	5	0
19	11	5	0	0.690375
1	1	0	1	1.53957
5	4	1	3	0.339719
13	7	3	2	0.552939
10	6	2	4	2.11197
18	10	4	5	0
19	11	5	0	0.340491
2	2	0	2	1.52833
8	5	2	2	1.67351
7	5	2	2	1.60675
7	5	2	2	1.46027
11	6	2	4	1.45767
18	10	4	5	0
19	11	5	0	0.688777
1	1	0	1	1.53948
4	3	1	1	0.952179
6	4	1	3	1.42233
15	8	3	5	0.518639
20	11	5	0	1.55041
1	1	0	1	1.6141
4	3	1	1	0.341568
6	4	1	3	1.44146
13	7	3	2	0.566313
10	6	2	4	1.96703
17	9	4	3	1.35926
14	7	3	2	1.57063
9	5	2	2	2.14881
7	5	2	2	1.31876
7	5	2	2	1.45135
11	6	2	4	1.45238
18	10	4	5	0
19	11	5	0	0.688931
2	2	0	2	1.54009
12	6	2	4	1.66467
18	10	4	5	0.32588
19	11	5	0	0.317209
2	2	0	2	1.52882
8	5	2	2	1.67214
11	6	2	4	1.57519
17	9	4	3	1.55384
16	8	3	5	0
20	11	5	0	1.54657
1	1	0	1	1.59823
5	4	1	3	1.23949
13	7	3	2	0.590013
9	5	2	2	2.14114
11	6	2	4	1.15318
17	9	4	3	1.54578
16	8	3	5	0
20	11	5	0	1.54579
2	2	0	2	1.59838
8	5	2	2	1.62184
7	5	2	2	1.61521
7	5	2	2	1.47146
7	5	2	2	1.45014
11	6	2	4	1.45343
18	10	4	5	0
19	11	5	0	0.689056
1	1	0	1	1.54005
5	4	1	3	0.339378
13	7	3	2	0.552992
10	6	2	4	2.11195
17	9	4	3	1.35603
16	8	3	5	0
20	11	5	0	1.52637
2	2	0	2	1.59649
12	6	2	4	1.6052
18	10	4	5	0.294054
19	11	5	0	0.320396
2	2	0	2	1.52482
12	6	2	4	1.66399
18	10	4	5	0.329742
19	11	5	0	0.305324
2	2	0	2	1.52456
12	6	2	4	1.66308
18	10	4	5	0.329917
19	11	5	0	0.306428
2	2	0	2	1.52928
12	6	2	4	1.66301
18	10	4	5	0.329909
19	11	5	0	0.302835
2	2	0	2	1.52926
8	5	2	2	1.67225
11	6	2	4	1.57533
18	10	4	5	0
19	11	5	0	0.66671
1	1	0	1	1.53818
4	3	1	1	0.953479
6	4	1	3	1.42222
13	7	3	2	0.565871
9	5	2	2	2.06901
11	6	2	4	1.32963
18	10	4	5	0
19	11	5	0	0.688636
2	2	0	2	1.53859
8	5	2	2	1.67242
11	6	2	4	1.577
18	10	4	5	0
19	11	5	0	0.666757
2	2	0	2	1.53818
12	6	2	4	1.66399
17	9	4	3	1.65434
16	8	3	5	0
20	11	5	0	1.49743
2	2	0	2	1.59451
8	5	2	2	1.62643
11	6	2	4	1.60557
18	10	4	5	0
19	11	5	0	0.668075
1	1	0	1	1.53836
4	3	1	1	0.953144
3	3	1	1	0
6	4	1	3	1.51753
13	7	3	2	0.3246
10	6	2	4	1.93067
17	9	4	3	1.36995
16	8	3	5	0
20	11	5	0	1.5268
1	1	0	1	1.59656
4	3	1	1	0.362849
3	3	1	1	0
3	3	1	1	0
6	4	1	3	1.54644
15	8	3	5	0.524987
20	11	5	0	1.53379
2	2	0	2	1.61081
8	5	2	2	1.63058
11	6	2	4	1.60418
18	10	4	5	0
19	11	5	0	0.669081
1	1	0	1	1.53833
5	4	1	3	0.340696
15	8	3	5	0.294432
20	11	5	0	1.54408
2	2	0	2	1.61308
8	5	2	2	1.63153
11	6	2	4	1.60443
18	10	4	5	0
19	11	5	0	0.669043
2	2	0	2	1.53833
8	5	2	2	1.67223
11	6	2	4	1.57669
17	9	4	3	1.55376
16	8	3	5	0
20	11	5	0	1.54658
2	2	0	2	1.59823
8	5	2	2	1.62184
11	6	2	4	1.60454
17	9	4	3	1.55252
16	8	3	5	0
20	11	5	0	1.54653
1	1	0	1	1.59825
4	3	1	1	0.354922
3	3	1	1	0
3	3	1	1	0
6	4	1	3	1.54559
13	7	3	2	0.534438
10	6	2	4	1.94698
18	10	4	5	0
19	11	5	0	0.341885
1	1	0	1	1.52895
5	4	1	3	0.336732
13	7	3	2	0.547152
10	6	2	4	2.11393
18	10	4	5	0
19	11	5	0	0.340458
1	1	0	1	1.52832
5	4	1	3	0.337324
15	8	3	5	0.304925
20	11	5	0	1.54254
2	2	0	2	1.61312
12	6	2	4	1.61782
17	9	4	3	1.60515
14	7	3	2	1.56871
10	6	2	4	2.15747
18	10	4	5	0.317275
19	11	5	0	0.333925
2	2	0	2	1.52946
12	6	2	4	1.66426
17	9	4	3	1.66148
14	7	3	2	1.59043
9	5	2	2	2.15236
11	6	2	4	1.00718
18	10	4	5	0
19	11	5	0	0.683188
1	1	0	1	1.53819
5	4	1	3	0.340702
15	8	3	5	0.294411
20	11	5	0	1.54406
2	2	0	2	1.61308
8	5	2	2	1.63153
11	6	2	4	1.60443
18	10	4	5	0
19	11	5	0	0.669037
1	1	0	1	1.53833
4	3	1	1	0.953043
6	4	1	3	1.42222
13	7	3	2	0.565868
9	5	2	2	2.06901
7	5	2	2	1.38248
7	5	2	2	1.47774
11	6	2	4	1.46645
17	9	4	3	1.52621
14	7	3	2	1.56104
10	6	2	4	2.15438
17	9	4	3	1.60999
16	8	3	5	0
20	11	5	0	1.51741
1	1	0	1	1.59721
4	3	1	1	0.36198
3	3	1	1	0
3	3	1	1	0
6	4	1	3	1.54653
15	8	3	5	0.52458
20	11	5	0	1.53384
1	1	0	1	1.61082
5	4	1	3	1.02237
13	7	3	2	0.594982
9	5	2	2	2.13847
7	5	2	2	1.5851
11	6	2	4	1.4771
18	10	4	5	0
19	11	5	0	0.690838
1	1	0	1	1.53946
4	3	1	1	0.951823
3	3	1	1	0
6	4	1	3	1.51764
15	8	3	5	0.559107
20	11	5	0	1.5165
2	2	0	2	1.6107
12	6	2	4	1.61704
17	9	4	3	1.6056
14	7	3	2	1.56872
10	6	2	4	2.15751
17	9	4	3	1.63833
16	8	3	5	0
20	11	5	0	1.51959
2	2	0	2	1.60078
8	5	2	2	1.62746
11	6	2	4	1.60191
17	9	4	3	1.55259
14	7	3	2	1.55518
9	5	2	2	2.15532
7	5	2	2	1.35475
11	6	2	4	1.4622
17	9	4	3	1.53012
14	7	3	2	1.56007
9	5	2	2	2.15415
11	6	2	4	0.878411
18	10	4	5	0
19	11	5	0	0.683845
2	2	0	2	1.53812
12	6	2	4	1.66404
17	9	4	3	1.65431
16	8	3	5	0
20	11	5	0	1.49743
1	1	0	1	1.59451
5	4	1	3	1.08449
15	8	3	5	0.318542
20	11	5	0	1.55667
2	2	0	2	1.61463
8	5	2	2	1.63197
11	6	2	4	1.60352
18	10	4	5	0
19	11	5	0	0.669014
2	2	0	2	1.53833
8	5	2	2	1.67223
11	6	2	4	1.57669
17	9	4	3	1.55376
16	8	3	5	0
20	11	5	0	1.54658
1	1	0	1	1.59823
4	3	1	1	0.355141
3	3	1	1	0
6	4	1	3	1.52106
13	7	3	2	0.315081
10	6	2	4	1.92982
18	10	4	5	0
19	11	5	0	0.341721
1	1	0	1	1.52955
4	3	1	1	0.963975
3	3	1	1	0
6	4	1	3	1.51716
15	8	3	5	0.559131
20	11	5	0	1.51657
2	2	0	2	1.61069
8	5	2	2	1.63108
11	6	2	4	1.60402
18	10	4	5	0
19	11	5	0	0.669061
1	1	0	1	1.53833
4	3	1	1	0.95304
3	3	1	1	0
3	3	1	1	0
3	3	1	1	0
3	3	1	1	0
6	4	1	3	1.59051
13	7	3	2	0.437827
9	5	2	2	2.06071
7	5	2	2	1.38765
7	5	2	2	1.49042
11	6	2	4	1.46724
18	10	4	5	0
19	11	5	0	0.691607
1	1	0	1	1.53955
5	4	1	3	0.33976
13	7	3	2	0.552833
9	5	2	2	2.13223
11	6	2	4	1.04973
17	9	4	3	1.54631
14	7	3	2	1.55965
10	6	2	4	2.15411
18	10	4	5	0.284802
19	11	5	0	0.331921
1	1	0	1	1.52681
4	3	1	1	0.992288
6	4	1	3	1.42049
15	8	3	5	0.522924
20	11	5	0	1.55042
2	2	0	2	1.61409
8	5	2	2	1.63068
11	6	2	4	1.60461
18	10	4	5	0
19	11	5	0	0.669068
2	2	0	2	1.53832
12	6	2	4	1.66404
17	9	4	3	1.65436
16	8	3	5	0
20	11	5	0	1.49743
2	2	0	2	1.59451
8	5	2	2	1.62643
11	6	2	4	1.60557
18	10	4	5	0
19	11	5	0	0.668074
2	2	0	2	1.53836
12	6	2	4	1.66404
18	10	4	5	0.325706
19	11	5	0	0.317276
2	2	0	2	1.52878
12	6	2	4	1.66287
17	9	4	3	1.6614
14	7	3	2	1.59006
9	5	2	2	2.15368
11	6	2	4	1.00544
18	10	4	5	0
19	11	5	0	0.683192
1	1	0	1	1.53819
4	3	1	1	0.95183
3	3	1	1	0
6	4	1	3	1.51753
13	7	3	2	0.324614
10	6	2	4	1.93067
18	10	4	5	0
19	11	5	0	0.341723
1	1	0	1	1.52954
5	4	1	3	0.336229
15	8	3	5	0.305109
20	11	5	0	1.54244
2	2	0	2	1.61312
12	6	2	4	1.61784
18	10	4	5	0.295932
19	11	5	0	0.322074
2	2	0	2	1.52543
8	5	2	2	1.67284
11	6	2	4	1.57719
17	9	4	3	1.55382
14	7	3	2	1.55502
10	6	2	4	2.15502
18	10	4	5	0.284085
19	11	5	0	0.331932
1	1	0	1	1.52684
5	4	1	3	0.338937
15	8	3	5	0.304675
20	11	5	0	1.54272
2	2	0	2	1.61313
8	5	2	2	1.63158
11	6	2	4	1.6044
17	9	4	3	1.55274
14	7	3	2	1.55517
10	6	2	4	2.15501
18	10	4	5	0.284217
19	11	5	0	0.331927
2	2	0	2	1.52684
8	5	2	2	1.67314
11	6	2	4	1.57784
17	9	4	3	1.55382
16	8	3	5	0
20	11	5	0	1.54658
2	2	0	2	1.59823
8	5	2	2	1.62184
7	5	2	2	1.61578
11	6	2	4	1.4715
18	10	4	5	0
19	11	5	0	0.690457
2	2	0	2	1.5395
12	6	2	4	1.66453
18	10	4	5	0.325821
19	11	5	0	0.317225
1	1	0	1	1.52881
4	3	1	1	1.14707
3	3	1	1	0
6	4	1	3	1.51781
13	7	3	2	0.323518
10	6	2	4	1.93049
18	10	4	5	0
19	11	5	0	0.341722
1	1	0	1	1.52954
5	4	1	3	0.336227
15	8	3	5	0.305108
20	11	5	0	1.54244
1	1	0	1	1.61312
5	4	1	3	1.03621
15	8	3	5	0.274659
20	11	5	0	1.56019
1	1	0	1	1.6144
4	3	1	1	0.314306
3	3	1	1	0
3	3	1	1	0
6	4	1	3	1.54876
15	8	3	5	0.524681
20	11	5	0	1.53402
1	1	0	1	1.61086
4	3	1	1	0.34261
3	3	1	1	0
6	4	1	3	1.52606
13	7	3	2	0
9	5	2	2	2.07608
7	5	2	2	1.40314
7	5	2	2	1.49413
11	6	2	4	1.47074
18	10	4	5	0
19	11	5	0	0.690581
2	2	0	2	1.53943
12	6	2	4	1.66451
17	9	4	3	1.65474
16	8	3	5	0
20	11	5	0	1.49746
1	1	0	1	1.59225
4	3	1	1	0.363091
3	3	1	1	0
6	4	1	3	1.52619
15	8	3	5	0.84918
20	11	5	0	1.51614
1	1	0	1	1.61075
5	4	1	3	1.00322
13	7	3	2	0.595767
10	6	2	4	2.11593
18	10	4	5	0
19	11	5	0	0.340573
1	1	0	1	1.52832
4	3	1	1	0.972804
6	4	1	3	1.41982
15	8	3	5	0.523033
20	11	5	0	1.55042
1	1	0	1	1.6141
5	4	1	3	1.05573
13	7	3	2	0.59441
9	5	2	2	2.13964
7	5	2	2	1.58431
11	6	2	4	1.47658
17	9	4	3	1.53111
16	8	3	5	0
20	11	5	0	1.54553
1	1	0	1	1.59855
5	4	1	3	1.25089
15	8	3	5	0.352672
20	11	5	0	1.56094
2	2	0	2	1.61506
12	6	2	4	1.61953
18	10	4	5	0.295343
19	11	5	0	0.321845
2	2	0	2	1.5254
12	6	2	4	1.66409
18	10	4	5	0.329631
19	11	5	0	0.305321
2	2	0	2	1.52456
8	5	2	2	1.67231
11	6	2	4	1.5754
18	10	4	5	0
19	11	5	0	0.666708
1	1	0	1	1.53818
4	3	1	1	0.953481
6	4	1	3	1.42222
13	7	3	2	0.56587
10	6	2	4	1.96575
18	10	4	5	0
19	11	5	0	0.341904
1	1	0	1	1.52877
4	3	1	1	0.96939
6	4	1	3	1.41965
13	7	3	2	0.571089
9	5	2	2	2.06904
7	5	2	2	1.38255
7	5	2	2	1.47776
11	6	2	4	1.46646
17	9	4	3	1.52621
14	7	3	2	1.56104
10	6	2	4	2.15438
18	10	4	5	0.283915
19	11	5	0	0.331904
1	1	0	1	1.52685
4	3	1	1	0.992638
6	4	1	3	1.4205
13	7	3	2	0.571155
9	5	2	2	2.06902
11	6	2	4	1.32981
17	9	4	3	1.54819
16	8	3	5	0
20	11	5	0	1.54614
2	2	0	2	1.59827
12	6	2	4	1.60839
18	10	4	5	0.293024
19	11	5	0	0.320152
2	2	0	2	1.52823
12	6	2	4	1.66398
17	9	4	3	1.66182
16	8	3	5	0
20	11	5	0	1.49847
1	1	0	1	1.59209
4	3	1	1	0.363235
6	4	1	3	1.43583
15	8	3	5	0.518946
20	11	5	0	1.55039
1	1	0	1	1.61407
4	3	1	1	0.341637
6	4	1	3	1.44146
15	8	3	5	0.520949
20	11	5	0	1.55036
1	1	0	1	1.61423
4	3	1	1	0.340262
3	3	1	1	0
3	3	1	1	0
3	3	1	1	0
3	3	1	1	0
3	3	1	1	0
3	3	1	1	0
3	3	1	1	0
6	4	1	3	1.59125
15	8	3	5	0.546231
20	11	5	0	1.51318
1	1	0	1	1.60983
5	4	1	3	0.999714
13	7	3	2	0.591907
10	6	2	4	2.11564
17	9	4	3	1.35178
14	7	3	2	1.5685
10	6	2	4	2.15004
17	9	4	3	1.65373
14	7	3	2	1.56774
10	6	2	4	2.14999
18	10	4	5	0.321534
19	11	5	0	0.332371
2	2	0	2	1.5263
8	5	2	2	1.67293
11	6	2	4	1.57745
17	9	4	3	1.55382
14	7	3	2	1.55501
9	5	2	2	2.15536
7	5	2	2	1.3547
11	6	2	4	1.46221
17	9	4	3	1.53012
14	7	3	2	1.56007
9	5	2	2	2.15415
7	5	2	2	1.35535
7	5	2	2	1.46203
11	6	2	4	1.45507
18	10	4	5	0
19	11	5	0	0.689183
2	2	0	2	1.54
8	5	2	2	1.67278
7	5	2	2	1.60476
11	6	2	4	1.46003
18	10	4	5	0
19	11	5	0	0.690318
1	1	0	1	1.53958
5	4	1	3	0.339713
13	7	3	2	0.55294
9	5	2	2	2.13222
7	5	2	2	1.33664
11	6	2	4	1.47954
17	9	4	3	1.53156
14	7	3	2	1.55956
10	6	2	4	2.15387
18	10	4	5	0.285015
19	11	5	0	0.331903
2	2	0	2	1.52681
12	6	2	4	1.6645
17	9	4	3	1.66129
14	7	3	2	1.59041
10	6	2	4	2.15191
18	10	4	5	0.343095
19	11	5	0	0.333482
1	1	0	1	1.52578
5	4	1	3	0.342623
15	8	3	5	0.304466
20	11	5	0	1.54284
1	1	0	1	1.61313
4	3	1	1	0.331765
3	3	1	1	0
3	3	1	1	0
3	3	1	1	0
3	3	1	1	0
6	4	1	3	1.58985
13	7	3	2	0.442146
9	5	2	2	2.06047
11	6	2	4	1.34492
17	9	4	3	1.54831
16	8	3	5	0
20	11	5	0	1.54599
2	2	0	2	1.59826
12	6	2	4	1.60838
18	10	4	5	0.293027
19	11	5	0	0.320154
1	1	0	1	1.52478
4	3	1	1	1.16589
6	4	1	3	1.42038
15	8	3	5	0.522791
20	11	5	0	1.55042
1	1	0	1	1.61408
4	3	1	1	0.341823
6	4	1	3	1.44148
13	7	3	2	0.566313
10	6	2	4	1.96702
18	10	4	5	0
19	11	5	0	0.34192
2	2	0	2	1.52876
8	5	2	2	1.67359
7	5	2	2	1.6069
11	6	2	4	1.46025
18	10	4	5	0
19	11	5	0	0.690371
1	1	0	1	1.53957
5	4	1	3	0.339719
13	7	3	2	0.552939
10	6	2	4	2.11197
18	10	4	5	0
19	11	5	0	0.34049
2	2	0	2	1.52833
12	6	2	4	1.66492
18	10	4	5	0.329497
19	11	5	0	0.305135
2	2	0	2	1.52459
12	6	2	4	1.66309
17	9	4	3	1.66145
16	8	3	5	0
20	11	5	0	1.49816
2	2	0	2	1.59213
8	5	2	2	1.62068
11	6	2	4	1.60735
18	10	4	5	0
19	11	5	0	0.667967
2	2	0	2	1.53837
8	5	2	2	1.67224
7	5	2	2	1.60339
7	5	2	2	1.46007
11	6	2	4	1.4576
17	9	4	3	1.52861
14	7	3	2	1.56036
10	6	2	4	2.15368
17	9	4	3	1.61099
14	7	3	2	1.5635
9	5	2	2	2.17093
7	5	2	2	1.35334
7	5	2	2	1.46076
7	5	2	2	1.4555
7	5	2	2	1.44764
11	6	2	4	1.44382
18	10	4	5	0
19	11	5	0	0.688352
2	2	0	2	1.54035
12	6	2	4	1.66474
18	10	4	5	0.325905
19	11	5	0	0.317197
1	1	0	1	1.52883
4	3	1	1	1.14732
6	4	1	3	1.42584
13	7	3	2	0.566391
10	6	2	4	1.96605
17	9	4	3	1.35936
14	7	3	2	1.57058
10	6	2	4	2.14853
18	10	4	5	0.329778
19	11	5	0	0.333181
1	1	0	1	1.52647
5	4	1	3	0.341725
15	8	3	5	0.304797
20	11	5	0	1.54278
2	2	0	2	1.61314
8	5	2	2	1.63158
11	6	2	4	1.6044
17	9	4	3	1.55274
16	8	3	5	0
20	11	5	0	1.54654
2	2	0	2	1.59825
12	6	2	4	1.60837
17	9	4	3	1.59637
16	8	3	5	0
20	11	5	0	1.47774
1	1	0	1	1.60127
4	3	1	1	0.345155
3	3	1	1	0
3	3	1	1	0
6	4	1	3	1.5454
15	8	3	5	0.524445
20	11	5	0	1.53394
1	1	0	1	1.61083
5	4	1	3	1.02257
15	8	3	5	0.281229
20	11	5	0	1.55661
1	1	0	1	1.61434
4	3	1	1	0.316045
3	3	1	1	0
6	4	1	3	1.52705
13	7	3	2	0
9	5	2	2	2.07615
11	6	2	4	1.37674
18	10	4	5	0
19	11	5	0	0.691631
1	1	0	1	1.53883
5	4	1	3	0.340185
15	8	3	5	0.294344
20	11	5	0	1.54405
2	2	0	2	1.61308
12	6	2	4	1.6177
17	9	4	3	1.6052
14	7	3	2	1.56871
10	6	2	4	2.15747
18	10	4	5	0.317269
19	11	5	0	0.333921
1	1	0	1	1.52946
4	3	1	1	0.988633
3	3	1	1	0
6	4	1	3	1.51684
15	8	3	5	0.559241
20	11	5	0	1.51654
1	1	0	1	1.61068
5	4	1	3	1.00314
13	7	3	2	0.595748
10	6	2	4	2.11593
18	10	4	5	0
19	11	5	0	0.340573
2	2	0	2	1.52832
12	6	2	4	1.66491
18	10	4	5	0.329468
19	11	5	0	0.305146
2	2	0	2	1.52458
8	5	2	2	1.67232
7	5	2	2	1.6036
7	5	2	2	1.46036
7	5	2	2	1.45771
11	6	2	4	1.4534
18	10	4	5	0
19	11	5	0	0.68905
2	2	0	2	1.54005
8	5	2	2	1.67279
7	5	2	2	1.60478
7	5	2	2	1.46003
11	6	2	4	1.45761
17	9	4	3	1.5286
14	7	3	2	1.56036
10	6	2	4	2.15368
17	9	4	3	1.61099
16	8	3	5	0
20	11	5	0	1.51736
1	1	0	1	1.59871
5	4	1	3	1.15195
15	8	3	5	0.33715
20	11	5	0	1.55692
1	1	0	1	1.61466
4	3	1	1	0.31428
3	3	1	1	0
6	4	1	3	1.52713
13	7	3	2	0
10	6	2	4	1.92917
17	9	4	3	1.37037
16	8	3	5	0
20	11	5	0	1.52679
2	2	0	2	1.59657
12	6	2	4	1.60526
18	10	4	5	0.294027
19	11	5	0	0.320391
2	2	0	2	1.52482
12	6	2	4	1.66398
17	9	4	3	1.6618
16	8	3	5	0
20	11	5	0	1.49847
2	2	0	2	1.5921
12	6	2	4	1.60412
18	10	4	5	0.294511
19	11	5	0	0.321075
2	2	0	2	1.52498
12	6	2	4	1.66401
18	10	4	5	0.329699
19	11	5	0	0.305331
1	1	0	1	1.52456
5	4	1	3	0.354047
13	7	3	2	0.557493
9	5	2	2	2.13162
11	6	2	4	1.06023
18	10	4	5	0
19	11	5	0	0.687862
2	2	0	2	1.53842
12	6	2	4	1.66413
17	9	4	3	1.65449
14	7	3	2	1.58891
10	6	2	4	2.15649
17	9	4	3	1.6435
16	8	3	5	0
20	11	5	0	1.51998
2	2	0	2	1.59693
8	5	2	2	1.62093
7	5	2	2	1.61595
11	6	2	4	1.47174
18	10	4	5	0
19	11	5	0	0.690521
1	1	0	1	1.53949
5	4	1	3	0.339779
13	7	3	2	0.552852
10	6	2	4	2.11198
18	10	4	5	0
19	11	5	0	0.34049
2	2	0	2	1.52833
12	6	2	4	1.66492
18	10	4	5	0.329496
19	11	5	0	0.305132
2	2	0	2	1.52459
12	6	2	4	1.66309
18	10	4	5	0.329924
19	11	5	0	0.306418
2	2	0	2	1.52928
12	6	2	4	1.66301
18	10	4	5	0.32991
19	11	5	0	0.302833
1	1	0	1	1.52927
4	3	1	1	1.15458
3	3	1	1	0
3	3	1	1	0
6	4	1	3	1.54671
15	8	3	5	0.525157
20	11	5	0	1.53374
1	1	0	1	1.6108
4	3	1	1	0.343
3	3	1	1	0
6	4	1	3	1.52605
15	8	3	5	0.853449
20	11	5	0	1.51785
2	2	0	2	1.61089
8	5	2	2	1.63127
7	5	2	2	1.61885
7	5	2	2	1.47027
11	6	2	4	1.45039
17	9	4	3	1.52869
14	7	3	2	1.56034
9	5	2	2	2.15401
11	6	2	4	0.87836
17	9	4	3	1.54547
14	7	3	2	1.55875
9	5	2	2	2.15511
11	6	2	4	0.87828
17	9	4	3	1.54547
14	7	3	2	1.55876
10	6	2	4	2.15478
18	10	4	5	0.285019
19	11	5	0	0.331925
2	2	0	2	1.52681
12	6	2	4	1.6645
18	10	4	5	0.329429
19	11	5	0	0.305316
1	1	0	1	1.52454
4	3	1	1	1.15838
3	3	1	1	0
6	4	1	3	1.51785
13	7	3	2	0.323365
10	6	2	4	1.93048
17	9	4	3	1.36999
16	8	3	5	0
20	11	5	0	1.5268
1	1	0	1	1.59656
4	3	1	1	0.36285
3	3	1	1	0
3	3	1	1	0
6	4	1	3	1.54644
13	7	3	2	0.534512
10	6	2	4	1.94685
18	10	4	5	0
19	11	5	0	0.341887
1	1	0	1	1.52894
4	3	1	1	0.968843
6	4	1	3	1.41966
13	7	3	2	0.571091
9	5	2	2	2.06904
11	6	2	4	1.32982
18	10	4	5	0
19	11	5	0	0.688641
1	1	0	1	1.53859
5	4	1	3	0.340317
15	8	3	5	0.294371
20	11	5	0	1.54405
2	2	0	2	1.61308
12	6	2	4	1.6177
18	10	4	5	0.295964
19	11	5	0	0.32209
2	2	0	2	1.52543
12	6	2	4	1.6641
18	10	4	5	0.32962
19	11	5	0	0.305328
2	2	0	2	1.52455
8	5	2	2	1.67231
11	6	2	4	1.5754
17	9	4	3	1.55384
14	7	3	2	1.55505
10	6	2	4	2.155
18	10	4	5	0.284096
19	11	5	0	0.331933
1	1	0	1	1.52684
5	4	1	3	0.338936
13	7	3	2	0.547545
9	5	2	2	2.13296
11	6	2	4	1.02844
18	10	4	5	0
19	11	5	0	0.687899
2	2	0	2	1.53841
12	6	2	4	1.66412
18	10	4	5	0.325693
19	11	5	0	0.317267
1	1	0	1	1.52878
4	3	1	1	1.14671
6	4	1	3	1.42582
15	8	3	5	0.517801
20	11	5	0	1.5504
1	1	0	1	1.61407
5	4	1	3	1.05556
13	7	3	2	0.594407
10	6	2	4	2.11979
17	9	4	3	1.35147
14	7	3	2	1.5684
10	6	2	4	2.15008
18	10	4	5	0.327459
19	11	5	0	0.333222
1	1	0	1	1.52645
4	3	1	1	0.998414
6	4	1	3	1.42071
13	7	3	2	0.571167
9	5	2	2	2.06902
7	5	2	2	1.38255
7	5	2	2	1.47776
7	5	2	2	1.46646
11	6	2	4	1.45129
18	10	4	5	0
19	11	5	0	0.688895
2	2	0	2	1.53969
12	6	2	4	1.66456
18	10	4	5	0.325834
19	11	5	0	0.317224
1	1	0	1	1.52881
4	3	1	1	1.14712
6	4	1	3	1.42583
13	7	3	2	0.566391
9	5	2	2	2.069
11	6	2	4	1.32915
17	9	4	3	1.54818
16	8	3	5	0
20	11	5	0	1.54614
1	1	0	1	1.59827
5	4	1	3	1.24242
13	7	3	2	0.589939
10	6	2	4	2.12399
17	9	4	3	1.35018
16	8	3	5	0
20	11	5	0	1.52637
2	2	0	2	1.59649
8	5	2	2	1.62021
11	6	2	4	1.60393
17	9	4	3	1.55254
16	8	3	5	0
20	11	5	0	1.54653
1	1	0	1	1.59825
5	4	1	3	1.24044
13	7	3	2	0.59
10	6	2	4	2.12393
18	10	4	5	0
19	11	5	0	0.340695
2	2	0	2	1.52822
8	5	2	2	1.67356
7	5	2	2	1.60667
7	5	2	2	1.46027
11	6	2	4	1.45767
17	9	4	3	1.52864
14	7	3	2	1.56036
9	5	2	2	2.154
11	6	2	4	0.878349
17	9	4	3	1.54547
16	8	3	5	0
20	11	5	0	1.54608
2	2	0	2	1.59838
12	6	2	4	1.60853
17	9	4	3	1.5962
16	8	3	5	0
20	11	5	0	1.47768
1	1	0	1	1.60127
4	3	1	1	0.345144
3	3	1	1	0
6	4	1	3	1.52399
13	7	3	2	0
9	5	2	2	2.07604
11	6	2	4	1.37662
18	10	4	5	0
19	11	5	0	0.691612
2	2	0	2	1.53883
8	5	2	2	1.67245
11	6	2	4	1.57709
18	10	4	5	0
19	11	5	0	0.666749
1	1	0	1	1.53818
5	4	1	3	0.340818
13	7	3	2	0.552619
10	6	2	4	2.11206
17	9	4	3	1.35599
16	8	3	5	0
20	11	5	0	1.52637
1	1	0	1	1.59649
4	3	1	1	0.362888
3	3	1	1	0
6	4	1	3	1.52043
13	7	3	2	0.316689
10	6	2	4	1.92991
18	10	4	5	0
19	11	5	0	0.341721
2	2	0	2	1.52955
12	6	2	4	1.66518
18	10	4	5	0.32953
19	11	5	0	0.304882
2	2	0	2	1.52462
8	5	2	2	1.67233
7	5	2	2	1.60361
7	5	2	2	1.46036
7	5	2	2	1.45771
11	6	2	4	1.4534
18	10	4	5	0
19	11	5	0	0.689047
2	2	0	2	1.54005
12	6	2	4	1.66466
17	9	4	3	1.65484
14	7	3	2	1.58906
9	5	2	2	2.15649
7	5	2	2	1.35237
7	5	2	2	1.46084
7	5	2	2	1.45547
11	6	2	4	1.44763
17	9	4	3	1.52005
14	7	3	2	1.56166
10	6	2	4	2.15287
18	10	4	5	0.285777
19	11	5	0	0.331883
1	1	0	1	1.52678
4	3	1	1	0.99247
3	3	1	1	0
3	3	1	1	0
3	3	1	1	0
6	4	1	3	1.58904
15	8	3	5	0.5457
20	11	5	0	1.51637
1	1	0	1	1.61005
4	3	1	1	0.343277
3	3	1	1	0
6	4	1	3	1.52656
13	7	3	2	0
9	5	2	2	2.07609
11	6	2	4	1.37675
18	10	4	5	0
19	11	5	0	0.691628
2	2	0	2	1.53883
12	6	2	4	1.66435
18	10	4	5	0.325618
19	11	5	0	0.317256
2	2	0	2	1.52877
12	6	2	4	1.66287
17	9	4	3	1.6614
16	8	3	5	0
20	11	5	0	1.49813
2	2	0	2	1.59214
8	5	2	2	1.62068
11	6	2	4	1.60735
18	10	4	5	0
19	11	5	0	0.667968
2	2	0	2	1.53837
12	6	2	4	1.66404
18	10	4	5	0.32571
19	11	5	0	0.317276
2	2	0	2	1.52878
8	5	2	2	1.67213
7	5	2	2	1.60335
7	5	2	2	1.46038
7	5	2	2	1.45771
11	6	2	4	1.4534
17	9	4	3	1.52204
14	7	3	2	1.56147
10	6	2	4	2.15305
18	10	4	5	0.285721
19	11	5	0	0.331886
1	1	0	1	1.52678
4	3	1	1	0.99244
6	4	1	3	1.4205
15	8	3	5	0.522922
20	11	5	0	1.55042
1	1	0	1	1.61409
5	4	1	3	1.05564
15	8	3	5	0.291795
20	11	5	0	1.56022
1	1	0	1	1.61447
5	4	1	3	1.06036
13	7	3	2	0.595321
10	6	2	4	2.11981
18	10	4	5	0
19	11	5	0	0.340827
2	2	0	2	1.52831
12	6	2	4	1.6649
18	10	4	5	0.329468
19	11	5	0	0.305152
2	2	0	2	1.52458
12	6	2	4	1.66309
17	9	4	3	1.66146
14	7	3	2	1.59011
9	5	2	2	2.15353
11	6	2	4	1.00565
18	10	4	5	0
19	11	5	0	0.683192
1	1	0	1	1.53819
4	3	1	1	0.951839
6	4	1	3	1.42218
15	8	3	5	0.518571
20	11	5	0	1.55041
2	2	0	2	1.61409
12	6	2	4	1.61625
17	9	4	3	1.60591
14	7	3	2	1.56875
9	5	2	2	2.1586
11	6	2	4	0.938354
18	10	4	5	0
19	11	5	0	0.683337
2	2	0	2	1.53816
12	6	2	4	1.66405
17	9	4	3	1.65432
16	8	3	5	0
20	11	5	0	1.49743
1	1	0	1	1.59451
5	4	1	3	1.08449
15	8	3	5	0.318546
20	11	5	0	1.55667
2	2	0	2	1.61463
8	5	2	2	1.63197
7	5	2	2	1.61824
11	6	2	4	1.46086
18	10	4	5	0
19	11	5	0	0.69053
2	2	0	2	1.53951
12	6	2	4	1.66453
18	10	4	5	0.325819
19	11	5	0	0.317226
2	2	0	2	1.52881
12	6	2	4	1.66288
17	9	4	3	1.6614
16	8	3	5	0
20	11	5	0	1.49813
1	1	0	1	1.59213
4	3	1	1	0.363187
3	3	1	1	0
3	3	1	1	0
6	4	1	3	1.54692
13	7	3	2	0.534729
10	6	2	4	1.9465
17	9	4	3	1.35698
16	8	3	5	0
20	11	5	0	1.52757
1	1	0	1	1.59652
4	3	1	1	0.362913
6	4	1	3	1.42572
15	8	3	5	0.518099
20	11	5	0	1.55039
1	1	0	1	1.61407
5	4	1	3	1.05559
15	8	3	5	0.291771
20	11	5	0	1.56022
2	2	0	2	1.61447
12	6	2	4	1.61893
17	9	4	3	1.60435
14	7	3	2	1.56866
10	6	2	4	2.15734
18	10	4	5	0.317322
19	11	5	0	0.333925
2	2	0	2	1.52946
8	5	2	2	1.67297
11	6	2	4	1.5776
17	9	4	3	1.55382
16	8	3	5	0
20	11	5	0	1.54658
1	1	0	1	1.59823
4	3	1	1	0.355144
3	3	1	1	0
3	3	1	1	0
3	3	1	1	0
6	4	1	3	1.58909
13	7	3	2	0.433226
9	5	2	2	2.06228
7	5	2	2	1.38966
11	6	2	4	1.49208
17	9	4	3	1.53458
16	8	3	5	0
20	11	5	0	1.54568
1	1	0	1	1.59852
4	3	1	1	0.352596
6	4	1	3	1.42416
13	7	3	2	0.566179
10	6	2	4	1.96611
17	9	4	3	1.35942
16	8	3	5	0
20	11	5	0	1.52749
2	2	0	2	1.59653
12	6	2	4	1.60521
17	9	4	3	1.59812
16	8	3	5	0
20	11	5	0	1.47795
1	1	0	1	1.60126
5	4	1	3	1.10927
15	8	3	5	0.311683
20	11	5	0	1.56041
2	2	0	2	1.61455
8	5	2	2	1.63216
11	6	2	4	1.60329
17	9	4	3	1.55274
14	7	3	2	1.55515
10	6	2	4	2.15501
17	9	4	3	1.60991
14	7	3	2	1.56363
10	6	2	4	2.16971
17	9	4	3	1.6422
14	7	3	2	1.56069
10	6	2	4	2.17003
17	9	4	3	1.63833
14	7	3	2	1.56104
9	5	2	2	2.17051
7	5	2	2	1.35318
7	5	2	2	1.46072
7	5	2	2	1.45549
7	5	2	2	1.44763
11	6	2	4	1.44382
17	9	4	3	1.51907
16	8	3	5	0
20	11	5	0	1.54494
2	2	0	2	1.59875
8	5	2	2	1.62187
7	5	2	2	1.61429
11	6	2	4	1.47139
17	9	4	3	1.52694
14	7	3	2	1.56118
9	5	2	2	2.15344
7	5	2	2	1.35556
11	6	2	4	1.46196
17	9	4	3	1.53007
14	7	3	2	1.56008
10	6	2	4	2.15382
18	10	4	5	0.285347
19	11	5	0	0.331902
2	2	0	2	1.52679
8	5	2	2	1.67313
11	6	2	4	1.57782
17	9	4	3	1.55382
16	8	3	5	0
20	11	5	0	1.54658
2	2	0	2	1.59823
8	5	2	2	1.62184
7	5	2	2	1.61578
11	6	2	4	1.4715
17	9	4	3	1.52697
16	8	3	5	0
20	11	5	0	1.54509
2	2	0	2	1.59866
8	5	2	2	1.62184
7	5	2	2	1.61457
7	5	2	2	1.47142
7	5	2	2	1.45033
7	5	2	2	1.45342
11	6	2	4	1.44689
18	10	4	5	0
19	11	5	0	0.688457
1	1	0	1	1.54028
4	3	1	1	0.951949
6	4	1	3	1.42246
15	8	3	5	0.518679
20	11	5	0	1.55041
1	1	0	1	1.61411
4	3	1	1	0.341523
3	3	1	1	0
6	4	1	3	1.52549
15	8	3	5	0.853104
20	11	5	0	1.51783
2	2	0	2	1.61088
12	6	2	4	1.61736
17	9	4	3	1.60549
16	8	3	5	0
20	11	5	0	1.48039
1	1	0	1	1.60064
4	3	1	1	0.350833
6	4	1	3	1.4353
15	8	3	5	0.52002
20	11	5	0	1.55037
1	1	0	1	1.61418
5	4	1	3	1.05622
13	7	3	2	0.594414
10	6	2	4	2.11984
17	9	4	3	1.35146
16	8	3	5	0
20	11	5	0	1.5264
2	2	0	2	1.5965
12	6	2	4	1.60519
18	10	4	5	0.294057
19	11	5	0	0.320402
2	2	0	2	1.52482
8	5	2	2	1.67277
7	5	2	2	1.60532
7	5	2	2	1.46039
7	5	2	2	1.45768
7	5	2	2	1.45338
11	6	2	4	1.44688
17	9	4	3	1.51983
16	8	3	5	0
20	11	5	0	1.54496
1	1	0	1	1.59874
5	4	1	3	1.26222
13	7	3	2	0.589734
10	6	2	4	2.12442
17	9	4	3	1.35015
16	8	3	5	0
20	11	5	0	1.52637
1	1	0	1	1.59649
4	3	1	1	0.362896
6	4	1	3	1.42601
15	8	3	5	0.518119
20	11	5	0	1.55039
1	1	0	1	1.61407
5	4	1	3	1.0556
13	7	3	2	0.59441
10	6	2	4	2.1198
18	10	4	5	0
19	11	5	0	0.340819
2	2	0	2	1.52831
12	6	2	4	1.6649
18	10	4	5	0.329468
19	11	5	0	0.305151
1	1	0	1	1.52458
4	3	1	1	1.15884
6	4	1	3	1.42592
15	8	3	5	0.517848
20	11	5	0	1.5504
1	1	0	1	1.61407
5	4	1	3	1.05558
15	8	3	5	0.291796
20	11	5	0	1.56022
2	2	0	2	1.61447
12	6	2	4	1.61893
17	9	4	3	1.60435
16	8	3	5	0
20	11	5	0	1.4802
1	1	0	1	1.60064
4	3	1	1	0.350777
3	3	1	1	0
3	3	1	1	0
6	4	1	3	1.5456
15	8	3	5	0.524398
20	11	5	0	1.53393
1	1	0	1	1.61083
4	3	1	1	0.342819
3	3	1	1	0
3	3	1	1	0
3	3	1	1	0
3	3	1	1	0
6	4	1	3	1.59
13	7	3	2	0.441622
10	6	2	4	1.92595
17	9	4	3	1.36047
16	8	3	5	0
20	11	5	0	1.52712
1	1	0	1	1.59652
5	4	1	3	1.20491
15	8	3	5	0.351687
20	11	5	0	1.56075
1	1	0	1	1.61488
4	3	1	1	0.312072
6	4	1	3	1.44346
13	7	3	2	0.565847
10	6	2	4	1.96703
17	9	4	3	1.35933
16	8	3	5	0
20	11	5	0	1.52777
1	1	0	1	1.59653
4	3	1	1	0.362912
6	4	1	3	1.42568
15	8	3	5	0.518097
20	11	5	0	1.55039
2	2	0	2	1.61407
8	5	2	2	1.63068
11	6	2	4	1.60459
18	10	4	5	0
19	11	5	0	0.669073
1	1	0	1	1.53833
5	4	1	3	0.340696
13	7	3	2	0.552638
10	6	2	4	2.11205
17	9	4	3	1.35599
14	7	3	2	1.56859
9	5	2	2	2.15031
11	6	2	4	0.759178
17	9	4	3	1.54494
14	7	3	2	1.55959
10	6	2	4	2.15453
17	9	4	3	1.61066
16	8	3	5	0
20	11	5	0	1.51744
1	1	0	1	1.59721
5	4	1	3	1.15862
13	7	3	2	0.586861
9	5	2	2	2.14277
7	5	2	2	1.5815
7	5	2	2	1.47536
7	5	2	2	1.46506
11	6	2	4	1.44979
17	9	4	3	1.52092
14	7	3	2	1.5616
10	6	2	4	2.15294
17	9	4	3	1.61133
14	7	3	2	1.56345
10	6	2	4	2.17027
17	9	4	3	1.64183
14	7	3	2	1.56075
10	6	2	4	2.17
17	9	4	3	1.63839
14	7	3	2	1.56103
10	6	2	4	2.1697
18	10	4	5	0.313598
19	11	5	0	0.334022
2	2	0	2	1.52642
12	6	2	4	1.66443
17	9	4	3	1.66134
16	8	3	5	0
20	11	5	0	1.49843
2	2	0	2	1.5921
12	6	2	4	1.60412
17	9	4	3	1.59986
16	8	3	5	0
20	11	5	0	1.47866
1	1	0	1	1.60068
4	3	1	1	0.350319
6	4	1	3	1.43557
13	7	3	2	0.566328
10	6	2	4	1.96666
17	9	4	3	1.35929
14	7	3	2	1.57061
10	6	2	4	2.14848
17	9	4	3	1.65949
16	8	3	5	0
20	11	5	0	1.51992
1	1	0	1	1.59696
4	3	1	1	0.362224
6	4	1	3	1.42823
15	8	3	5	0.51835
20	11	5	0	1.55038
1	1	0	1	1.61408
5	4	1	3	1.05567
13	7	3	2	0.59441
10	6	2	4	2.1198
17	9	4	3	1.35147
16	8	3	5	0
20	11	5	0	1.5264
2	2	0	2	1.5965
8	5	2	2	1.62022
7	5	2	2	1.61525
7	5	2	2	1.47171
7	5	2	2	1.44833
11	6	2	4	1.45349
17	9	4	3	1.52207
16	8	3	5	0
20	11	5	0	1.54508
1	1	0	1	1.59872
4	3	1	1	0.353435
3	3	1	1	0
3	3	1	1	0
6	4	1	3	1.54547
13	7	3	2	0.534419
10	6	2	4	1.94701
18	10	4	5	0
19	11	5	0	0.341885
2	2	0	2	1.52895
12	6	2	4	1.66509
18	10	4	5	0.329455
19	11	5	0	0.305099
1	1	0	1	1.52459
4	3	1	1	1.15896
3	3	1	1	0
6	4	1	3	1.51786
15	8	3	5	0.559192
20	11	5	0	1.5164
2	2	0	2	1.61069
12	6	2	4	1.61704
18	10	4	5	0.296241
19	11	5	0	0.322082
2	2	0	2	1.52543
12	6	2	4	1.6641
17	9	4	3	1.66162
14	7	3	2	1.59044
9	5	2	2	2.15233
11	6	2	4	1.0072
18	10	4	5	0
19	11	5	0	0.683186
2	2	0	2	1.53819
8	5	2	2	1.67224
7	5	2	2	1.60338
11	6	2	4	1.46007
18	10	4	5	0
19	11	5	0	0.690321
1	1	0	1	1.53958
4	3	1	1	0.952661
3	3	1	1	0
3	3	1	1	0
6	4	1	3	1.54613
15	8	3	5	0.525902
20	11	5	0	1.53368
1	1	0	1	1.6108
4	3	1	1	0.342952
3	3	1	1	0
3	3	1	1	0
6	4	1	3	1.5448
13	7	3	2	0.534887
10	6	2	4	1.94708
18	10	4	5	0
19	11	5	0	0.341887
1	1	0	1	1.52894
4	3	1	1	0.968841
3	3	1	1	0
3	3	1	1	0
6	4	1	3	1.54612
15	8	3	5	0.526152
20	11	5	0	1.53365
2	2	0	2	1.6108
12	6	2	4	1.61608
18	10	4	5	0.296437
19	11	5	0	0.322159
2	2	0	2	1.52544
8	5	2	2	1.67284
11	6	2	4	1.5772
17	9	4	3	1.55382
16	8	3	5	0
20	11	5	0	1.54658
2	2	0	2	1.59823
8	5	2	2	1.62184
11	6	2	4	1.60454
17	9	4	3	1.55252
16	8	3	5	0
20	11	5	0	1.54653
2	2	0	2	1.59825
8	5	2	2	1.62184
11	6	2	4	1.60448
18	10	4	5	0
19	11	5	0	0.667672
1	1	0	1	1.53837
5	4	1	3	0.340678
15	8	3	5	0.294405
20	11	5	0	1.54408
2	2	0	2	1.61308
12	6	2	4	1.61769
18	10	4	5	0.295963
19	11	5	0	0.32209
1	1	0	1	1.52543
5	4	1	3	0.34606
15	8	3	5	0.305138
20	11	5	0	1.54277
1	1	0	1	1.61313
4	3	1	1	0.33178
3	3	1	1	0
6	4	1	3	1.52682
15	8	3	5	0.85443
20	11	5	0	1.51795
1	1	0	1	1.61093
5	4	1	3	1.00388
13	7	3	2	0.595808
10	6	2	4	2.11597
17	9	4	3	1.35176
14	7	3	2	1.56849
10	6	2	4	2.1499
18	10	4	5	0.327314
19	11	5	0	0.33322
2	2	0	2	1.52645
8	5	2	2	1.67294
7	5	2	2	1.6056
11	6	2	4	1.46034
18	10	4	5	0
19	11	5	0	0.690386
1	1	0	1	1.53957
4	3	1	1	0.952652
6	4	1	3	1.42239
15	8	3	5	0.518646
20	11	5	0	1.55041
2	2	0	2	1.6141
12	6	2	4	1.61626
17	9	4	3	1.60591
16	8	3	5	0
20	11	5	0	1.48049
1	1	0	1	1.60064
5	4	1	3	1.11037
13	7	3	2	0.592432
9	5	2	2	2.14159
7	5	2	2	1.5826
7	5	2	2	1.47597
7	5	2	2	1.46522
11	6	2	4	1.44984
17	9	4	3	1.52095
16	8	3	5	0
20	11	5	0	1.54501
2	2	0	2	1.59873
8	5	2	2	1.62187
7	5	2	2	1.61436
11	6	2	4	1.4714
17	9	4	3	1.52694
14	7	3	2	1.56118
10	6	2	4	2.15313
17	9	4	3	1.61111
16	8	3	5	0
20	11	5	0	1.51736
1	1	0	1	1.59871
4	3	1	1	0.360197
3	3	1	1	0
6	4	1	3	1.5218
13	7	3	2	0
10	6	2	4	1.92964
17	9	4	3	1.37023
14	7	3	2	1.57154
10	6	2	4	2.13723
17	9	4	3	1.65457
14	7	3	2	1.5679
10	6	2	4	2.14955
17	9	4	3	1.64199
14	7	3	2	1.56801
9	5	2	2	2.15247
11	6	2	4	0.959723
18	10	4	5	0
19	11	5	0	0.683695
1	1	0	1	1.53816
4	3	1	1	0.951714
3	3	1	1	0
6	4	1	3	1.51752
15	8	3	5	0.559128
20	11	5	0	1.5165
1	1	0	1	1.6107
5	4	1	3	1.00316
13	7	3	2	0.595751
10	6	2	4	2.11593
17	9	4	3	1.35176
16	8	3	5	0
20	11	5	0	1.52643
2	2	0	2	1.59649
8	5	2	2	1.62021
7	5	2	2	1.61525
11	6	2	4	1.47171
17	9	4	3	1.52703
14	7	3	2	1.56117
10	6	2	4	2.15314
18	10	4	5	0.285459
19	11	5	0	0.331896
1	1	0	1	1.52679
5	4	1	3	0.338976
13	7	3	2	0.547552
9	5	2	2	2.13295
11	6	2	4	1.02842
18	10	4	5	0
19	11	5	0	0.687903
1	1	0	1	1.53841
5	4	1	3	0.340521
13	7	3	2	0.552606
10	6	2	4	2.11207
18	10	4	5	0
19	11	5	0	0.340488
2	2	0	2	1.52833
12	6	2	4	1.66492
18	10	4	5	0.329496
19	11	5	0	0.305132
2	2	0	2	1.52459
12	6	2	4	1.66309
17	9	4	3	1.66145
14	7	3	2	1.59011
10	6	2	4	2.15304
17	9	4	3	1.64339
16	8	3	5	0
20	11	5	0	1.52434
2	2	0	2	1.59652
12	6	2	4	1.60519
17	9	4	3	1.59824
16	8	3	5	0
20	11	5	0	1.47804
1	1	0	1	1.60126
5	4	1	3	1.10942
13	7	3	2	0.592664
9	5	2	2	2.14155
11	6	2	4	1.21607
17	9	4	3	1.54614
14	7	3	2	1.55996
9	5	2	2	2.15441
11	6	2	4	0.878183
18	10	4	5	0
19	11	5	0	0.683846
1	1	0	1	1.53812
4	3	1	1	0.951636
6	4	1	3	1.42216
13	7	3	2	0.565863
9	5	2	2	2.06901
7	5	2	2	1.38248
7	5	2	2	1.47775
7	5	2	2	1.46645
11	6	2	4	1.45128
18	10	4	5	0
19	11	5	0	0.688889
1	1	0	1	1.53969
4	3	1	1	0.952285
3	3	1	1	0
6	4	1	3	1.51766
15	8	3	5	0.559105
20	11	5	0	1.5165
2	2	0	2	1.6107
12	6	2	4	1.61704
18	10	4	5	0.29624
19	11	5	0	0.322083
1	1	0	1	1.52543
5	4	1	3	0.344793
13	7	3	2	0.547694
10	6	2	4	2.11373
18	10	4	5	0
19	11	5	0	0.340461
1	1	0	1	1.52832
5	4	1	3	0.337328
13	7	3	2	0.54723
10	6	2	4	2.1139
18	10	4	5	0
19	11	5	0	0.340459
2	2	0	2	1.52832
12	6	2	4	1.66492
18	10	4	5	0.329499
19	11	5	0	0.305135
1	1	0	1	1.52459
4	3	1	1	1.15889
6	4	1	3	1.42593
13	7	3	2	0.566382
10	6	2	4	1.96607
17	9	4	3	1.35936
16	8	3	5	0
20	11	5	0	1.52748
2	2	0	2	1.59652
8	5	2	2	1.62019
7	5	2	2	1.61511
7	5	2	2	1.4717
11	6	2	4	1.44833
17	9	4	3	1.52875
14	7	3	2	1.56033
9	5	2	2	2.15401
7	5	2	2	1.3554
11	6	2	4	1.46201
17	9	4	3	1.53008
14	7	3	2	1.56008
10	6	2	4	2.15382
17	9	4	3	1.61092
14	7	3	2	1.5635
10	6	2	4	2.17008
17	9	4	3	1.64195
14	7	3	2	1.56073
10	6	2	4	2.17001
17	9	4	3	1.63837
14	7	3	2	1.56103
9	5	2	2	2.17051
11	6	2	4	0.937216
18	10	4	5	0
19	11	5	0	0.683744
1	1	0	1	1.53815
5	4	1	3	0.340738
15	8	3	5	0.294423
20	11	5	0	1.54406
2	2	0	2	1.61308
8	5	2	2	1.63153
11	6	2	4	1.60443
18	10	4	5	0
19	11	5	0	0.669042
2	2	0	2	1.53833
12	6	2	4	1.66404
17	9	4	3	1.65436
14	7	3	2	1.5889
10	6	2	4	2.1565
18	10	4	5	0.341262
19	11	5	0	0.333442
1	1	0	1	1.52575
5	4	1	3	0.342654
13	7	3	2	0.547785
10	6	2	4	2.11369
18	10	4	5	0
19	11	5	0	0.340462
1	1	0	1	1.52832
5	4	1	3	0.337327
13	7	3	2	0.547232
9	5	2	2	2.13308
7	5	2	2	1.33485
7	5	2	2	1.47907
7	5	2	2	1.46634
11	6	2	4	1.4502
18	10	4	5	0
19	11	5	0	0.68878
2	2	0	2	1.53974
12	6	2	4	1.66457
18	10	4	5	0.325842
19	11	5	0	0.317222
2	2	0	2	1.52881
8	5	2	2	1.67214
11	6	2	4	1.57518
17	9	4	3	1.55384
14	7	3	2	1.55505
9	5	2	2	2.15534
11	6	2	4	0.878867
17	9	4	3	1.54548
16	8	3	5	0
20	11	5	0	1.54608
1	1	0	1	1.59838
4	3	1	1	0.35385
6	4	1	3	1.42444
13	7	3	2	0.566188
9	5	2	2	2.06907
11	6	2	4	1.57923
18	10	4	5	0
19	11	5	0	0.688631
1	1	0	1	1.53859
4	3	1	1	0.950878
3	3	1	1	0
3	3	1	1	0
3	3	1	1	0
6	4	1	3	1.58904
15	8	3	5	0.54572
20	11	5	0	1.51635
2	2	0	2	1.61005
8	5	2	2	1.63077
11	6	2	4	1.60439
18	10	4	5	0
19	11	5	0	0.669086
1	1	0	1	1.53833
4	3	1	1	0.953037
3	3	1	1	0
3	3	1	1	0
6	4	1	3	1.54619
13	7	3	2	0.534365
9	5	2	2	2.06457
7	5	2	2	1.63486
7	5	2	2	1.47751
7	5	2	2	1.46628
7	5	2	2	1.4512
11	6	2	4	1.45084
18	10	4	5	0
19	11	5	0	0.688807
1	1	0	1	1.54014
4	3	1	1	0.951876
6	4	1	3	1.42244
13	7	3	2	0.565844
9	5	2	2	2.06902
11	6	2	4	1.32958
17	9	4	3	1.54819
14	7	3	2	1.55642
10	6	2	4	2.15461
17	9	4	3	1.60992
14	7	3	2	1.56362
9	5	2	2	2.17054
7	5	2	2	1.35336
7	5	2	2	1.46074
11	6	2	4	1.4555
18	10	4	5	0
19	11	5	0	0.689235
2	2	0	2	1.53998
8	5	2	2	1.67277
11	6	2	4	1.57812
18	10	4	5	0
19	11	5	0	0.666747
1	1	0	1	1.53818
5	4	1	3	0.340819
13	7	3	2	0.552619
10	6	2	4	2.11206
18	10	4	5	0
19	11	5	0	0.340488
2	2	0	2	1.52833
8	5	2	2	1.67351
7	5	2	2	1.60675
11	6	2	4	1.46027
18	10	4	5	0
19	11	5	0	0.690375
2	2	0	2	1.53957
8	5	2	2	1.67267
11	6	2	4	1.57793
17	9	4	3	1.55377
14	7	3	2	1.555
10	6	2	4	2.155
17	9	4	3	1.60982
14	7	3	2	1.56364
9	5	2	2	2.17048
11	6	2	4	0.941984
17	9	4	3	1.54552
14	7	3	2	1.55858
10	6	2	4	2.15483
17	9	4	3	1.61054
14	7	3	2	1.56356
9	5	2	2	2.1707
7	5	2	2	1.35335
11	6	2	4	1.46075
18	10	4	5	0
19	11	5	0	0.688752
1	1	0	1	1.5393
4	3	1	1	0.952155
3	3	1	1	0
6	4	1	3	1.51762
15	8	3	5	0.559111
20	11	5	0	1.5165
1	1	0	1	1.6107
4	3	1	1	0.337106
6	4	1	3	1.44704
13	7	3	2	0.566197
10	6	2	4	1.9672
17	9	4	3	1.35922
16	8	3	5	0
20	11	5	0	1.52776
1	1	0	1	1.59653
5	4	1	3	1.20554
13	7	3	2	0.585997
9	5	2	2	2.14028
7	5	2	2	1.58102
7	5	2	2	1.47429
7	5	2	2	1.46475
7	5	2	2	1.44969
11	6	2	4	1.44568
18	10	4	5	0
19	11	5	0	0.688349
1	1	0	1	1.54033
4	3	1	1	0.951979
6	4	1	3	1.42247
13	7	3	2	0.565844
10	6	2	4	1.96579
18	10	4	5	0
19	11	5	0	0.341905
1	1	0	1	1.52877
5	4	1	3	0.336841
13	7	3	2	0.547104
9	5	2	2	2.13312
7	5	2	2	1.33485
7	5	2	2	1.47908
11	6	2	4	1.46635
18	10	4	5	0
19	11	5	0	0.691101
1	1	0	1	1.53971
4	3	1	1	0.952146
3	3	1	1	0
6	4	1	3	1.51767
13	7	3	2	0.324282
10	6	2	4	1.93064
18	10	4	5	0
19	11	5	0	0.341722
1	1	0	1	1.52954
5	4	1	3	0.336229
13	7	3	2	0.547086
9	5	2	2	2.13315
7	5	2	2	1.33489
7	5	2	2	1.4791
7	5	2	2	1.46636
7	5	2	2	1.4502
7	5	2	2	1.45043
7	5	2	2	1.44574
7	5	2	2	1.43357
11	6	2	4	1.43361
17	9	4	3	1.51887
16	8	3	5	0
20	11	5	0	1.54493
1	1	0	1	1.59875
4	3	1	1	0.353102
3	3	1	1	0
6	4	1	3	1.52111
13	7	3	2	0.317722
10	6	2	4	1.92985
18	10	4	5	0
19	11	5	0	0.341721
1	1	0	1	1.52955
4	3	1	1	0.963979
3	3	1	1	0
3	3	1	1	0
3	3	1	1	0
6	4	1	3	1.58909
13	7	3	2	0.436154
9	5	2	2	2.0623
11	6	2	4	1.34982
17	9	4	3	1.54835
14	7	3	2	1.55633
9	5	2	2	2.15492
7	5	2	2	1.35483
11	6	2	4	1.46217
18	10	4	5	0
19	11	5	0	0.688581
1	1	0	1	1.53933
4	3	1	1	0.952178
6	4	1	3	1.42231
13	7	3	2	0.565851
9	5	2	2	2.06901
7	5	2	2	1.38247
11	6	2	4	1.47774
17	9	4	3	1.53422
14	7	3	2	1.55938
10	6	2	4	2.15412
17	9	4	3	1.61061
16	8	3	5	0
20	11	5	0	1.51742
1	1	0	1	1.59721
5	4	1	3	1.1585
13	7	3	2	0.586864
9	5	2	2	2.14277
11	6	2	4	1.19505
17	9	4	3	1.54608
16	8	3	5	0
20	11	5	0	1.54581
1	1	0	1	1.59837
4	3	1	1	0.353793
3	3	1	1	0
3	3	1	1	0
6	4	1	3	1.54555
13	7	3	2	0.53443
10	6	2	4	1.94699
17	9	4	3	1.35731
14	7	3	2	1.56988
10	6	2	4	2.14886
17	9	4	3	1.65944
16	8	3	5	0
20	11	5	0	1.51991
1	1	0	1	1.59696
4	3	1	1	0.362223
3	3	1	1	0
3	3	1	1	0
3	3	1	1	0
6	4	1	3	1.58895
13	7	3	2	0.431349
9	5	2	2	2.06232
11	6	2	4	1.35092
18	10	4	5	0
19	11	5	0	0.68921
1	1	0	1	1.53876
4	3	1	1	0.950763
3	3	1	1	0
6	4	1	3	1.51758
15	8	3	5	0.559115
20	11	5	0	1.5165
1	1	0	1	1.6107
5	4	1	3	1.00316
13	7	3	2	0.595751
10	6	2	4	2.11593
17	9	4	3	1.35176
14	7	3	2	1.56849
9	5	2	2	2.15042
7	5	2	2	1.31889
7	5	2	2	1.45142
11	6	2	4	1.45241
18	10	4	5	0
19	11	5	0	0.688925
2	2	0	2	1.54009
8	5	2	2	1.6728
7	5	2	2	1.6048
11	6	2	4	1.46003
18	10	4	5	0
19	11	5	0	0.690316
2	2	0	2	1.53958
8	5	2	2	1.67268
7	5	2	2	1.60458
11	6	2	4	1.46004
17	9	4	3	1.52651
16	8	3	5	0
20	11	5	0	1.54503
2	2	0	2	1.59866
12	6	2	4	1.60889
17	9	4	3	1.59582
16	8	3	5	0
20	11	5	0	1.47756
1	1	0	1	1.60127
5	4	1	3	1.10862
13	7	3	2	0.592688
9	5	2	2	2.14152
11	6	2	4	1.21646
18	10	4	5	0
19	11	5	0	0.687872
2	2	0	2	1.53837
12	6	2	4	1.66412
17	9	4	3	1.6545
16	8	3	5	0
20	11	5	0	1.49743
2	2	0	2	1.59451
12	6	2	4	1.61077
18	10	4	5	0.293736
19	11	5	0	0.321056
1	1	0	1	1.52503
4	3	1	1	1.01221
3	3	1	1	0
6	4	1	3	1.51673
13	7	3	2	0.326594
10	6	2	4	1.93083
17	9	4	3	1.36983
16	8	3	5	0
20	11	5	0	1.5268
2	2	0	2	1.59656
8	5	2	2	1.62024
11	6	2	4	1.60381
17	9	4	3	1.55253
14	7	3	2	1.55524
9	5	2	2	2.15531
11	6	2	4	0.878838
17	9	4	3	1.54548
16	8	3	5	0
20	11	5	0	1.54608
1	1	0	1	1.59838
4	3	1	1	0.353848
3	3	1	1	0
3	3	1	1	0
3	3	1	1	0
6	4	1	3	1.5891
15	8	3	5	0.545883
20	11	5	0	1.51619
2	2	0	2	1.61005
12	6	2	4	1.61636
17	9	4	3	1.60594
14	7	3	2	1.56874
9	5	2	2	2.15862
11	6	2	4	0.938372
18	10	4	5	0
19	11	5	0	0.68333
2	2	0	2	1.53816
12	6	2	4	1.66405
17	9	4	3	1.65432
16	8	3	5	0
20	11	5	0	1.49743
2	2	0	2	1.59451
8	5	2	2	1.62643
11	6	2	4	1.60557
18	10	4	5	0
19	11	5	0	0.668077
2	2	0	2	1.53836
12	6	2	4	1.66404
17	9	4	3	1.65438
14	7	3	2	1.58891
9	5	2	2	2.15703
11	6	2	4	1.00147
17	9	4	3	1.54552
16	8	3	5	0
20	11	5	0	1.54614
2	2	0	2	1.59837
12	6	2	4	1.60852
18	10	4	5	0.292973
19	11	5	0	0.320137
2	2	0	2	1.52822
12	6	2	4	1.66398
18	10	4	5	0.329752
19	11	5	0	0.305318
1	1	0	1	1.52456
5	4	1	3	0.354046
13	7	3	2	0.557493
10	6	2	4	2.11065
18	10	4	5	0
19	11	5	0	0.340515
1	1	0	1	1.52833
4	3	1	1	0.971938
6	4	1	3	1.41979
13	7	3	2	0.571105
9	5	2	2	2.06904
7	5	2	2	1.38255
7	5	2	2	1.47776
11	6	2	4	1.46646
18	10	4	5	0
19	11	5	0	0.691524
2	2	0	2	1.53958
12	6	2	4	1.66454
18	10	4	5	0.325833
19	11	5	0	0.317225
1	1	0	1	1.52881
5	4	1	3	0.354433
15	8	3	5	0.286941
20	11	5	0	1.54581
1	1	0	1	1.6131
5	4	1	3	1.04122
15	8	3	5	0.278098
20	11	5	0	1.5602
1	1	0	1	1.61442
4	3	1	1	0.314301
6	4	1	3	1.44353
15	8	3	5	0.522377
20	11	5	0	1.55036
2	2	0	2	1.61429
12	6	2	4	1.61645
18	10	4	5	0.296298
19	11	5	0	0.322138
1	1	0	1	1.52544
5	4	1	3	0.344784
13	7	3	2	0.547694
10	6	2	4	2.11373
18	10	4	5	0
19	11	5	0	0.34046
2	2	0	2	1.52832
8	5	2	2	1.67351
11	6	2	4	1.57888
18	10	4	5	0
19	11	5	0	0.666956
2	2	0	2	1.53817
8	5	2	2	1.67218
11	6	2	4	1.5766
17	9	4	3	1.55376
14	7	3	2	1.555
10	6	2	4	2.155
18	10	4	5	0.284092
19	11	5	0	0.33193
2	2	0	2	1.52684
8	5	2	2	1.67314
7	5	2	2	1.60592
11	6	2	4	1.46033
17	9	4	3	1.52657
16	8	3	5	0
20	11	5	0	1.54504
2	2	0	2	1.59866
8	5	2	2	1.62184
7	5	2	2	1.61455
11	6	2	4	1.47141
18	10	4	5	0
19	11	5	0	0.690439
2	2	0	2	1.53951
12	6	2	4	1.66453
18	10	4	5	0.325819
19	11	5	0	0.317228
1	1	0	1	1.52881
5	4	1	3	0.354434
15	8	3	5	0.286939
20	11	5	0	1.54581
1	1	0	1	1.6131
5	4	1	3	1.04122
15	8	3	5	0.278099
20	11	5	0	1.5602
1	1	0	1	1.61442
4	3	1	1	0.3143
6	4	1	3	1.44353
13	7	3	2	0.565847
9	5	2	2	2.0691
11	6	2	4	1.57905
17	9	4	3	1.54818
16	8	3	5	0
20	11	5	0	1.54615
2	2	0	2	1.59827
12	6	2	4	1.60839
17	9	4	3	1.59631
16	8	3	5	0
20	11	5	0	1.47771
1	1	0	1	1.60127
4	3	1	1	0.345149
6	4	1	3	1.436
13	7	3	2	0.566263
10	6	2	4	1.96669
17	9	4	3	1.3593
14	7	3	2	1.57062
10	6	2	4	2.14847
17	9	4	3	1.6595
14	7	3	2	1.56775
9	5	2	2	2.15057
11	6	2	4	0.961145
18	10	4	5	0
19	11	5	0	0.683718
2	2	0	2	1.53816
12	6	2	4	1.66405
18	10	4	5	0.325668
19	11	5	0	0.317276
2	2	0	2	1.52877
8	5	2	2	1.67213
11	6	2	4	1.57517
17	9	4	3	1.55384
14	7	3	2	1.55505
10	6	2	4	2.155
18	10	4	5	0.284097
19	11	5	0	0.331928
1	1	0	1	1.52684
4	3	1	1	0.992192
3	3	1	1	0
3	3	1	1	0
6	4	1	3	1.54635
13	7	3	2	0.534349
10	6	2	4	1.94685
18	10	4	5	0
19	11	5	0	0.341885
2	2	0	2	1.52895
12	6	2	4	1.66509
18	10	4	5	0.329454
19	11	5	0	0.305102
2	2	0	2	1.52459
12	6	2	4	1.66309
17	9	4	3	1.66146
14	7	3	2	1.59011
10	6	2	4	2.15304
18	10	4	5	0.342636
19	11	5	0	0.333477
2	2	0	2	1.52577
8	5	2	2	1.67285
7	5	2	2	1.60543
11	6	2	4	1.46036
18	10	4	5	0
19	11	5	0	0.690385
2	2	0	2	1.53957
12	6	2	4	1.66454
17	9	4	3	1.65474
14	7	3	2	1.58902
9	5	2	2	2.1566
7	5	2	2	1.35237
11	6	2	4	1.46084
17	9	4	3	1.53028
14	7	3	2	1.56004
9	5	2	2	2.15417
7	5	2	2	1.35534
11	6	2	4	1.46203
17	9	4	3	1.53008
14	7	3	2	1.56008
10	6	2	4	2.15382
17	9	4	3	1.61092
14	7	3	2	1.5635
10	6	2	4	2.17008
17	9	4	3	1.64195
16	8	3	5	0
20	11	5	0	1.51963
2	2	0	2	1.60078
12	6	2	4	1.61388
17	9	4	3	1.59626
16	8	3	5	0
20	11	5	0	1.47803
2	2	0	2	1.60126
8	5	2	2	1.62902
11	6	2	4	1.60236
18	10	4	5	0
19	11	5	0	0.668094
1	1	0	1	1.53836
5	4	1	3	0.340684
13	7	3	2	0.55265
10	6	2	4	2.11205
18	10	4	5	0
19	11	5	0	0.340488
2	2	0	2	1.52833
8	5	2	2	1.67351
7	5	2	2	1.60675
7	5	2	2	1.46027
11	6	2	4	1.45767
18	10	4	5	0
19	11	5	0	0.688774
2	2	0	2	1.53948
12	6	2	4	1.66451
17	9	4	3	1.65473
16	8	3	5	0
20	11	5	0	1.49746
2	2	0	2	1.59225
12	6	2	4	1.60426
17	9	4	3	1.59983
16	8	3	5	0
20	11	5	0	1.47869
1	1	0	1	1.60068
4	3	1	1	0.35032
3	3	1	1	0
6	4	1	3	1.52815
15	8	3	5	0.851183
20	11	5	0	1.51625
1	1	0	1	1.61081
5	4	1	3	1.00347
13	7	3	2	0.595784
9	5	2	2	2.1373
11	6	2	4	1.27359
18	10	4	5	0
19	11	5	0	0.687838
1	1	0	1	1.53839
4	3	1	1	0.950523
6	4	1	3	1.42213
15	8	3	5	0.518585
20	11	5	0	1.55041
2	2	0	2	1.6141
8	5	2	2	1.63069
7	5	2	2	1.61977
11	6	2	4	1.4716
18	10	4	5	0
19	11	5	0	0.690556
