0	0	1.05578	2540	0	26.3077	24.64	22.46
0	1	0.896922	2569	0	26.3221	24.03	22.1
0	2	0.721584	2442	0	26.463	24.21	22.12
0	3	0.637113	2239	0	26.5802	25.05	22.46
0	4	0.606279	2187	0	26.697	24.7	22.26
0	5	0.584192	2192	0	26.7502	24.29	22.02
0	6	0.564877	2215	0	26.8116	24.29	22.04
0	7	0.545288	2220	0	26.8825	24.34	22.08
0	8	0.526245	2232	0	26.9346	24.44	22.17
0	9	0.510903	2250	0	26.9684	24.58	22.24
0	10	0.495416	2229	0	27.0165	24.53	22.25
0	11	0.481223	2195	0	27.0435	24.3	22.14
0	12	0.470774	2185	0	27.0924	24.47	22.21
0	13	0.462095	2177	0	27.1614	25.05	22.59
0	14	0.45419	2176	0	27.2182	24.58	22.31
0	15	0.444995	2180	0	27.2631	24.48	22.24
0	16	0.437095	2177	0	27.3178	24.64	22.36
0	17	0.428857	2168	0	27.3728	24.5	22.31
0	18	0.423141	2168	0	27.418	24.99	22.62
0	19	0.419092	2179	0	27.4835	24.71	22.44
0	20	0.414736	2189	0	27.5381	24.78	22.53
0	21	0.410108	2192	0	27.5949	24.76	22.51
0	22	0.405958	2196	0	27.6607	24.78	22.5
0	23	0.400767	2193	0	27.7214	25.05	22.67
0	24	0.397339	2202	0	27.7872	24.77	22.52
0	25	0.393103	2200	0	27.8533	24.84	22.59
0	26	0.3895	2195	0	27.9144	24.92	22.64
0	27	0.386379	2197	0	27.9892	24.85	22.6
0	28	0.382559	2197	0	28.0604	25.35	22.87
0	29	0.380299	2197	0	28.1183	24.99	22.72
0	30	0.378342	2199	0	28.1747	25	22.74
0	31	0.37632	2204	0	28.243	25.03	22.78
0	32	0.374275	2202	0	28.298	24.98	22.71
0	33	0.372558	2206	0	28.3573	25.49	23.03
0	34	0.370287	2211	0	28.4144	25.01	22.79
0	35	0.368126	2212	0	28.4817	25.62	23.12
0	36	0.366155	2213	0	28.5388	26.15	23.47
0	37	0.364479	2211	0	28.6226	27.18	23.74
0	38	0.361831	2215	0	28.6819	25.6	23.06
0	39	0.359996	2219	0	28.7451	25.12	22.88
0	40	0.358714	2220	0	28.8127	25.32	23.03
0	41	0.356735	2207	0	28.8659	25.17	22.95
0	42	0.35557	2204	0	28.9594	25.07	22.94
0	43	0.35467	2205	0	29.0356	24.15	22.43
0	44	0.352677	2199	0	29.1104	24.2	22.49
0	45	0.352905	2202	0	29.1894	24.16	22.44
0	46	0.351966	2201	0	29.2523	24.28	22.54
0	47	0.35001	2192	0	29.3318	24.57	22.78
0	48	0.349817	2196	0	29.3893	24.31	22.58
0	49	0.348454	2199	0	29.4648	24.37	22.63
0	50	0.346847	2185	0	29.5363	24.34	22.6
0	51	0.346366	2182	0	29.5917	24.32	22.59
0	52	0.346151	2178	0	29.6833	24.7	22.91
0	53	0.34503	2172	0	29.7459	24.47	22.75
0	54	0.344055	2171	0	29.8314	24.5	22.74
0	55	0.344514	2173	0	29.9076	24.52	22.8
0	56	0.343639	2170	0	29.9615	24.64	22.88
0	57	0.342675	2170	0	30.0399	24.96	23.13
0	58	0.343215	2172	0	30.0985	24.64	22.89
0	59	0.343134	2165	0	30.1747	24.65	22.9
0	60	0.342117	2158	0	30.2423	24.68	22.92
0	61	0.341713	2157	0	30.3142	24.96	23.13
0	62	0.342106	2144	0	30.3774	24.95	23.17
0	63	0.342403	2143	0	30.4709	24.85	23.09
0	64	0.340286	2136	0	30.5446	24.9	23.12
0	65	0.339774	2127	0	30.6082	24.92	23.15
0	66	0.339826	2119	0	30.6963	25.12	23.3
0	67	0.340845	2119	0	30.757	25	23.21
0	68	0.340934	2110	0	30.8361	25	23.22
0	69	0.340897	2105	0	30.9234	25.19	23.36
0	70	0.340755	2102	0	30.986	24.96	23.19
0	71	0.339733	2093	0	31.0697	25.43	23.57
0	72	0.340216	2093	0	31.1413	25.08	23.3
0	73	0.340058	2084	0	31.2502	25.12	23.35
0	74	0.340658	2081	0	31.3156	25.27	23.47
0	75	0.340382	2080	0	31.4173	25.22	23.43
0	76	0.339971	2071	0	31.4777	25.58	23.7
0	77	0.341255	2068	0	31.5341	25.3	23.51
0	78	0.342307	2070	0	31.6348	25.41	23.6
0	79	0.343783	2071	0	31.6786	21.29	23.59
0	80	0.34316	2061	0	31.7401	25.58	23.74
0	81	0.342734	2063	0	31.8102	25.68	23.83
0	82	0.342682	2061	0	31.8724	25.43	23.63
0	83	0.341789	2064	0	31.9968	25.46	23.65
0	84	0.341914	2059	0	32.06	25.68	23.84
0	85	0.341597	2057	0	32.151	26.05	24.16
0	86	0.34122	2055	0	32.2455	25.83	23.99
0	87	0.340972	2050	0	32.3152	25.7	23.89
0	88	0.342692	2046	0	32.3523	25.8	23.96
0	89	0.343442	2046	0	32.3947	25.78	23.94
0	90	0.340797	2041	0	32.5658	26.09	24.18
0	91	0.341412	2039	0	32.6326	25.87	24.03
0	92	0.341735	2035	0	32.6556	25.87	24.03
0	93	0.343142	2036	0	32.7063	26.03	24.17
0	94	0.344368	2032	0	32.7541	25.97	24.13
0	95	0.342056	2033	0	32.9669	26.35	24.44
0	96	0.343163	2033	0	33.0144	25.99	24.15
0	97	0.344439	2027	0	33.0097	26.18	24.31
0	98	0.344498	2016	0	33.041	26.19	24.3
0	99	0.345594	2016	0	33.0507	26.25	24.34
0	100	0.346435	2019	0	33.1129	26.1	24.25
0	101	0.346707	2021	0	33.174	26.13	24.28
0	102	0.345571	2020	0	33.2883	26.19	24.33
0	103	0.344962	2022	0	33.3936	26.27	24.42
0	104	0.3456	2024	0	33.4371	26.64	24.69
0	105	0.344855	2025	0	33.4925	26.34	24.45
0	106	0.343788	2031	0	33.6064	26.33	24.47
0	107	0.344495	2032	0	33.6535	26.09	24.25
0	108	0.344601	2034	0	33.7139	26.38	24.51
0	109	0.346464	2036	0	33.6858	26.52	24.66
0	110	0.346543	2036	0	33.7344	26.69	24.78
0	111	0.347597	2038	0	33.7678	26.45	24.58
0	112	0.348146	2035	0	33.8196	26.26	24.42
0	113	0.348031	2033	0	33.8803	26.37	24.49
0	114	0.347865	2028	0	33.9055	26.23	24.36
0	115	0.347583	2027	0	33.9428	26.18	24.34
0	116	0.347083	2026	0	34.0471	26.42	24.55
0	117	0.347717	2028	0	34.1269	26.43	24.54
0	118	0.346308	2027	0	34.2207	26.44	24.55
0	119	0.345255	2027	0	34.2811	26.46	24.58
0	120	0.344389	2028	0	34.3548	26.49	24.58
0	121	0.344732	2024	0	34.4252	26.57	24.7
0	122	0.345188	2027	0	34.4669	26.67	24.77
0	123	0.34453	2021	0	34.5248	26.48	24.61
0	124	0.345216	2026	0	34.5758	26.69	24.82
0	125	0.34505	2029	0	34.633	26.56	24.69
0	126	0.345969	2034	0	34.6747	26.73	24.82
0	127	0.346173	2035	0	34.7265	26.74	24.86
0	128	0.346597	2033	0	34.7635	26.7	24.81
0	129	0.346721	2032	0	34.766	26.7	24.82
0	130	0.3468	2032	0	34.7948	26.82	24.95
0	131	0.347219	2030	0	34.8275	26.99	25.06
0	132	0.346896	2031	0	34.8796	26.65	24.76
0	133	0.346845	2033	0	34.9029	26.74	24.85
0	134	0.346307	2031	0	34.9522	26.83	24.94
0	135	0.346208	2036	0	35.004	27.04	25.07
0	136	0.346065	2033	0	35.055	26.9	24.99
0	137	0.345997	2036	0	35.1125	26.99	25.09
0	138	0.345066	2031	0	35.1668	27.03	25.13
0	139	0.344271	2032	0	35.2638	26.98	25.07
0	140	0.343953	2033	0	35.3066	27.17	25.23
0	141	0.342794	2030	0	35.3404	27	25.1
0	142	0.343677	2037	0	35.3983	27.11	25.18
0	143	0.342926	2039	0	35.4687	27.13	25.21
0	144	0.343685	2047	0	35.56	27.27	25.34
0	145	0.343688	2042	0	35.5855	27.27	25.34
0	146	0.343038	2039	0	35.6477	27.15	25.24
0	147	0.342648	2039	0	35.716	27.22	25.28
0	148	0.342365	2040	0	35.7897	27.18	25.26
0	149	0.342352	2038	0	35.8537	27.39	25.43
0	150	0.342822	2041	0	35.8814	27.22	25.3
0	151	0.342246	2037	0	35.9446	27.35	25.41
0	152	0.342363	2033	0	36.0212	27.4	25.45
0	153	0.343262	2039	0	36.0546	27.51	25.54
0	154	0.344008	2041	0	36.1053	27.54	25.6
0	155	0.343731	2036	0	36.174	27.41	25.48
0	156	0.343785	2037	0	36.1851	27.57	25.64
0	157	0.344022	2040	0	36.2383	27.5	25.55
0	158	0.344731	2043	0	36.2613	27.57	25.63
0	159	0.345386	2046	0	36.2703	27.57	25.62
0	160	0.344337	2047	0	36.3354	27.5	25.57
0	161	0.345101	2063	0	36.4597	27.65	25.69
0	162	0.344131	2057	0	36.4896	27.98	25.96
0	163	0.345247	2062	0	36.4914	27.67	25.71
0	164	0.344576	2060	0	36.5525	27.66	25.73
0	165	0.344606	2059	0	36.6028	27.69	25.73
0	166	0.344307	2061	0	36.715	27.91	25.91
0	167	0.344186	2070	0	36.7664	27.78	25.82
0	168	0.344252	2069	0	36.7764	27.72	25.76
0	169	0.343506	2057	0	36.7976	27.7	25.74
0	170	0.343205	2067	0	36.839	27.84	25.87
0	171	0.343121	2066	0	36.8925	27.97	25.99
0	172	0.343688	2067	0	36.8853	27.81	25.86
0	173	0.342455	2063	0	36.9331	27.68	25.72
0	174	0.3432	2059	0	36.9526	27.96	25.97
0	175	0.342268	2052	0	37.005	27.98	25.98
0	176	0.340569	2041	0	37.0449	27.85	25.88
0	177	0.339985	2037	0	37.0978	27.98	26.01
0	178	0.34135	2043	0	37.1104	27.98	26
0	179	0.340166	2038	0	37.2117	28.11	26.11
0	180	0.340652	2043	0	37.2818	28.03	26.06
0	181	0.341112	2035	0	37.2894	28.17	26.19
0	182	0.341176	2034	0	37.3422	28.04	26.07
0	183	0.341539	2027	0	37.3745	28.31	26.3
0	184	0.341447	2029	0	37.4464	28.06	26.08
0	185	0.340353	2035	0	37.5187	27.91	25.93
0	186	0.341046	2038	0	37.5514	28.13	26.14
0	187	0.341261	2040	0	37.5733	28.14	26.16
0	188	0.341115	2035	0	37.6035	28.56	26.54
0	189	0.339956	2032	0	37.6467	28.28	26.32
0	190	0.341192	2036	0	37.6768	28.36	26.39
0	191	0.341366	2035	0	37.711	28.28	26.3
0	192	0.340667	2032	0	37.7523	28.3	26.35
0	193	0.341177	2030	0	37.7484	28.2	26.21
0	194	0.341472	2035	0	37.7832	28.32	26.32
0	195	0.341592	2039	0	37.8185	28.03	26.12
0	196	0.341458	2042	0	37.8476	28.01	26.1
0	197	0.341024	2037	0	37.8986	27.99	26.06
0	198	0.341949	2045	0	37.9109	27.99	26.05
0	199	0.342402	2045	0	37.9461	28.02	26.09