0	0	1.01795	2458	0	25.5396	52.85	50.32
0	1	0.73138	2269	0	25.6638	52.21	50.08
0	2	0.576496	2108	0	25.7543	50.8	48.9
0	3	0.510163	2071	0	25.8085	49.15	49.49
0	4	0.48536	2117	0	25.8368	50.64	48.77
0	5	0.476247	2163	0	25.8961	51.61	49.6
0	6	0.468451	2173	0	25.9182	50.66	48.78
0	7	0.458232	2146	0	25.9566	51.75	49.71
0	8	0.44803	2110	0	25.9986	50.99	49.1
0	9	0.442476	2105	0	26.0601	50.82	48.94
0	10	0.435244	2087	0	26.0916	51.75	49.74
0	11	0.430525	2083	0	26.1469	50.86	48.94
0	12	0.426587	2079	0	26.1835	51.85	49.84
0	13	0.422578	2078	0	26.2255	50.83	48.94
0	14	0.417154	2071	0	26.2823	51.63	49.64
0	15	0.413537	2074	0	26.3167	51.34	49.4
0	16	0.41057	2084	0	26.3789	51.03	49.13
0	17	0.406242	2088	0	26.4162	51.96	49.9
0	18	0.403157	2098	0	26.4654	51.01	49.11
0	19	0.399015	2099	0	26.5255	52.02	49.99
0	20	0.393719	2091	0	26.5896	51.15	49.21
0	21	0.39138	2099	0	26.6355	51.99	49.92
0	22	0.387146	2094	0	26.667	51.39	49.45
0	23	0.383712	2097	0	26.7358	51.39	49.48
0	24	0.380853	2101	0	26.789	51.93	49.91
0	25	0.375747	2090	0	26.8509	51.1	49.19
0	26	0.371997	2086	0	26.9084	52.27	50.18
0	27	0.369072	2085	0	26.958	51.43	49.49
0	28	0.366125	2083	0	26.9964	52.34	50.25
0	29	0.362967	2080	0	27.042	51.82	49.85
0	30	0.361343	2083	0	27.0756	51.25	49.31
0	31	0.359582	2083	0	27.118	52.19	50.13
0	32	0.357561	2079	0	27.1654	51.37	49.42
0	33	0.355475	2079	0	27.2258	52.29	50.21
0	34	0.352787	2084	0	27.2761	51.5	49.57
0	35	0.351889	2092	0	27.3438	52.32	50.24
0	36	0.350836	2103	0	27.418	51.5	49.55
0	37	0.349185	2107	0	27.4546	51.36	49.43
0	38	0.347985	2112	0	27.5331	52.42	50.33
0	39	0.345847	2110	0	27.5899	51.52	49.56
0	40	0.344224	2111	0	27.6359	52.34	50.34
0	41	0.343102	2110	0	27.6801	51.69	49.74
0	42	0.341614	2109	0	27.7416	52.59	50.52
0	43	0.340059	2098	0	27.7868	51.56	49.59
0	44	0.339316	2104	0	27.8256	51.76	49.79
0	45	0.338163	2102	0	27.8722	52.58	50.5
0	46	0.338175	2107	0	27.9338	51.52	49.58
0	47	0.338563	2106	0	27.9779	52.64	50.58
0	48	0.338622	2111	0	28.0232	51.94	49.98
0	49	0.33791	2111	0	28.0608	52.72	50.62
0	50	0.337984	2117	0	28.1263	52.11	50.14
0	51	0.336892	2109	0	28.1839	51.87	49.87
0	52	0.338641	2117	0	28.2381	52.45	50.4
0	53	0.338518	2118	0	28.2921	52.24	50.28
0	54	0.338202	2113	0	28.3438	52.72	50.64
0	55	0.338763	2119	0	28.3789	52.35	50.36
0	56	0.339126	2121	0	28.4184	52.83	50.75
0	57	0.339075	2121	0	28.4774	51.93	49.93
0	58	0.339422	2118	0	28.527	53.1	51
0	59	0.339926	2115	0	28.5856	52.18	50.17
0	60	0.340594	2119	0	28.6482	51.97	49.99
0	61	0.341198	2127	0	28.6869	52.89	50.81
0	62	0.341139	2126	0	28.759	52.05	50.06
0	63	0.340894	2124	0	28.8104	52.98	50.88
0	64	0.340914	2122	0	28.8672	52.1	50.1
0	65	0.341894	2125	0	28.9218	53.15	51.01
0	66	0.342491	2130	0	28.979	52.37	50.35
0	67	0.342253	2125	0	29.0409	52.45	50.4
0	68	0.342589	2120	0	29.0916	52.97	50.86
0	69	0.344111	2125	0	29.1364	52.24	50.23
0	70	0.343898	2123	0	29.1842	52.98	50.88
0	71	0.344919	2126	0	29.2497	52.31	50.3
0	72	0.345379	2125	0	29.2957	53.08	50.95
0	73	0.345262	2121	0	29.3608	52.29	50.28
0	74	0.346517	2124	0	29.4274	53.32	51.16
0	75	0.34621	2119	0	29.4828	52.76	50.72
0	76	0.346947	2120	0	29.5458	52.57	50.53
0	77	0.345797	2112	0	29.5889	53.25	51.12
0	78	0.346443	2113	0	29.6453	52.57	50.52
0	79	0.346063	2106	0	29.7144	53.58	51.44
0	80	0.34541	2100	0	29.776	52.67	50.64
0	81	0.344543	2100	0	29.8248	53.87	51.64
0	82	0.344397	2098	0	29.8893	52.77	50.72
0	83	0.344036	2094	0	29.937	53.53	51.37
0	84	0.344992	2098	0	29.9862	52.96	50.88
0	85	0.344887	2099	0	30.0177	52.81	50.76
0	86	0.345121	2096	0	30.0615	53.71	51.53
0	87	0.344462	2095	0	30.1216	52.85	50.81
0	88	0.344877	2100	0	30.2016	53.85	51.65
0	89	0.3445	2102	0	30.2425	52.97	50.92
0	90	0.344402	2105	0	30.2957	53.75	51.57
0	91	0.343907	2096	0	30.3572	52.92	50.87
0	92	0.342674	2089	0	30.4318	53.94	51.74
0	93	0.343008	2089	0	30.4868	54.5	52.33
0	94	0.342646	2088	0	30.5599	53.35	51.26
0	95	0.34308	2091	0	30.6171	53.82	51.65
0	96	0.341857	2084	0	30.6735	53.24	51.16
0	97	0.341918	2081	0	30.7405	54.09	51.89
0	98	0.342095	2080	0	30.7883	53.24	51.08
0	99	0.341664	2076	0	30.8382	54.2	51.97
0	100	0.341223	2073	0	30.9019	53.23	51.15
0	101	0.341623	2075	0	30.9392	53.99	51.77
0	102	0.341291	2071	0	30.9895	53.38	51.28
0	103	0.342333	2080	0	31.0499	53.24	51.14
0	104	0.342671	2082	0	31.0963	53.85	51.69
0	105	0.342209	2080	0	31.1611	53.41	51.31
0	106	0.342177	2077	0	31.2251	54.79	52.46
0	107	0.342509	2068	0	31.2805	53.52	51.42
0	108	0.342942	2068	0	31.3322	54.3	52.09
0	109	0.342972	2069	0	31.3782	53.58	51.47
0	110	0.343017	2074	0	31.4242	55.03	52.6
0	111	0.343649	2074	0	31.4683	53.64	51.53
0	112	0.344152	2079	0	31.5262	53.65	51.53
0	113	0.344926	2090	0	31.5563	55.02	52.6
0	114	0.34573	2097	0	31.6276	53.9	51.76
0	115	0.346641	2098	0	31.688	55.28	52.9
0	116	0.347577	2096	0	31.7427	54.1	51.97
0	117	0.348016	2097	0	31.7698	55.67	53.23
0	118	0.349312	2107	0	31.8335	54.16	51.97
0	119	0.350255	2111	0	31.869	57.8	54.61
0	120	0.351675	2120	0	31.9149	54.79	52.42
0	121	0.352354	2121	0	31.933	54.74	52.5
0	122	0.352085	2113	0	31.9823	54.23	52.04
0	123	0.352975	2124	0	32.0206	54.42	52.24
0	124	0.352642	2123	0	32.0858	57.35	54.44
0	125	0.353729	2124	0	32.1372	55.2	52.84
0	126	0.354109	2125	0	32.1824	60.37	56.62
0	127	0.353946	2125	0	32.2269	54.57	52.38
0	128	0.35377	2120	0	32.2751	55.43	52.88
0	129	0.353646	2118	0	32.3221	53.8	51.67
0	130	0.354173	2118	0	32.3677	56.08	53.54
0	131	0.354579	2125	0	32.4209	54.81	52.55
0	132	0.35489	2127	0	32.4582	55.11	52.82
0	133	0.354068	2124	0	32.4853	54.29	52.14
0	134	0.354708	2128	0	32.5349	56.04	53.5
0	135	0.355318	2130	0	32.574	54.71	52.5
0	136	0.355531	2132	0	32.5936	55.29	52.97
0	137	0.354538	2130	0	32.6616	54.96	52.68
0	138	0.354019	2126	0	32.7094	54.77	52.56
0	139	0.353389	2127	0	32.7467	55.32	52.92
0	140	0.354654	2139	0	32.8053	54.42	52.23
0	141	0.354155	2142	0	32.8509	56.14	53.6
0	142	0.354372	2141	0	32.8918	54.87	52.63
0	143	0.35423	2140	0	32.9178	55.34	53.01
0	144	0.354304	2145	0	32.9993	54.48	52.31
0	145	0.355614	2147	0	33.0326	55.64	53.26
0	146	0.356047	2155	0	33.0651	54.9	52.63
0	147	0.355155	2147	0	33.0767	52.05	53.13
0	148	0.355208	2142	0	33.1191	55.06	52.81
0	149	0.355688	2147	0	33.1531	55.01	52.8
0	150	0.354812	2141	0	33.2172	55.55	53.17
0	151	0.353882	2142	0	33.3174	55.17	52.88
0	152	0.353753	2142	0	33.3746	56.76	54.04
0	153	0.353576	2137	0	33.4238	55.76	53.29
0	154	0.354404	2141	0	33.4441	55.92	53.56
0	155	0.355142	2142	0	33.4882	54.86	52.66
0	156	0.356199	2139	0	33.5071	56.29	53.85
0	157	0.354507	2135	0	33.6145	54.89	52.67
0	158	0.355572	2135	0	33.6366	56.54	54
0	159	0.355434	2140	0	33.6732	55.07	52.84
0	160	0.354872	2134	0	33.738	56.19	53.82
0	161	0.35523	2132	0	33.8104	55.6	53.29
0	162	0.356351	2138	0	33.8704	55.19	52.96
0	163	0.356449	2140	0	33.9421	55.83	53.51
0	164	0.358147	2144	0	33.9573	55.16	52.91
0	165	0.358864	2145	0	33.9935	55.73	53.45
0	166	0.360341	2146	0	34.0188	55.56	53.18
0	167	0.36171	2147	0	34.0351	56.48	54.06
0	168	0.362106	2142	0	34.0778	55.46	53.2
0	169	0.362611	2144	0	34.1107	56.39	53.94
0	170	0.363094	2153	0	34.1763	55.65	53.37
0	171	0.363692	2153	0	34.2349	56.52	54.08
0	172	0.363283	2146	0	34.354	55.19	52.99
0	173	0.363676	2142	0	34.3883	56.62	54.23
0	174	0.365019	2149	0	34.4401	55.78	53.5
0	175	0.36576	2147	0	34.4763	56.62	54.22
0	176	0.364752	2148	0	34.5378	55.61	53.35
0	177	0.363658	2134	0	34.5632	55.51	53.29
0	178	0.363826	2133	0	34.6001	56.24	53.91
0	179	0.364736	2137	0	34.6609	55.86	53.59
0	180	0.364559	2122	0	34.6898	56.79	54.32
0	181	0.364288	2115	0	34.798	55.34	53.13
0	182	0.364114	2115	0	34.9041	56.59	54.16
0	183	0.36367	2107	0	34.9815	55.51	53.29
0	184	0.36336	2100	0	35.0065	56.65	54.27
0	185	0.362482	2093	0	35.0952	56.21	53.87
0	186	0.361666	2100	0	35.2023	56.57	54.21
0	187	0.361148	2097	0	35.2932	55.77	53.54
0	188	0.360896	2096	0	35.3626	56.38	54.04
0	189	0.359299	2089	0	35.4101	55.84	53.55
0	190	0.36075	2086	0	35.4267	56.38	54.04
0	191	0.361598	2085	0	35.4394	55.88	53.63
0	192	0.361933	2082	0	35.4752	55.61	53.38
0	193	0.362486	2088	0	35.477	56.26	54
0	194	0.361014	2083	0	35.5378	55.62	53.41
0	195	0.361133	2086	0	35.5975	56.7	54.43
0	196	0.360037	2078	0	35.6442	55.67	53.48
0	197	0.360143	2072	0	35.662	56.17	53.94
0	198	0.360651	2066	0	35.6898	55.74	53.54
0	199	0.360484	2065	0	35.7354	56.11	53.84