1	1	0	1	0.315581
4	3	1	1	0.301693
3	3	1	1	0.377143
6	4	1	3	0.262773
13	7	3	2	0.325979
9	5	2	2	0.36571
7	5	2	2	0.321541
7	5	2	2	0
11	6	2	4	0.279542
18	10	4	5	0.264255
19	11	5	0	0
1	1	0	1	0.256964
4	3	1	1	0
6	4	1	3	0
13	7	3	2	0.291383
9	5	2	2	0.641508
11	6	2	4	0.31622
17	9	4	3	0.45339
16	8	3	5	0.271555
20	11	5	0	0
2	2	0	2	0
8	5	2	2	0.409497
11	6	2	4	0.279547
17	9	4	3	0.410126
14	7	3	2	0
9	5	2	2	0.368756
11	6	2	4	0.284255
17	9	4	3	0.519707
14	7	3	2	0.256177
10	6	2	4	0.307795
18	10	4	5	0.354839
19	11	5	0	0.289991
1	1	0	1	0.389484
4	3	1	1	0.388841
6	4	1	3	0.253634
15	8	3	5	0.299534
20	11	5	0	0
2	2	0	2	0.525526
8	5	2	2	0.608584
7	5	2	2	0.452484
11	6	2	4	0.349513
18	10	4	5	0.357618
19	11	5	0	0
1	1	0	1	0
5	4	1	3	0.519517
15	8	3	5	0.386345
20	11	5	0	0
1	1	0	1	0
5	4	1	3	0.260123
13	7	3	2	0.316997
9	5	2	2	0.95934
11	6	2	4	0.314165
17	9	4	3	0.406107
16	8	3	5	0.295021
20	11	5	0	0
2	2	0	2	0
8	5	2	2	0.407031
11	6	2	4	0.275963
17	9	4	3	0.402897
14	7	3	2	0
10	6	2	4	0.26556
17	9	4	3	0.41232
16	8	3	5	0.954172
20	11	5	0	0
1	1	0	1	0.271554
5	4	1	3	0
15	8	3	5	0.338413
20	11	5	0	0
1	1	0	1	0.258921
4	3	1	1	0.520547
6	4	1	3	0.363408
15	8	3	5	0.291032
20	11	5	0	0
1	1	0	1	0
5	4	1	3	0.268696
15	8	3	5	0.335137
20	11	5	0	0
2	2	0	2	0.731054
8	5	2	2	0.354185
11	6	2	4	0.373027
17	9	4	3	0.399252
14	7	3	2	0
9	5	2	2	0.38911
7	5	2	2	0.557275
11	6	2	4	0.566189
17	9	4	3	0.518183
16	8	3	5	0.410773
20	11	5	0	0
1	1	0	1	0.556114
5	4	1	3	0.272361
15	8	3	5	0.320134
20	11	5	0	0
1	1	0	1	0.26504
4	3	1	1	0.276074
6	4	1	3	0.374918
13	7	3	2	0.274278
10	6	2	4	0.563663
17	9	4	3	0.332259
14	7	3	2	0.439758
9	5	2	2	0.281232
11	6	2	4	0.259469
18	10	4	5	0.526327
19	11	5	0	0
2	2	0	2	0.573136
8	5	2	2	0.265399
7	5	2	2	0.500076
7	5	2	2	0.276109
7	5	2	2	0.546639
11	6	2	4	0
18	10	4	5	0.250065
19	11	5	0	0
2	2	0	2	0.318632
8	5	2	2	0.523135
7	5	2	2	0.328521
11	6	2	4	0.549696
17	9	4	3	0.307325
14	7	3	2	0.346108
9	5	2	2	0.494086
7	5	2	2	0.290359
7	5	2	2	0
11	6	2	4	0.277205
17	9	4	3	0.258009
16	8	3	5	0.348785
20	11	5	0	0
1	1	0	1	0.284618
4	3	1	1	0.341972
6	4	1	3	0.317254
13	7	3	2	0.275756
9	5	2	2	0.455848
7	5	2	2	0.308529
7	5	2	2	0
11	6	2	4	0.592255
17	9	4	3	0.273242
16	8	3	5	0.349121
20	11	5	0	0
1	1	0	1	0.283773
5	4	1	3	0.265196
13	7	3	2	0.307112
9	5	2	2	0.95504
11	6	2	4	0.345471
18	10	4	5	0.431746
19	11	5	0	0
2	2	0	2	0.362985
12	6	2	4	0.317844
17	9	4	3	0.485763
14	7	3	2	0.361456
10	6	2	4	0.404246
18	10	4	5	0.38165
19	11	5	0	0.26503
2	2	0	2	0.665067
12	6	2	4	0.308449
17	9	4	3	0.541851
16	8	3	5	0.430035
20	11	5	0	0
1	1	0	1	0.301188
5	4	1	3	0.255458
13	7	3	2	0.296249
10	6	2	4	0.992255
18	10	4	5	0.622504
19	11	5	0	0.354833
1	1	0	1	0
4	3	1	1	0.427077
3	3	1	1	0.588728
3	3	1	1	0.48505
6	4	1	3	0.336738
13	7	3	2	0.654551
10	6	2	4	0.718951
17	9	4	3	0.394489
14	7	3	2	0.269681
10	6	2	4	0.313962
18	10	4	5	0.393971
19	11	5	0	0.275475
2	2	0	2	0.641716
8	5	2	2	0.33285
11	6	2	4	0
18	10	4	5	0.445176
19	11	5	0	0
1	1	0	1	0.257753
4	3	1	1	0.509278
6	4	1	3	0
15	8	3	5	0.332195
20	11	5	0	0
2	2	0	2	0.78072
12	6	2	4	0
17	9	4	3	0.726815
14	7	3	2	0.338171
9	5	2	2	0.351147
11	6	2	4	0
17	9	4	3	0.448206
16	8	3	5	0.292424
20	11	5	0	0
1	1	0	1	0.555157
5	4	1	3	0.265628
13	7	3	2	0.301993
10	6	2	4	0.988983
17	9	4	3	0.390632
14	7	3	2	0.26545
10	6	2	4	0.298824
18	10	4	5	0.313053
19	11	5	0	0.269954
1	1	0	1	0.364745
5	4	1	3	0.308941
15	8	3	5	0.36034
20	11	5	0	0
1	1	0	1	0.290528
4	3	1	1	0.330122
3	3	1	1	0.563676
3	3	1	1	0.690625
3	3	1	1	0.591023
3	3	1	1	0.716846
3	3	1	1	0.61199
6	4	1	3	0.296393
15	8	3	5	0.421042
20	11	5	0	0
1	1	0	1	0
4	3	1	1	0.256913
3	3	1	1	0.477424
3	3	1	1	0.339588
3	3	1	1	0.491249
3	3	1	1	0.589046
6	4	1	3	0.273216
13	7	3	2	0.366533
10	6	2	4	0.340662
18	10	4	5	0.405381
19	11	5	0	0.431956
2	2	0	2	0.685012
12	6	2	4	0.264696
17	9	4	3	0.339291
14	7	3	2	0.312604
9	5	2	2	0.359174
11	6	2	4	0
17	9	4	3	0.456502
14	7	3	2	0.531539
10	6	2	4	0.271727
18	10	4	5	0.331004
19	11	5	0	0.310259
1	1	0	1	0.385343
5	4	1	3	0.340041
15	8	3	5	0.296702
20	11	5	0	0
2	2	0	2	0.537129
12	6	2	4	0
17	9	4	3	0.311265
14	7	3	2	0.35684
9	5	2	2	0.389462
11	6	2	4	0
17	9	4	3	0.435468
14	7	3	2	0.259586
9	5	2	2	0.329508
7	5	2	2	0.573987
7	5	2	2	0.424114
7	5	2	2	0.511472
7	5	2	2	0.267768
11	6	2	4	0.286131
17	9	4	3	0.305033
16	8	3	5	0.314197
20	11	5	0	0
1	1	0	1	0.557605
5	4	1	3	0.270148
13	7	3	2	0.305894
9	5	2	2	0.971274
7	5	2	2	0.318561
11	6	2	4	0.61572
18	10	4	5	0.280736
19	11	5	0	0
2	2	0	2	0.352657
8	5	2	2	0.478723
7	5	2	2	0.336793
7	5	2	2	0.250841
7	5	2	2	0.425107
11	6	2	4	0
18	10	4	5	0.263523
19	11	5	0	0
2	2	0	2	0.323293
8	5	2	2	0.515197
11	6	2	4	0.256789
18	10	4	5	0.48424
19	11	5	0	0
1	1	0	1	0
4	3	1	1	0
6	4	1	3	0
13	7	3	2	0.290285
10	6	2	4	0.575778
17	9	4	3	0.331877
14	7	3	2	0.441428
10	6	2	4	0.280465
17	9	4	3	0.436033
14	7	3	2	0.440475
9	5	2	2	0.268876
11	6	2	4	0.271002
17	9	4	3	0.42949
16	8	3	5	0.539292
20	11	5	0	0
2	2	0	2	0.2518
8	5	2	2	0.397528
11	6	2	4	0.287368
17	9	4	3	0.337164
16	8	3	5	0.560686
20	11	5	0	0
2	2	0	2	0
8	5	2	2	0.392886
7	5	2	2	0.550294
7	5	2	2	0.27289
11	6	2	4	0.540769
18	10	4	5	0.315491
19	11	5	0	0
1	1	0	1	0.290181
5	4	1	3	0.51917
13	7	3	2	0.285626
10	6	2	4	0.78515
17	9	4	3	0.415523
14	7	3	2	0.266576
10	6	2	4	0.30824
18	10	4	5	0.39888
19	11	5	0	0.288623
2	2	0	2	0.587381
12	6	2	4	0.354358
17	9	4	3	0.495495
16	8	3	5	0.411941
20	11	5	0	0
1	1	0	1	0.566965
4	3	1	1	0.569209
6	4	1	3	0.300618
13	7	3	2	0.263084
9	5	2	2	0.528132
11	6	2	4	0.335793
18	10	4	5	0.395257
19	11	5	0	0
1	1	0	1	0.276051
5	4	1	3	0.261301
15	8	3	5	0.406937
20	11	5	0	0
2	2	0	2	0.656
12	6	2	4	0.298705
17	9	4	3	0.573681
14	7	3	2	0.334227
10	6	2	4	0.32705
18	10	4	5	0.305425
19	11	5	0	0.294266
2	2	0	2	0.729191
12	6	2	4	0.266414
18	10	4	5	0.593302
19	11	5	0	0
2	2	0	2	0.29269
8	5	2	2	0.460516
11	6	2	4	0
18	10	4	5	0.413649
19	11	5	0	0
2	2	0	2	0
12	6	2	4	0.402543
17	9	4	3	0.345732
16	8	3	5	0.435122
20	11	5	0	0
2	2	0	2	0
12	6	2	4	0.318771
18	10	4	5	0.569623
19	11	5	0	0
2	2	0	2	0.323819
8	5	2	2	0.482292
11	6	2	4	0
17	9	4	3	0.332182
14	7	3	2	0
9	5	2	2	0.68931
7	5	2	2	0.353481
11	6	2	4	0.264946
18	10	4	5	0.277095
19	11	5	0	0
1	1	0	1	0.303183
4	3	1	1	0.273436
3	3	1	1	0.548349
6	4	1	3	0.358582
15	8	3	5	0.499553
20	11	5	0	0
1	1	0	1	0
5	4	1	3	0.268084
15	8	3	5	0.351429
20	11	5	0	0
2	2	0	2	0.618178
12	6	2	4	0.268328
17	9	4	3	0.568703
16	8	3	5	0.389762
20	11	5	0	0
1	1	0	1	0.639122
5	4	1	3	0.258246
13	7	3	2	0.304502
9	5	2	2	0.980566
7	5	2	2	0.350736
7	5	2	2	0.267659
7	5	2	2	0.599219
11	6	2	4	0.254436
17	9	4	3	0.324506
16	8	3	5	0.359524
20	11	5	0	0
1	1	0	1	0.598287
4	3	1	1	0.336353
3	3	1	1	0.415539
6	4	1	3	0.275993
13	7	3	2	0.338999
10	6	2	4	0.328176
17	9	4	3	0.412436
14	7	3	2	0.282756
10	6	2	4	0.27207
18	10	4	5	0.355431
19	11	5	0	0.285702
2	2	0	2	0.570153
8	5	2	2	0.347584
11	6	2	4	0
17	9	4	3	0.327898
16	8	3	5	0.546172
20	11	5	0	0
1	1	0	1	0.607316
5	4	1	3	0.267971
15	8	3	5	0.351486
20	11	5	0	0
2	2	0	2	0.433041
12	6	2	4	0.270854
17	9	4	3	0.402375
16	8	3	5	0.380375
20	11	5	0	0
1	1	0	1	0.62552
5	4	1	3	0.266603
15	8	3	5	0.336392
20	11	5	0	0
2	2	0	2	0.432307
8	5	2	2	0.357817
7	5	2	2	0.483291
11	6	2	4	0.329151
18	10	4	5	0.372672
19	11	5	0	0
2	2	0	2	0
12	6	2	4	0.467498
17	9	4	3	0.344191
14	7	3	2	0.434662
9	5	2	2	0.389073
11	6	2	4	0
17	9	4	3	0.386571
14	7	3	2	0.264623
10	6	2	4	0.270766
18	10	4	5	0.334514
19	11	5	0	0.286417
1	1	0	1	0.435268
5	4	1	3	0.331156
15	8	3	5	0.329679
20	11	5	0	0
2	2	0	2	0.449101
12	6	2	4	0
18	10	4	5	0.48881
19	11	5	0	0
2	2	0	2	0.331185
8	5	2	2	0.368838
11	6	2	4	0.275198
17	9	4	3	0.328498
16	8	3	5	0.549775
20	11	5	0	0
1	1	0	1	0.630584
5	4	1	3	0.272308
15	8	3	5	0.345957
20	11	5	0	0
1	1	0	1	0.29812
4	3	1	1	0.281501
3	3	1	1	0.490874
6	4	1	3	0.26343
15	8	3	5	0.434059
20	11	5	0	0
1	1	0	1	0
4	3	1	1	0.250577
3	3	1	1	0.484469
6	4	1	3	0.265413
15	8	3	5	0.409538
20	11	5	0	0
1	1	0	1	0
5	4	1	3	0.545675
13	7	3	2	0.369142
10	6	2	4	0.984044
18	10	4	5	0.464224
19	11	5	0	0.37198
1	1	0	1	0
4	3	1	1	0.417577
6	4	1	3	0.284412
13	7	3	2	0.297416
10	6	2	4	0.455312
18	10	4	5	0.265503
19	11	5	0	0.362677
2	2	0	2	0.825927
8	5	2	2	0.320732
11	6	2	4	0
17	9	4	3	0.358547
14	7	3	2	0
9	5	2	2	0.589142
7	5	2	2	0.344199
7	5	2	2	0.306121
7	5	2	2	0.552274
7	5	2	2	0.280533
11	6	2	4	0.268702
18	10	4	5	0.286281
19	11	5	0	0
2	2	0	2	0.28808
8	5	2	2	0.63273
11	6	2	4	0
18	10	4	5	0.433079
19	11	5	0	0
1	1	0	1	0.276571
5	4	1	3	0.522531
13	7	3	2	0.311268
10	6	2	4	0.71347
18	10	4	5	0.39925
19	11	5	0	0.358284
1	1	0	1	0
4	3	1	1	0.538082
3	3	1	1	0.358655
6	4	1	3	0.275444
15	8	3	5	0.453835
20	11	5	0	0
1	1	0	1	0
4	3	1	1	0.260205
6	4	1	3	0.420168
13	7	3	2	0.281118
10	6	2	4	0.434733
18	10	4	5	0
19	11	5	0	0.356414
1	1	0	1	0.413272
5	4	1	3	0.383251
15	8	3	5	0.301231
20	11	5	0	0
1	1	0	1	0.308885
5	4	1	3	0.271067
15	8	3	5	0.30288
20	11	5	0	0
1	1	0	1	0.267069
4	3	1	1	0.286871
6	4	1	3	0.39177
15	8	3	5	0.279199
20	11	5	0	0
2	2	0	2	0.812624
12	6	2	4	0
17	9	4	3	0.737845
16	8	3	5	0.351866
20	11	5	0	0
1	1	0	1	0.325013
4	3	1	1	0.310028
3	3	1	1	0.380577
6	4	1	3	0.282318
13	7	3	2	0.352089
9	5	2	2	0.368262
7	5	2	2	0.327053
7	5	2	2	0.251737
7	5	2	2	0.284174
7	5	2	2	0.274131
7	5	2	2	0.275969
11	6	2	4	0.28087
17	9	4	3	0.30892
14	7	3	2	0.298076
9	5	2	2	0.522689
11	6	2	4	0.280953
18	10	4	5	0.500868
19	11	5	0	0
1	1	0	1	0
4	3	1	1	0.25405
3	3	1	1	0.287341
6	4	1	3	0.294144
13	7	3	2	0.343008
10	6	2	4	0.341525
18	10	4	5	0.423938
19	11	5	0	0.379665
2	2	0	2	0.705981
8	5	2	2	0
7	5	2	2	0.642262
7	5	2	2	0
7	5	2	2	0.404718
7	5	2	2	0.594796
7	5	2	2	0.319022
7	5	2	2	0
11	6	2	4	0.595479
18	10	4	5	0
19	11	5	0	0
2	2	0	2	0.366105
12	6	2	4	0.430249
17	9	4	3	0.471039
16	8	3	5	0.415765
20	11	5	0	0
1	1	0	1	0.262143
5	4	1	3	0.268001
15	8	3	5	0.321128
20	11	5	0	0
2	2	0	2	0.790253
8	5	2	2	0.347201
7	5	2	2	0.41946
11	6	2	4	0.368971
17	9	4	3	0.39502
16	8	3	5	0.346275
20	11	5	0	0
1	1	0	1	0.274731
4	3	1	1	0.312374
3	3	1	1	0.395995
3	3	1	1	0.400058
3	3	1	1	0.494532
6	4	1	3	0.601289
13	7	3	2	0.386563
10	6	2	4	0.496305
17	9	4	3	0.441281
16	8	3	5	0.2527
20	11	5	0	0
2	2	0	2	0.276945
8	5	2	2	0.316012
11	6	2	4	0.303773
17	9	4	3	0.380211
14	7	3	2	0.265983
9	5	2	2	0.367152
7	5	2	2	0.301355
7	5	2	2	0
7	5	2	2	0
7	5	2	2	0
11	6	2	4	0.597393
17	9	4	3	0.277144
14	7	3	2	0.316023
10	6	2	4	0.525419
18	10	4	5	0.412251
19	11	5	0	0.293717
2	2	0	2	0.838069
12	6	2	4	0.289577
17	9	4	3	0.523825
16	8	3	5	0.394821
20	11	5	0	0
2	2	0	2	0
12	6	2	4	0.347184
17	9	4	3	0.252667
16	8	3	5	0.294341
20	11	5	0	0
1	1	0	1	0.309819
4	3	1	1	0.281389
6	4	1	3	0.348859
15	8	3	5	0.268575
20	11	5	0	0
2	2	0	2	0.732578
8	5	2	2	0.558002
11	6	2	4	0.424579
18	10	4	5	0.516714
19	11	5	0	0
2	2	0	2	0
8	5	2	2	0.547283
7	5	2	2	0.36163
7	5	2	2	0
7	5	2	2	0.405752
11	6	2	4	0.258736
18	10	4	5	0.267843
19	11	5	0	0
1	1	0	1	0.290757
4	3	1	1	0
6	4	1	3	0.526089
15	8	3	5	0.273187
20	11	5	0	0
2	2	0	2	0.74809
8	5	2	2	0.557443
7	5	2	2	0.380772
7	5	2	2	0.316842
7	5	2	2	0.425714
7	5	2	2	0.287234
7	5	2	2	0.274247
11	6	2	4	0.657051
17	9	4	3	0.253306
16	8	3	5	0.401617
20	11	5	0	0
2	2	0	2	0.258445
8	5	2	2	0.360031
7	5	2	2	0.461834
11	6	2	4	0.573178
18	10	4	5	0.439344
19	11	5	0	0
2	2	0	2	0.293449
12	6	2	4	0.9743
17	9	4	3	0.352184
16	8	3	5	0.414191
20	11	5	0	0
2	2	0	2	0
12	6	2	4	0.370473
17	9	4	3	0
14	7	3	2	0.350577
9	5	2	2	0.298858
11	6	2	4	0.284161
18	10	4	5	0.583549
19	11	5	0	0
2	2	0	2	0.314221
12	6	2	4	0.313698
17	9	4	3	0.36637
14	7	3	2	0.443833
10	6	2	4	0.374839
18	10	4	5	0.371036
19	11	5	0	0.275886
2	2	0	2	0.545301
12	6	2	4	0.2929
17	9	4	3	0.465491
16	8	3	5	0.360757
20	11	5	0	0
1	1	0	1	0.590773
5	4	1	3	0.296979
13	7	3	2	0.357377
9	5	2	2	0.974435
11	6	2	4	0.334717
17	9	4	3	0.307298
16	8	3	5	0.274416
20	11	5	0	0
2	2	0	2	0
8	5	2	2	0.387759
11	6	2	4	0.311535
17	9	4	3	0.31743
14	7	3	2	0.268653
10	6	2	4	0.278984
18	10	4	5	0.346543
19	11	5	0	0.296518
2	2	0	2	0.844272
12	6	2	4	0.252755
17	9	4	3	0.439731
16	8	3	5	0.399841
20	11	5	0	0
1	1	0	1	0.612346
5	4	1	3	0.288074
15	8	3	5	0.305682
20	11	5	0	0
1	1	0	1	0.267451
5	4	1	3	0.540003
15	8	3	5	0.295385
20	11	5	0	0
1	1	0	1	0.25066
4	3	1	1	0
3	3	1	1	0.451071
3	3	1	1	0.349123
6	4	1	3	0.439772
13	7	3	2	0.445156
10	6	2	4	0.607049
17	9	4	3	0.343586
14	7	3	2	0.572273
10	6	2	4	0.298803
17	9	4	3	0.382728
16	8	3	5	0.394675
20	11	5	0	0
2	2	0	2	0
12	6	2	4	0.410768
17	9	4	3	0
16	8	3	5	0.275529
20	11	5	0	0
2	2	0	2	0
12	6	2	4	0.280063
17	9	4	3	0
14	7	3	2	0.567465
9	5	2	2	0.408107
7	5	2	2	0.353531
11	6	2	4	0.442124
18	10	4	5	0.548443
19	11	5	0	0
2	2	0	2	0.303263
12	6	2	4	0.460385
18	10	4	5	0.620137
19	11	5	0	0.26733
2	2	0	2	0.301109
8	5	2	2	0.631668
11	6	2	4	0
17	9	4	3	0.299314
14	7	3	2	0.516175
9	5	2	2	0.423738
11	6	2	4	0.279937
18	10	4	5	0.525146
19	11	5	0	0
2	2	0	2	0.260842
8	5	2	2	0.303357
11	6	2	4	0.278307
18	10	4	5	0.453341
19	11	5	0	0
1	1	0	1	0.61566
5	4	1	3	0.564758
13	7	3	2	0.339871
10	6	2	4	0.751196
18	10	4	5	0.420792
19	11	5	0	0.371866
1	1	0	1	0
5	4	1	3	0.493683
13	7	3	2	0.323019
9	5	2	2	0.97727
7	5	2	2	0.346567
11	6	2	4	0.580726
18	10	4	5	0.252949
19	11	5	0	0
1	1	0	1	0.305136
4	3	1	1	0.266522
6	4	1	3	0
13	7	3	2	0.312274
10	6	2	4	0.500817
17	9	4	3	0.387232
16	8	3	5	0.467579
20	11	5	0	0
2	2	0	2	0
8	5	2	2	0.407852
11	6	2	4	0.265827
18	10	4	5	0.412476
19	11	5	0	0
1	1	0	1	0.582027
4	3	1	1	0
6	4	1	3	0
15	8	3	5	0.308169
20	11	5	0	0
1	1	0	1	0
4	3	1	1	0.263464
6	4	1	3	0.326013
15	8	3	5	0.294276
20	11	5	0	0
2	2	0	2	0.426655
8	5	2	2	0.65226
11	6	2	4	0.342292
17	9	4	3	0.349669
14	7	3	2	0.266965
9	5	2	2	0.691111
11	6	2	4	0
18	10	4	5	0.498661
19	11	5	0	0
2	2	0	2	0.274785
8	5	2	2	0.541667
11	6	2	4	0.258895
17	9	4	3	0.349842
14	7	3	2	0.250435
9	5	2	2	0.659104
11	6	2	4	0.275032
17	9	4	3	0.438932
16	8	3	5	0.284157
20	11	5	0	0
2	2	0	2	0
8	5	2	2	0.406068
11	6	2	4	0.266018
18	10	4	5	0.435733
19	11	5	0	0
2	2	0	2	0
8	5	2	2	0.585074
11	6	2	4	0
17	9	4	3	0.327821
14	7	3	2	0.252079
10	6	2	4	0
17	9	4	3	0.334913
16	8	3	5	0.957328
20	11	5	0	0
1	1	0	1	0.582753
4	3	1	1	0.298415
3	3	1	1	0.415546
6	4	1	3	0.28702
13	7	3	2	0.36087
10	6	2	4	0.322687
18	10	4	5	0.410573
19	11	5	0	0.378733
2	2	0	2	0.560101
12	6	2	4	0.267542
17	9	4	3	0.283066
14	7	3	2	0.313161
9	5	2	2	0.414312
7	5	2	2	0.663872
11	6	2	4	0.375268
18	10	4	5	0.280705
19	11	5	0	0
1	1	0	1	0.313292
5	4	1	3	0.28671
15	8	3	5	0.392213
20	11	5	0	0
2	2	0	2	0.573156
8	5	2	2	0.364102
11	6	2	4	0.334071
17	9	4	3	0.329978
14	7	3	2	0.253384
9	5	2	2	0.705792
11	6	2	4	0
18	10	4	5	0.502893
19	11	5	0	0
2	2	0	2	0.258631
12	6	2	4	0
18	10	4	5	0.525338
19	11	5	0	0
2	2	0	2	0.297447
12	6	2	4	0.464755
17	9	4	3	0.311599
16	8	3	5	0.308628
20	11	5	0	0
2	2	0	2	0
12	6	2	4	0.279282
17	9	4	3	0.259822
16	8	3	5	0.334817
20	11	5	0	0
2	2	0	2	0
8	5	2	2	0.347713
7	5	2	2	0.836179
7	5	2	2	0.657813
11	6	2	4	0.456839
17	9	4	3	0.254353
14	7	3	2	0.374684
10	6	2	4	0
18	10	4	5	0.287013
19	11	5	0	0.290557
1	1	0	1	0.77369
4	3	1	1	0.382683
3	3	1	1	0.363194
3	3	1	1	0.426807
6	4	1	3	0.399176
13	7	3	2	0.422261
9	5	2	2	0.810749
7	5	2	2	0.322011
11	6	2	4	0.545974
17	9	4	3	0.255411
14	7	3	2	0.345981
9	5	2	2	0.571696
11	6	2	4	0.267024
18	10	4	5	0.497288
19	11	5	0	0
1	1	0	1	0.297857
4	3	1	1	0.262685
6	4	1	3	0.270223
13	7	3	2	0.291426
10	6	2	4	0.481308
18	10	4	5	0.255229
19	11	5	0	0.359633
1	1	0	1	0.511476
4	3	1	1	0.476629
6	4	1	3	0.310458
13	7	3	2	0.276706
10	6	2	4	0.459504
18	10	4	5	0.267051
19	11	5	0	0.356794
2	2	0	2	0.668083
8	5	2	2	0.31391
11	6	2	4	0
17	9	4	3	0.321129
16	8	3	5	0.553736
20	11	5	0	0
2	2	0	2	0
12	6	2	4	0.413264
17	9	4	3	0
16	8	3	5	0.306451
20	11	5	0	0
2	2	0	2	0
8	5	2	2	0.337023
11	6	2	4	0
17	9	4	3	0.304371
16	8	3	5	0.294381
20	11	5	0	0
1	1	0	1	0.693795
5	4	1	3	0.284156
13	7	3	2	0.326733
9	5	2	2	0.983065
11	6	2	4	0.295169
17	9	4	3	0.298762
16	8	3	5	0.300582
20	11	5	0	0
1	1	0	1	0.663719
4	3	1	1	0.318045
6	4	1	3	0.346005
15	8	3	5	0.300309
20	11	5	0	0
2	2	0	2	0.376839
12	6	2	4	0
18	10	4	5	0.750844
19	11	5	0	0
2	2	0	2	0
12	6	2	4	0.360846
18	10	4	5	0.478105
19	11	5	0	0
1	1	0	1	0.398481
5	4	1	3	0.330857
13	7	3	2	0.334139
10	6	2	4	0.957409
17	9	4	3	0.375575
16	8	3	5	0.273654
20	11	5	0	0
1	1	0	1	0.681423
5	4	1	3	0.271794
13	7	3	2	0.319835
10	6	2	4	0.978008
18	10	4	5	0.472982
19	11	5	0	0.35175
1	1	0	1	0.262868
4	3	1	1	0.392491
3	3	1	1	0.304293
3	3	1	1	0.450345
6	4	1	3	0.377913
15	8	3	5	0.478061
20	11	5	0	0
2	2	0	2	0.558312
8	5	2	2	0.379273
7	5	2	2	0.627601
11	6	2	4	0.267899
18	10	4	5	0.272867
19	11	5	0	0
2	2	0	2	0
8	5	2	2	0.775554
11	6	2	4	0
18	10	4	5	0.383238
19	11	5	0	0
1	1	0	1	0.585633
5	4	1	3	0.552889
15	8	3	5	0.379533
20	11	5	0	0
1	1	0	1	0
4	3	1	1	0
3	3	1	1	0.464633
6	4	1	3	0.272753
15	8	3	5	0.435824
20	11	5	0	0
2	2	0	2	0.585349
12	6	2	4	0.261216
17	9	4	3	0.657978
14	7	3	2	0.358737
10	6	2	4	0.264093
17	9	4	3	0.586476
14	7	3	2	0.574689
9	5	2	2	0.622988
11	6	2	4	0
17	9	4	3	0.448406
16	8	3	5	0.258648
20	11	5	0	0
2	2	0	2	0
12	6	2	4	0.408223
18	10	4	5	0.273852
19	11	5	0	0
2	2	0	2	0.302833
12	6	2	4	0.397453
17	9	4	3	0.333786
14	7	3	2	0.331562
10	6	2	4	0.278288
17	9	4	3	0.32198
16	8	3	5	0.397958
20	11	5	0	0
1	1	0	1	0.683687
5	4	1	3	0.278902
13	7	3	2	0.333046
10	6	2	4	0.976245
17	9	4	3	0.371615
16	8	3	5	0.265016
20	11	5	0	0
1	1	0	1	0.699162
5	4	1	3	0.269861
15	8	3	5	0.330593
20	11	5	0	0
2	2	0	2	0.387778
8	5	2	2	0.380138
7	5	2	2	0.602259
11	6	2	4	0.286292
17	9	4	3	0.322042
14	7	3	2	0.30449
10	6	2	4	0
18	10	4	5	0.279524
19	11	5	0	0.292484
1	1	0	1	0.783752
5	4	1	3	0.326654
13	7	3	2	0.320044
9	5	2	2	0.987621
7	5	2	2	0.368051
7	5	2	2	0.275686
11	6	2	4	0
17	9	4	3	0.333222
16	8	3	5	0.342006
20	11	5	0	0
1	1	0	1	0.641278
4	3	1	1	0.327184
3	3	1	1	0.423747
6	4	1	3	0.28827
13	7	3	2	0.349881
10	6	2	4	0.297625
18	10	4	5	0.386394
19	11	5	0	0.378556
1	1	0	1	0
5	4	1	3	0.487139
15	8	3	5	0.305726
20	11	5	0	0
1	1	0	1	0.312579
4	3	1	1	0.307825
3	3	1	1	0.465395
6	4	1	3	0.266141
15	8	3	5	0.439803
20	11	5	0	0
1	1	0	1	0
4	3	1	1	0.251871
3	3	1	1	0.479129
3	3	1	1	0.353173
6	4	1	3	0.416602
15	8	3	5	0.408218
20	11	5	0	0
2	2	0	2	0.589394
12	6	2	4	0.327743
17	9	4	3	0.588799
14	7	3	2	0.390854
9	5	2	2	0.399137
7	5	2	2	0.666544
7	5	2	2	0.44246
7	5	2	2	0.303345
11	6	2	4	0.260939
18	10	4	5	0.277427
19	11	5	0	0
1	1	0	1	0.286827
4	3	1	1	0
6	4	1	3	0.517096
13	7	3	2	0.326282
9	5	2	2	0.692752
11	6	2	4	0.307428
17	9	4	3	0.412447
14	7	3	2	0.297427
9	5	2	2	0.351464
7	5	2	2	0.56544
11	6	2	4	0.35561
18	10	4	5	0.258137
19	11	5	0	0
2	2	0	2	0.313995
8	5	2	2	0.593188
7	5	2	2	0.619979
11	6	2	4	0.268699
18	10	4	5	0.301949
19	11	5	0	0
2	2	0	2	0.25298
12	6	2	4	0.94585
18	10	4	5	0.557479
19	11	5	0	0.262947
2	2	0	2	0.391475
8	5	2	2	0.530526
11	6	2	4	0
18	10	4	5	0.42733
19	11	5	0	0
1	1	0	1	0.546331
4	3	1	1	0
3	3	1	1	0.261589
3	3	1	1	0.467142
3	3	1	1	0.480661
6	4	1	3	0.737529
15	8	3	5	0.378381
20	11	5	0	0
1	1	0	1	0
4	3	1	1	0
6	4	1	3	0.459713
13	7	3	2	0.301714
9	5	2	2	0.557788
7	5	2	2	0.340934
7	5	2	2	0.259975
11	6	2	4	0.255241
18	10	4	5	0.266762
19	11	5	0	0
2	2	0	2	0.281921
12	6	2	4	0.46726
17	9	4	3	0.436
16	8	3	5	0.378818
20	11	5	0	0
2	2	0	2	0
8	5	2	2	0.360191
11	6	2	4	0.254212
18	10	4	5	0.405796
19	11	5	0	0
2	2	0	2	0
12	6	2	4	0.450743
18	10	4	5	0.502934
19	11	5	0	0.25932
1	1	0	1	0.422178
5	4	1	3	0.371654
15	8	3	5	0.298397
20	11	5	0	0
2	2	0	2	0.498368
8	5	2	2	0.36397
7	5	2	2	0.666035
7	5	2	2	0.341002
11	6	2	4	0.414533
18	10	4	5	0.258763
19	11	5	0	0
1	1	0	1	0.275649
4	3	1	1	0
6	4	1	3	0.524306
13	7	3	2	0.333589
9	5	2	2	0.646075
11	6	2	4	0.316216
17	9	4	3	0.454242
14	7	3	2	0.304049
9	5	2	2	0.326727
11	6	2	4	0.255083
18	10	4	5	0.44497
19	11	5	0	0
1	1	0	1	0.252857
4	3	1	1	0
3	3	1	1	0.274303
6	4	1	3	0.307335
15	8	3	5	0.418607
20	11	5	0	0
1	1	0	1	0
5	4	1	3	0.56636
15	8	3	5	0.304233
20	11	5	0	0
1	1	0	1	0
5	4	1	3	0.559831
15	8	3	5	0.302185
20	11	5	0	0
1	1	0	1	0
4	3	1	1	0
3	3	1	1	0.411345
6	4	1	3	0.275281
13	7	3	2	0.373402
9	5	2	2	0.350663
7	5	2	2	0.320987
11	6	2	4	0.580675
18	10	4	5	0
19	11	5	0	0
2	2	0	2	0.331337
8	5	2	2	0.45442
7	5	2	2	0.620611
11	6	2	4	0.262667
17	9	4	3	0.35339
14	7	3	2	0.398041
10	6	2	4	0
18	10	4	5	0.295687
19	11	5	0	0.290677
1	1	0	1	0.618436
5	4	1	3	0.333834
15	8	3	5	0.290216
20	11	5	0	0
1	1	0	1	0.289285
5	4	1	3	0.284173
13	7	3	2	0.355941
9	5	2	2	0.96717
11	6	2	4	0.323244
18	10	4	5	0.355356
19	11	5	0	0
1	1	0	1	0
4	3	1	1	0
3	3	1	1	0.266927
6	4	1	3	0.333884
13	7	3	2	0.349357
10	6	2	4	0.330988
17	9	4	3	0.579333
16	8	3	5	0.269354
20	11	5	0	0
1	1	0	1	0.296243
5	4	1	3	0.275006
15	8	3	5	0.311611
20	11	5	0	0
1	1	0	1	0.254293
4	3	1	1	0
3	3	1	1	0.445611
3	3	1	1	0.352436
6	4	1	3	0.399824
13	7	3	2	0.413018
9	5	2	2	0.639437
11	6	2	4	0.292206
17	9	4	3	0.395783
16	8	3	5	0.268425
20	11	5	0	0
1	1	0	1	0.525091
4	3	1	1	0.28038
6	4	1	3	0.35467
15	8	3	5	0.266391
20	11	5	0	0
2	2	0	2	0.821958
12	6	2	4	0
17	9	4	3	0.777576
14	7	3	2	0.387317
9	5	2	2	0.346482
7	5	2	2	0.598567
11	6	2	4	0.380491
17	9	4	3	0.563564
14	7	3	2	0.370385
10	6	2	4	0
18	10	4	5	0.342739
19	11	5	0	0.283907
1	1	0	1	0.361096
5	4	1	3	0.354745
15	8	3	5	0.288491
20	11	5	0	0
2	2	0	2	0.553022
8	5	2	2	0.562134
7	5	2	2	0.376594
11	6	2	4	0.320108
17	9	4	3	0.360242
16	8	3	5	0.432649
20	11	5	0	0
2	2	0	2	0
12	6	2	4	0.433787
17	9	4	3	0.272589
16	8	3	5	0.270752
20	11	5	0	0
2	2	0	2	0.273239
12	6	2	4	0.292443
17	9	4	3	0.318349
14	7	3	2	0.308657
9	5	2	2	0.353793
11	6	2	4	0
17	9	4	3	0.469992
16	8	3	5	0
20	11	5	0	0
1	1	0	1	0.58633
5	4	1	3	0.298507
13	7	3	2	0.338224
10	6	2	4	0.991334
17	9	4	3	0.410347
14	7	3	2	0.293998
10	6	2	4	0.306272
18	10	4	5	0.327907
19	11	5	0	0.275537
1	1	0	1	0.397337
4	3	1	1	0.359435
6	4	1	3	0.274766
13	7	3	2	0.289832
10	6	2	4	0.514812
18	10	4	5	0.291329
19	11	5	0	0.361314
1	1	0	1	0.436277
4	3	1	1	0.423809
3	3	1	1	0.341716
3	3	1	1	0.373032
3	3	1	1	0.491124
3	3	1	1	0.678965
6	4	1	3	0.258095
13	7	3	2	0.361334
10	6	2	4	0.324067
18	10	4	5	0.398443
19	11	5	0	0.407757
2	2	0	2	0.638636
8	5	2	2	0.259647
7	5	2	2	0.6888
7	5	2	2	0.505208
7	5	2	2	0.446625
7	5	2	2	0.634617
11	6	2	4	0.267368
17	9	4	3	0.540135
14	7	3	2	0.305336
10	6	2	4	0.293632
18	10	4	5	0.356223
19	11	5	0	0.291197
1	1	0	1	0.38288
4	3	1	1	0.338551
6	4	1	3	0.280301
13	7	3	2	0.285453
9	5	2	2	0.55152
11	6	2	4	0.327488
18	10	4	5	0.388134
19	11	5	0	0
1	1	0	1	0.261014
4	3	1	1	0
6	4	1	3	0
15	8	3	5	0.290457
20	11	5	0	0
1	1	0	1	0
5	4	1	3	0.306348
15	8	3	5	0.328339
20	11	5	0	0
2	2	0	2	0.673584
8	5	2	2	0.348936
11	6	2	4	0.35212
17	9	4	3	0.423118
14	7	3	2	0.260245
10	6	2	4	0
17	9	4	3	0.4424
16	8	3	5	0.94859
20	11	5	0	0
2	2	0	2	0.270695
8	5	2	2	0.403102
7	5	2	2	0.526726
7	5	2	2	0.542241
11	6	2	4	0.494028
17	9	4	3	0.321205
16	8	3	5	0.451567
20	11	5	0	0
2	2	0	2	0
8	5	2	2	0.387564
7	5	2	2	0.545546
7	5	2	2	0.526131
11	6	2	4	0.531714
17	9	4	3	0.313475
16	8	3	5	0.43739
20	11	5	0	0
1	1	0	1	0.567308
4	3	1	1	0.273821
3	3	1	1	0.352066
3	3	1	1	0.360194
6	4	1	3	0.401193
13	7	3	2	0.425726
9	5	2	2	0.656612
7	5	2	2	0.296731
11	6	2	4	0.635854
18	10	4	5	0.296838
19	11	5	0	0
1	1	0	1	0.279144
5	4	1	3	0.591261
13	7	3	2	0.318472
9	5	2	2	0.481279
7	5	2	2	0.312808
7	5	2	2	0
7	5	2	2	0.270838
7	5	2	2	0
7	5	2	2	0
7	5	2	2	0
7	5	2	2	0
7	5	2	2	0
11	6	2	4	0.62851
17	9	4	3	0.256677
16	8	3	5	0.299279
20	11	5	0	0
2	2	0	2	0.270609
8	5	2	2	0.355369
7	5	2	2	0.44278
7	5	2	2	0
11	6	2	4	0.660045
18	10	4	5	0.38044
19	11	5	0	0
2	2	0	2	0.35369
12	6	2	4	0.683947
17	9	4	3	0.41934
14	7	3	2	0.485278
9	5	2	2	0.288355
11	6	2	4	0.287226
18	10	4	5	0.623759
19	11	5	0	0
2	2	0	2	0.328815
12	6	2	4	0.593752
17	9	4	3	0.419582
16	8	3	5	0.337584
20	11	5	0	0
2	2	0	2	0
12	6	2	4	0.359295
18	10	4	5	0.441688
19	11	5	0	0
1	1	0	1	0.325329
4	3	1	1	0
3	3	1	1	0.354927
6	4	1	3	0.283645
15	8	3	5	0.414705
20	11	5	0	0
1	1	0	1	0
5	4	1	3	0.574856
15	8	3	5	0.297939
20	11	5	0	0
1	1	0	1	0
4	3	1	1	0
6	4	1	3	0.416454
13	7	3	2	0.300536
9	5	2	2	0.491324
7	5	2	2	0.308812
11	6	2	4	0.663196
17	9	4	3	0.298544
14	7	3	2	0.368046
10	6	2	4	0.540263
17	9	4	3	0.440902
14	7	3	2	0.599723
9	5	2	2	0.255299
7	5	2	2	0.266629
7	5	2	2	0.361549
7	5	2	2	0
7	5	2	2	0
11	6	2	4	0.632137
18	10	4	5	0.279145
19	11	5	0	0
2	2	0	2	0.324894
8	5	2	2	0.502827
11	6	2	4	0.291031
17	9	4	3	0.374972
14	7	3	2	0
9	5	2	2	0.306539
11	6	2	4	0.326567
17	9	4	3	0.474847
16	8	3	5	0.264497
20	11	5	0	0
1	1	0	1	0.30311
4	3	1	1	0.295881
6	4	1	3	0.341586
15	8	3	5	0.288165
20	11	5	0	0
1	1	0	1	0
5	4	1	3	0.289516
15	8	3	5	0.328055
20	11	5	0	0
2	2	0	2	0.698634
12	6	2	4	0.329184
18	10	4	5	0.838965
19	11	5	0	0
1	1	0	1	0
5	4	1	3	0.570339
13	7	3	2	0.330854
10	6	2	4	0.881755
18	10	4	5	0.529477
19	11	5	0	0.363917
1	1	0	1	0
4	3	1	1	0.476475
6	4	1	3	0.306293
15	8	3	5	0.281632
20	11	5	0	0
1	1	0	1	0
5	4	1	3	0.278954
13	7	3	2	0.328677
9	5	2	2	0.939525
11	6	2	4	0.340933
17	9	4	3	0.376648
14	7	3	2	0.292991
9	5	2	2	0.30008
11	6	2	4	0.286766
17	9	4	3	0.485217
16	8	3	5	0.27227
20	11	5	0	0
2	2	0	2	0.255079
12	6	2	4	0.446514
17	9	4	3	0
14	7	3	2	0.261646
10	6	2	4	0.31134
18	10	4	5	0.398131
19	11	5	0	0.294368
2	2	0	2	0.804145
8	5	2	2	0.254142
7	5	2	2	0.605827
11	6	2	4	0.587592
17	9	4	3	0.282915
16	8	3	5	0.570884
20	11	5	0	0
2	2	0	2	0
12	6	2	4	0.432133
17	9	4	3	0
14	7	3	2	0.269926
10	6	2	4	0.306318
18	10	4	5	0.397055
19	11	5	0	0.296293
1	1	0	1	0.505764
5	4	1	3	0.330612
15	8	3	5	0.313018
20	11	5	0	0
2	2	0	2	0.453437
12	6	2	4	0
18	10	4	5	0.599759
19	11	5	0	0
2	2	0	2	0.330168
8	5	2	2	0.324672
11	6	2	4	0.328285
18	10	4	5	0.495589
19	11	5	0	0
1	1	0	1	0.545792
4	3	1	1	0
3	3	1	1	0.532056
6	4	1	3	0.337643
15	8	3	5	0.457429
20	11	5	0	0
1	1	0	1	0
4	3	1	1	0.251478
6	4	1	3	0.426446
13	7	3	2	0.287947
9	5	2	2	0.547131
11	6	2	4	0.320146
17	9	4	3	0.387585
14	7	3	2	0.285892
10	6	2	4	0.31744
17	9	4	3	0.440982
14	7	3	2	0.487488
10	6	2	4	0.271704
17	9	4	3	0.428855
14	7	3	2	0.465267
9	5	2	2	0.301546
7	5	2	2	0.296909
7	5	2	2	0.432909
11	6	2	4	0.522057
18	10	4	5	0.291067
19	11	5	0	0
2	2	0	2	0.323541
12	6	2	4	0.522772
17	9	4	3	0.378584
16	8	3	5	0.448082
20	11	5	0	0
2	2	0	2	0
8	5	2	2	0.336578
11	6	2	4	0.289389
17	9	4	3	0.329133
14	7	3	2	0
10	6	2	4	0.265392
17	9	4	3	0.351996
14	7	3	2	0.961715
9	5	2	2	0.28349
11	6	2	4	0
17	9	4	3	0.391903
16	8	3	5	0.545593
20	11	5	0	0
2	2	0	2	0
8	5	2	2	0.38663
11	6	2	4	0.294889
18	10	4	5	0.502169
19	11	5	0	0
1	1	0	1	0.586398
4	3	1	1	0
3	3	1	1	0.547869
3	3	1	1	0.495087
6	4	1	3	0.341672
15	8	3	5	0.453437
20	11	5	0	0
1	1	0	1	0
5	4	1	3	0.284812
15	8	3	5	0.300031
20	11	5	0	0
1	1	0	1	0
5	4	1	3	0.521796
13	7	3	2	0.323727
9	5	2	2	0.96936
11	6	2	4	0.313668
18	10	4	5	0.387362
19	11	5	0	0
2	2	0	2	0.309183
8	5	2	2	0.324124
11	6	2	4	0.285556
18	10	4	5	0.496258
19	11	5	0	0
2	2	0	2	0
12	6	2	4	0.480822
18	10	4	5	0.590557
19	11	5	0	0.258773
2	2	0	2	0.349633
8	5	2	2	0.581233
7	5	2	2	0.646752
7	5	2	2	0.263501
7	5	2	2	0.454478
7	5	2	2	0.639932
11	6	2	4	0.259596
18	10	4	5	0.27605
19	11	5	0	0
2	2	0	2	0.316146
12	6	2	4	0.450574
18	10	4	5	0.612674
19	11	5	0	0.255298
2	2	0	2	0.34892
12	6	2	4	0.550591
17	9	4	3	0
14	7	3	2	0.378937
9	5	2	2	0.37393
11	6	2	4	0
18	10	4	5	0.47564
19	11	5	0	0
1	1	0	1	0.278843
4	3	1	1	0.261779
3	3	1	1	0.555818
6	4	1	3	0.284266
15	8	3	5	0.463647
20	11	5	0	0
2	2	0	2	0.591883
12	6	2	4	0.265753
17	9	4	3	0.623062
14	7	3	2	0.319188
9	5	2	2	0.379392
11	6	2	4	0
18	10	4	5	0.450827
19	11	5	0	0
2	2	0	2	0.267226
12	6	2	4	0
18	10	4	5	0.494738
19	11	5	0	0.253655
2	2	0	2	0.32025
8	5	2	2	0.635961
7	5	2	2	0.673957
11	6	2	4	0
17	9	4	3	0.283416
16	8	3	5	0.602211
20	11	5	0	0
2	2	0	2	0
8	5	2	2	0.413069
7	5	2	2	0.63159
7	5	2	2	0.596831
11	6	2	4	0.463812
18	10	4	5	0.271822
19	11	5	0	0
1	1	0	1	0.302906
4	3	1	1	0
3	3	1	1	0.518067
3	3	1	1	0.548333
6	4	1	3	0.368096
15	8	3	5	0.447444
20	11	5	0	0
2	2	0	2	0.564833
8	5	2	2	0.335586
11	6	2	4	0.330697
17	9	4	3	0.360438
14	7	3	2	0.255637
9	5	2	2	0.400519
7	5	2	2	0.330495
11	6	2	4	0.286941
18	10	4	5	0.253242
19	11	5	0	0
1	1	0	1	0.30059
5	4	1	3	0.559915
13	7	3	2	0.320124
9	5	2	2	0.550064
7	5	2	2	0.347462
7	5	2	2	0
7	5	2	2	0.317335
7	5	2	2	0.269634
7	5	2	2	0.273984
11	6	2	4	0.295829
17	9	4	3	0.297098
16	8	3	5	0.350075
20	11	5	0	0
1	1	0	1	0.598529
4	3	1	1	0.321331
6	4	1	3	0.348773
13	7	3	2	0.294614
9	5	2	2	0.515079
11	6	2	4	0.341937
18	10	4	5	0.426279
19	11	5	0	0
2	2	0	2	0.307777
8	5	2	2	0.277819
11	6	2	4	0.295407
17	9	4	3	0.378552
14	7	3	2	0
10	6	2	4	0.272077
17	9	4	3	0.39729
14	7	3	2	0.968267
10	6	2	4	0.264908
18	10	4	5	0.383949
19	11	5	0	0.278878
1	1	0	1	0.392709
5	4	1	3	0.338282
13	7	3	2	0.302612
9	5	2	2	0.960269
7	5	2	2	0.32998
11	6	2	4	0.615369
17	9	4	3	0.29265
14	7	3	2	0.319925
9	5	2	2	0.268673
11	6	2	4	0.291423
17	9	4	3	0.469878
14	7	3	2	0.251132
9	5	2	2	0.312241
11	6	2	4	0.264476
17	9	4	3	0.435106
16	8	3	5	0.582139
20	11	5	0	0
1	1	0	1	0.600538
5	4	1	3	0.260924
15	8	3	5	0.375514
20	11	5	0	0
1	1	0	1	0.268152
5	4	1	3	0.255029
13	7	3	2	0.309736
9	5	2	2	0.957407
7	5	2	2	0.313002
11	6	2	4	0.631917
18	10	4	5	0.296164
19	11	5	0	0
2	2	0	2	0.333879
8	5	2	2	0.44633
11	6	2	4	0.26858
18	10	4	5	0.504954
19	11	5	0	0
2	2	0	2	0
8	5	2	2	0.473368
7	5	2	2	0.3684
7	5	2	2	0
7	5	2	2	0.417671
7	5	2	2	0.576446
7	5	2	2	0.302986
7	5	2	2	0
11	6	2	4	0.603296
18	10	4	5	0.264099
19	11	5	0	0
2	2	0	2	0.340037
12	6	2	4	0.485069
17	9	4	3	0.407199
14	7	3	2	0.380458
9	5	2	2	0.299044
7	5	2	2	0.285554
7	5	2	2	0.353087
7	5	2	2	0
7	5	2	2	0
7	5	2	2	0
7	5	2	2	0
11	6	2	4	0.622468
17	9	4	3	0.266909
14	7	3	2	0.265597
10	6	2	4	0.5814
18	10	4	5	0.426447
19	11	5	0	0.273126
1	1	0	1	0.320814
5	4	1	3	0.312167
13	7	3	2	0.280971
10	6	2	4	0.95602
18	10	4	5	0.576873
19	11	5	0	0.3475
1	1	0	1	0
4	3	1	1	0.525434
6	4	1	3	0
15	8	3	5	0.355074
20	11	5	0	0
1	1	0	1	0
5	4	1	3	0
13	7	3	2	0.288254
9	5	2	2	0.690043
11	6	2	4	0.353016
18	10	4	5	0.382305
19	11	5	0	0
1	1	0	1	0.272907
5	4	1	3	0
15	8	3	5	0.484254
20	11	5	0	0
1	1	0	1	0
4	3	1	1	0.57314
6	4	1	3	0.330385
13	7	3	2	0
10	6	2	4	0.556724
18	10	4	5	0.281014
19	11	5	0	0.341792
1	1	0	1	0.351885
4	3	1	1	0.588763
6	4	1	3	0.268453
15	8	3	5	0.618733
20	11	5	0	0
1	1	0	1	0
4	3	1	1	0.570818
6	4	1	3	0.279695
13	7	3	2	0
10	6	2	4	0.539863
17	9	4	3	0.376692
16	8	3	5	0.574309
20	11	5	0	0
1	1	0	1	0.268206
5	4	1	3	0
13	7	3	2	0.271961
9	5	2	2	0.950518
7	5	2	2	0.316743
11	6	2	4	0.655628
18	10	4	5	0.27396
19	11	5	0	0
1	1	0	1	0.26215
5	4	1	3	0.25015
13	7	3	2	0.260856
9	5	2	2	0.392768
7	5	2	2	0.334882
7	5	2	2	0
11	6	2	4	0.54546
18	10	4	5	0
19	11	5	0	0
1	1	0	1	0.250466
4	3	1	1	0.580195
3	3	1	1	0.629388
6	4	1	3	0.314172
13	7	3	2	0.288247
10	6	2	4	0.355726
18	10	4	5	0.448301
19	11	5	0	0.356262
1	1	0	1	0
5	4	1	3	0.408039
15	8	3	5	0.369789
20	11	5	0	0
2	2	0	2	0.741182
8	5	2	2	0.290219
11	6	2	4	0.278212
17	9	4	3	0.475425
14	7	3	2	0
9	5	2	2	0.290107
11	6	2	4	0.330851
17	9	4	3	0.611252
14	7	3	2	0
10	6	2	4	0.305806
17	9	4	3	0.532829
16	8	3	5	0.622307
20	11	5	0	0
1	1	0	1	0.256294
4	3	1	1	0.651668
6	4	1	3	0.272657
15	8	3	5	0.631126
20	11	5	0	0
2	2	0	2	0.822481
8	5	2	2	0.293204
7	5	2	2	0.353847
7	5	2	2	0.292676
7	5	2	2	0.392137
11	6	2	4	0.268194
18	10	4	5	0
19	11	5	0	0
2	2	0	2	0.332298
12	6	2	4	0.519018
18	10	4	5	0.626663
19	11	5	0	0
2	2	0	2	0.423038
12	6	2	4	0.571797
17	9	4	3	0.297228
16	8	3	5	0.484749
20	11	5	0	0
1	1	0	1	0.26077
5	4	1	3	0
15	8	3	5	0.385152
20	11	5	0	0
2	2	0	2	0.75833
12	6	2	4	0.326785
17	9	4	3	0.525741
14	7	3	2	0.322581
9	5	2	2	0.313481
11	6	2	4	0
17	9	4	3	0.50722
14	7	3	2	0
9	5	2	2	0.273634
11	6	2	4	0.287932
18	10	4	5	0.495286
19	11	5	0	0
1	1	0	1	0.251085
4	3	1	1	0.56478
3	3	1	1	0.635913
3	3	1	1	0.543402
6	4	1	3	0.329063
13	7	3	2	0.634984
10	6	2	4	0.669903
18	10	4	5	0.412076
19	11	5	0	0.35273
1	1	0	1	0
5	4	1	3	0.41668
15	8	3	5	0.347742
20	11	5	0	0
1	1	0	1	0
4	3	1	1	0.593392
6	4	1	3	0.333137
15	8	3	5	0.579866
20	11	5	0	0
1	1	0	1	0
4	3	1	1	0.539569
6	4	1	3	0.287287
13	7	3	2	0.255425
9	5	2	2	0.469474
11	6	2	4	0.346674
17	9	4	3	0.460478
16	8	3	5	0.585749
20	11	5	0	0
2	2	0	2	0.255407
12	6	2	4	0.449037
18	10	4	5	0.258923
19	11	5	0	0
2	2	0	2	0.379258
8	5	2	2	0.475372
11	6	2	4	0
18	10	4	5	0.437251
19	11	5	0	0
2	2	0	2	0.266813
12	6	2	4	0.41938
17	9	4	3	0.443992
16	8	3	5	0.452742
20	11	5	0	0
1	1	0	1	0.289218
5	4	1	3	0.251851
15	8	3	5	0.345652
20	11	5	0	0
2	2	0	2	0.476558
12	6	2	4	0.303734
18	10	4	5	0.657509
19	11	5	0	0
2	2	0	2	0.320425
12	6	2	4	0.286098
18	10	4	5	0.487459
19	11	5	0	0
1	1	0	1	0.36185
5	4	1	3	0.318332
13	7	3	2	0.294025
9	5	2	2	0.7179
11	6	2	4	0.315319
17	9	4	3	0.429786
16	8	3	5	0.332485
20	11	5	0	0
1	1	0	1	0.563347
5	4	1	3	0.259027
13	7	3	2	0.292854
10	6	2	4	0.98346
18	10	4	5	0.467625
19	11	5	0	0.336108
2	2	0	2	0.63298
8	5	2	2	0.431496
11	6	2	4	0
18	10	4	5	0.365044
19	11	5	0	0
2	2	0	2	0.266446
12	6	2	4	0.343695
17	9	4	3	0.452819
14	7	3	2	0.355523
10	6	2	4	0.272703
17	9	4	3	0.40007
16	8	3	5	0.604146
20	11	5	0	0
1	1	0	1	0.539051
5	4	1	3	0
15	8	3	5	0.367095
20	11	5	0	0
1	1	0	1	0.274003
4	3	1	1	0.554172
3	3	1	1	0.554084
6	4	1	3	0
13	7	3	2	0.319611
9	5	2	2	0.353619
11	6	2	4	0.276825
18	10	4	5	0.252752
19	11	5	0	0
1	1	0	1	0.259908
4	3	1	1	0.260531
3	3	1	1	0.57537
3	3	1	1	0.552687
3	3	1	1	0.557599
3	3	1	1	0.822067
6	4	1	3	0
15	8	3	5	0.437716
20	11	5	0	0
1	1	0	1	0
5	4	1	3	0.286728
13	7	3	2	0.343853
10	6	2	4	0.978193
17	9	4	3	0.493256
16	8	3	5	0.279768
20	11	5	0	0
1	1	0	1	0.336849
4	3	1	1	0.297341
6	4	1	3	0.306277
15	8	3	5	0.290046
20	11	5	0	0
1	1	0	1	0.263115
5	4	1	3	0.277227
15	8	3	5	0.328526
20	11	5	0	0
2	2	0	2	0.731739
12	6	2	4	0.288471
18	10	4	5	0.62616
19	11	5	0	0
2	2	0	2	0.313339
8	5	2	2	0.515506
7	5	2	2	0.678054
11	6	2	4	0
17	9	4	3	0.598116
16	8	3	5	0.53317
20	11	5	0	0
2	2	0	2	0
8	5	2	2	0.42654
7	5	2	2	0.848927
11	6	2	4	0
18	10	4	5	0.295656
19	11	5	0	0
2	2	0	2	0
12	6	2	4	0.497734
18	10	4	5	0.473648
19	11	5	0	0.256638
1	1	0	1	0.450801
5	4	1	3	0.356295
15	8	3	5	0.297433
20	11	5	0	0
2	2	0	2	0.552455
12	6	2	4	0.251165
17	9	4	3	0.611519
16	8	3	5	0.349468
20	11	5	0	0
1	1	0	1	0.366268
5	4	1	3	0.279518
13	7	3	2	0.322431
9	5	2	2	0.978043
7	5	2	2	0.362961
7	5	2	2	0.277564
7	5	2	2	0.585802
7	5	2	2	0.524545
7	5	2	2	0.275722
7	5	2	2	0.273065
7	5	2	2	0.269637
7	5	2	2	0.263903
11	6	2	4	0.27473
18	10	4	5	0.251683
19	11	5	0	0
2	2	0	2	0.336584
12	6	2	4	0.443538
17	9	4	3	0.460419
16	8	3	5	0.412917
20	11	5	0	0
2	2	0	2	0.253185
12	6	2	4	0.331544
18	10	4	5	0.325611
19	11	5	0	0
2	2	0	2	0.362175
8	5	2	2	0.465303
11	6	2	4	0
18	10	4	5	0.399592
19	11	5	0	0
1	1	0	1	0.281541
5	4	1	3	0.545153
15	8	3	5	0.355334
20	11	5	0	0
1	1	0	1	0
4	3	1	1	0
6	4	1	3	0.39439
15	8	3	5	0.27248
20	11	5	0	0
1	1	0	1	0
4	3	1	1	0.260912
3	3	1	1	0.359991
6	4	1	3	0.285299
13	7	3	2	0.362532
10	6	2	4	0.309137
17	9	4	3	0.539434
14	7	3	2	0.299113
9	5	2	2	0.296478
11	6	2	4	0.256614
18	10	4	5	0.410606
19	11	5	0	0
1	1	0	1	0
5	4	1	3	0.536367
13	7	3	2	0.332255
10	6	2	4	0.826652
18	10	4	5	0.387544
19	11	5	0	0.34818
1	1	0	1	0
5	4	1	3	0.439137
13	7	3	2	0.301791
9	5	2	2	0.962016
7	5	2	2	0.362041
11	6	2	4	0.348465
17	9	4	3	0.63004
14	7	3	2	0.323773
10	6	2	4	0.264743
17	9	4	3	0.486437
14	7	3	2	0.959931
9	5	2	2	0.54573
7	5	2	2	0.324582
11	6	2	4	0.33611
17	9	4	3	0.584066
16	8	3	5	0.346185
20	11	5	0	0
2	2	0	2	0
12	6	2	4	0.42984
18	10	4	5	0
19	11	5	0	0
2	2	0	2	0.369826
12	6	2	4	0.405108
18	10	4	5	0.431781
19	11	5	0	0
1	1	0	1	0.347589
4	3	1	1	0.292683
6	4	1	3	0.279566
15	8	3	5	0.290979
20	11	5	0	0
2	2	0	2	0.506188
12	6	2	4	0
17	9	4	3	0.743551
16	8	3	5	0.360004
20	11	5	0	0
1	1	0	1	0.341745
5	4	1	3	0.260653
13	7	3	2	0.299541
10	6	2	4	0.981173
18	10	4	5	0.458902
19	11	5	0	0.344273
2	2	0	2	0.622824
12	6	2	4	0.336182
18	10	4	5	0.39106
19	11	5	0	0
1	1	0	1	0.27227
5	4	1	3	0.2571
13	7	3	2	0.295178
9	5	2	2	0.591189
7	5	2	2	0.37025
11	6	2	4	0.328529
17	9	4	3	0.630884
14	7	3	2	0.307637
9	5	2	2	0.576902
11	6	2	4	0.276017
18	10	4	5	0.395978
19	11	5	0	0
2	2	0	2	0.544216
12	6	2	4	0
18	10	4	5	0.42062
19	11	5	0	0
1	1	0	1	0.38233
4	3	1	1	0.3073
6	4	1	3	0.284517
15	8	3	5	0.30839
20	11	5	0	0
2	2	0	2	0.514804
8	5	2	2	0.684521
11	6	2	4	0.301147
18	10	4	5	0.337722
19	11	5	0	0
2	2	0	2	0.266173
8	5	2	2	0.623819
11	6	2	4	0
17	9	4	3	0.438042
16	8	3	5	0.567952
20	11	5	0	0
2	2	0	2	0
8	5	2	2	0.441547
7	5	2	2	0.89138
11	6	2	4	0
18	10	4	5	0.267524
19	11	5	0	0
1	1	0	1	0.539414
4	3	1	1	0.269514
6	4	1	3	0
13	7	3	2	0.297879
10	6	2	4	0.439827
17	9	4	3	0.749325
14	7	3	2	0.437537
9	5	2	2	0.581424
11	6	2	4	0
17	9	4	3	0.52553
16	8	3	5	0.547883
20	11	5	0	0
1	1	0	1	0.591599
5	4	1	3	0.262242
13	7	3	2	0.295394
10	6	2	4	0.979197
18	10	4	5	0.440143
19	11	5	0	0.338592
1	1	0	1	0
4	3	1	1	0.425365
3	3	1	1	0.594757
6	4	1	3	0.270494
15	8	3	5	0.487556
20	11	5	0	0
1	1	0	1	0
4	3	1	1	0.271426
3	3	1	1	0.550375
3	3	1	1	0.664483
6	4	1	3	0.368882
13	7	3	2	0.380725
9	5	2	2	0.685244
7	5	2	2	0.341095
11	6	2	4	0.314097
18	10	4	5	0
19	11	5	0	0
1	1	0	1	0.254847
5	4	1	3	0.273798
13	7	3	2	0.287994
9	5	2	2	0.516423
7	5	2	2	0.359791
7	5	2	2	0.271378
7	5	2	2	0.570039
7	5	2	2	0.262539
11	6	2	4	0.259786
18	10	4	5	0
19	11	5	0	0
1	1	0	1	0
5	4	1	3	0.268099
15	8	3	5	0.406303
20	11	5	0	0
1	1	0	1	0
4	3	1	1	0.521169
3	3	1	1	0.501554
6	4	1	3	0
15	8	3	5	0.45674
20	11	5	0	0
1	1	0	1	0
5	4	1	3	0.271303
15	8	3	5	0.334449
20	11	5	0	0
1	1	0	1	0
4	3	1	1	0.25782
6	4	1	3	0.360351
15	8	3	5	0.282837
20	11	5	0	0
1	1	0	1	0
5	4	1	3	0.267828
15	8	3	5	0.329109
20	11	5	0	0
1	1	0	1	0
5	4	1	3	0.261917
15	8	3	5	0.319192
20	11	5	0	0
1	1	0	1	0
4	3	1	1	0.25312
6	4	1	3	0.367878
13	7	3	2	0.278179
9	5	2	2	0.4921
7	5	2	2	0.333653
11	6	2	4	0.603186
18	10	4	5	0
19	11	5	0	0
2	2	0	2	0.63281
12	6	2	4	0.345577
17	9	4	3	0.602529
16	8	3	5	0.403619
20	11	5	0	0
1	1	0	1	0.278313
5	4	1	3	0.264653
13	7	3	2	0.312807
9	5	2	2	0.965714
7	5	2	2	0.334522
11	6	2	4	0.605736
18	10	4	5	0
19	11	5	0	0
1	1	0	1	0
4	3	1	1	0.270798
6	4	1	3	0
15	8	3	5	0.295852
20	11	5	0	0
1	1	0	1	0
4	3	1	1	0.274748
6	4	1	3	0.302112
13	7	3	2	0.28269
10	6	2	4	0.482043
18	10	4	5	0
19	11	5	0	0.319037
1	1	0	1	0.374465
5	4	1	3	0.373895
15	8	3	5	0.294768
20	11	5	0	0
1	1	0	1	0.271752
5	4	1	3	0.260746
13	7	3	2	0.332721
9	5	2	2	0.848268
11	6	2	4	0.337754
18	10	4	5	0.324669
19	11	5	0	0
1	1	0	1	0
5	4	1	3	0
13	7	3	2	0.294907
10	6	2	4	0.748144
17	9	4	3	0.685501
16	8	3	5	0.298756
20	11	5	0	0
2	2	0	2	0.350394
12	6	2	4	0.312243
18	10	4	5	0.371896
19	11	5	0	0
2	2	0	2	0.497121
12	6	2	4	0.28552
17	9	4	3	0.59406
14	7	3	2	0.283556
9	5	2	2	0.345744
7	5	2	2	0.605285
7	5	2	2	0.395903
11	6	2	4	0.25311
18	10	4	5	0
19	11	5	0	0
2	2	0	2	0.621098
8	5	2	2	0.586324
11	6	2	4	0
17	9	4	3	0.524547
16	8	3	5	0.57606
20	11	5	0	0
2	2	0	2	0.258777
8	5	2	2	0.417369
7	5	2	2	0.530794
11	6	2	4	0
17	9	4	3	0.437431
16	8	3	5	0.55488
20	11	5	0	0
1	1	0	1	0.516583
4	3	1	1	0.348191
6	4	1	3	0.307695
15	8	3	5	0.283413
20	11	5	0	0
2	2	0	2	0.864525
8	5	2	2	0.609571
11	6	2	4	0.359297
18	10	4	5	0.401499
19	11	5	0	0
1	1	0	1	0.260716
4	3	1	1	0.251836
6	4	1	3	0
15	8	3	5	0.290717
20	11	5	0	0
2	2	0	2	0.853369
8	5	2	2	0.624847
7	5	2	2	0.404855
11	6	2	4	0.341238
18	10	4	5	0.321783
19	11	5	0	0
1	1	0	1	0
5	4	1	3	0.280763
13	7	3	2	0.31209
10	6	2	4	0.716584
18	10	4	5	0.383634
19	11	5	0	0.323239
2	2	0	2	0.724192
8	5	2	2	0.510188
11	6	2	4	0
17	9	4	3	0.510704
14	7	3	2	0
9	5	2	2	0.316618
11	6	2	4	0.293122
18	10	4	5	0.440815
19	11	5	0	0
2	2	0	2	0.599755
8	5	2	2	0.540386
7	5	2	2	0.689888
11	6	2	4	0.262549
17	9	4	3	0.38817
14	7	3	2	0.364482
10	6	2	4	0
17	9	4	3	0.507763
16	8	3	5	0.98358
20	11	5	0	0
1	1	0	1	0.252953
5	4	1	3	0.25671
15	8	3	5	0.345484
20	11	5	0	0
2	2	0	2	0.76578
8	5	2	2	0.374566
7	5	2	2	0.465241
11	6	2	4	0.332221
17	9	4	3	0.43703
16	8	3	5	0.368611
20	11	5	0	0
1	1	0	1	0.540681
4	3	1	1	0.351013
3	3	1	1	0.469342
6	4	1	3	0.272214
13	7	3	2	0.348726
9	5	2	2	0.328807
7	5	2	2	0.308948
7	5	2	2	0
11	6	2	4	0.288928
17	9	4	3	0.572993
16	8	3	5	0.308654
20	11	5	0	0
2	2	0	2	0
8	5	2	2	0.398328
11	6	2	4	0.294588
18	10	4	5	0.447808
19	11	5	0	0
2	2	0	2	0.278111
8	5	2	2	0.502307
11	6	2	4	0
18	10	4	5	0.444738
19	11	5	0	0
1	1	0	1	0.263714
5	4	1	3	0.272296
13	7	3	2	0.319912
10	6	2	4	0.774081
17	9	4	3	0.551552
14	7	3	2	0.289338
9	5	2	2	0.294635
7	5	2	2	0.30524
11	6	2	4	0.374177
18	10	4	5	0
19	11	5	0	0
1	1	0	1	0.26002
5	4	1	3	0.272915
15	8	3	5	0.397746
20	11	5	0	0
1	1	0	1	0
5	4	1	3	0
13	7	3	2	0.325391
9	5	2	2	0.952861
7	5	2	2	0.333605
11	6	2	4	0.613778
17	9	4	3	0.358462
14	7	3	2	0.329755
10	6	2	4	0.278388
18	10	4	5	0.314929
19	11	5	0	0.270948
2	2	0	2	0.909639
8	5	2	2	0.277726
7	5	2	2	0.613797
7	5	2	2	0
11	6	2	4	0.528694
18	10	4	5	0.263603
19	11	5	0	0
2	2	0	2	0.333163
12	6	2	4	0.45679
18	10	4	5	0.561795
19	11	5	0	0
1	1	0	1	0.369764
5	4	1	3	0.319883
13	7	3	2	0.294526
10	6	2	4	0.975151
17	9	4	3	0.48003
16	8	3	5	0.333006
20	11	5	0	0
2	2	0	2	0.267405
12	6	2	4	0.329602
18	10	4	5	0.325827
19	11	5	0	0
2	2	0	2	0.38985
12	6	2	4	0.315337
17	9	4	3	0.483905
16	8	3	5	0.332721
20	11	5	0	0
2	2	0	2	0.266358
8	5	2	2	0.344603
7	5	2	2	0.468519
11	6	2	4	0
17	9	4	3	0.375559
16	8	3	5	0.547987
20	11	5	0	0
1	1	0	1	0.582961
5	4	1	3	0.263539
15	8	3	5	0.35573
20	11	5	0	0
1	1	0	1	0.270803
4	3	1	1	0.311769
3	3	1	1	0.578409
3	3	1	1	0.704728
6	4	1	3	0.369478
15	8	3	5	0.452876
20	11	5	0	0
1	1	0	1	0
4	3	1	1	0.25806
6	4	1	3	0.441818
13	7	3	2	0.285339
9	5	2	2	0.508187
11	6	2	4	0.320716
17	9	4	3	0.43671
14	7	3	2	0.295071
9	5	2	2	0.322649
11	6	2	4	0.259944
17	9	4	3	0.512038
14	7	3	2	0.260866
10	6	2	4	0.282449
18	10	4	5	0.336227
19	11	5	0	0.270509
2	2	0	2	0.67466
12	6	2	4	0.280376
17	9	4	3	0.562688
16	8	3	5	0.411036
20	11	5	0	0
1	1	0	1	0.578409
4	3	1	1	0.336601
3	3	1	1	0.437115
3	3	1	1	0.452383
3	3	1	1	0.562042
3	3	1	1	0.714674
3	3	1	1	0.341615
6	4	1	3	0.311411
15	8	3	5	0.375393
20	11	5	0	0
1	1	0	1	0
5	4	1	3	0.547637
13	7	3	2	0.365058
10	6	2	4	0.986433
18	10	4	5	0.459841
19	11	5	0	0.375153
2	2	0	2	0.624349
12	6	2	4	0.356181
18	10	4	5	0.453214
19	11	5	0	0
1	1	0	1	0.268972
5	4	1	3	0.54486
15	8	3	5	0.334449
20	11	5	0	0
1	1	0	1	0
4	3	1	1	0
6	4	1	3	0.389496
15	8	3	5	0.25388
20	11	5	0	0
2	2	0	2	0.512207
8	5	2	2	0.643051
11	6	2	4	0.326989
17	9	4	3	0.416116
14	7	3	2	0.266964
10	6	2	4	0
17	9	4	3	0.432785
14	7	3	2	0.975596
10	6	2	4	0
17	9	4	3	0.465226
16	8	3	5	0.423646
20	11	5	0	0
1	1	0	1	0.54886
5	4	1	3	0.266002
15	8	3	5	0.296251
20	11	5	0	0
1	1	0	1	0.278881
5	4	1	3	0.260794
13	7	3	2	0.328932
9	5	2	2	0.97173
7	5	2	2	0.344969
11	6	2	4	0.329445
17	9	4	3	0.567698
16	8	3	5	0.447448
20	11	5	0	0
1	1	0	1	0.58502
5	4	1	3	0.279227
13	7	3	2	0.310256
9	5	2	2	0.977152
7	5	2	2	0.339022
11	6	2	4	0.3369
17	9	4	3	0.559411
16	8	3	5	0.448619
20	11	5	0	0
1	1	0	1	0.570022
5	4	1	3	0.270705
13	7	3	2	0.305486
10	6	2	4	0.987861
18	10	4	5	0.522512
19	11	5	0	0.360628
1	1	0	1	0
4	3	1	1	0.371139
6	4	1	3	0
13	7	3	2	0.27964
9	5	2	2	0.54454
7	5	2	2	0.352102
11	6	2	4	0.589221
18	10	4	5	0
19	11	5	0	0
1	1	0	1	0.25927
4	3	1	1	0.278836
6	4	1	3	0
13	7	3	2	0.287258
10	6	2	4	0.513232
18	10	4	5	0.283232
19	11	5	0	0.337756
1	1	0	1	0.430836
4	3	1	1	0.483308
3	3	1	1	0.396785
3	3	1	1	0.424479
6	4	1	3	0.35186
15	8	3	5	0.451677
20	11	5	0	0
2	2	0	2	0.686324
8	5	2	2	0.365711
7	5	2	2	0.524197
11	6	2	4	0.30214
18	10	4	5	0.292589
19	11	5	0	0
2	2	0	2	0.530801
12	6	2	4	0.559729
18	10	4	5	0.508723
19	11	5	0	0.259304
2	2	0	2	0.476379
12	6	2	4	0.457645
17	9	4	3	0.292322
16	8	3	5	0.351324
20	11	5	0	0
1	1	0	1	0.30346
4	3	1	1	0.304547
3	3	1	1	0.387865
6	4	1	3	0.273603
13	7	3	2	0.342012
9	5	2	2	0.350134
7	5	2	2	0.327637
7	5	2	2	0.251485
7	5	2	2	0.280622
11	6	2	4	0.271847
17	9	4	3	0.579948
14	7	3	2	0.304545
9	5	2	2	0.283659
7	5	2	2	0.308855
7	5	2	2	0.365271
11	6	2	4	0.531885
18	10	4	5	0.25109
19	11	5	0	0
1	1	0	1	0.257822
4	3	1	1	0.258747
3	3	1	1	0.525988
6	4	1	3	0.376069
13	7	3	2	0.335442
9	5	2	2	0.319849
7	5	2	2	0.299474
7	5	2	2	0
7	5	2	2	0.257214
11	6	2	4	0.556777
18	10	4	5	0
19	11	5	0	0
1	1	0	1	0
4	3	1	1	0.256956
6	4	1	3	0
15	8	3	5	0.287395
20	11	5	0	0
1	1	0	1	0
4	3	1	1	0.272637
6	4	1	3	0.306595
13	7	3	2	0.285526
9	5	2	2	0.478829
11	6	2	4	0.345654
18	10	4	5	0.407937
19	11	5	0	0
1	1	0	1	0
5	4	1	3	0.52766
13	7	3	2	0.308292
9	5	2	2	0.548175
11	6	2	4	0.343225
17	9	4	3	0.484539
16	8	3	5	0.285991
20	11	5	0	0
1	1	0	1	0
5	4	1	3	0.262289
13	7	3	2	0.29804
9	5	2	2	0.960641
11	6	2	4	0.337573
17	9	4	3	0.460516
14	7	3	2	0.286097
9	5	2	2	0.283383
11	6	2	4	0.285821
18	10	4	5	0.492363
19	11	5	0	0
2	2	0	2	0.63063
12	6	2	4	0.263787
18	10	4	5	0.531832
19	11	5	0	0
1	1	0	1	0.308272
4	3	1	1	0.303075
3	3	1	1	0.382095
3	3	1	1	0.425859
3	3	1	1	0.536563
6	4	1	3	0.601791
13	7	3	2	0.336153
10	6	2	4	0.456539
18	10	4	5	0.409421
19	11	5	0	0.380283
1	1	0	1	0
5	4	1	3	0.417722
13	7	3	2	0.284692
9	5	2	2	0.951542
7	5	2	2	0.353119
11	6	2	4	0.614497
17	9	4	3	0.388293
14	7	3	2	0.319489
10	6	2	4	0.285924
17	9	4	3	0.524336
14	7	3	2	0.616184
9	5	2	2	0.257335
7	5	2	2	0.298946
7	5	2	2	0.38976
11	6	2	4	0.535965
17	9	4	3	0.580886
14	7	3	2	0.267425
10	6	2	4	0.272257
18	10	4	5	0.341806
19	11	5	0	0.281987
1	1	0	1	0.33081
4	3	1	1	0.417449
3	3	1	1	0.591168
3	3	1	1	0.433962
3	3	1	1	0.535978
3	3	1	1	0.767145
6	4	1	3	0
15	8	3	5	0.444259
20	11	5	0	0
1	1	0	1	0
4	3	1	1	0.271719
6	4	1	3	0.391048
15	8	3	5	0.286929
20	11	5	0	0
1	1	0	1	0
5	4	1	3	0.296826
15	8	3	5	0.335887
20	11	5	0	0
1	1	0	1	0
4	3	1	1	0.268982
3	3	1	1	0.417949
6	4	1	3	0
15	8	3	5	0.402053
20	11	5	0	0
2	2	0	2	0.741202
8	5	2	2	0.320796
7	5	2	2	0.473564
7	5	2	2	0.287095
7	5	2	2	0.481328
11	6	2	4	0
18	10	4	5	0
19	11	5	0	0
1	1	0	1	0
4	3	1	1	0
6	4	1	3	0.264092
13	7	3	2	0.303275
10	6	2	4	0.601475
18	10	4	5	0.314902
19	11	5	0	0.372638
1	1	0	1	0.368351
5	4	1	3	0.374841
15	8	3	5	0.274876
20	11	5	0	0
2	2	0	2	0.680292
12	6	2	4	0.25841
18	10	4	5	0.532372
19	11	5	0	0
2	2	0	2	0.491394
8	5	2	2	0.283355
11	6	2	4	0.321827
18	10	4	5	0.438874
19	11	5	0	0
1	1	0	1	0
5	4	1	3	0.547177
13	7	3	2	0.307788
10	6	2	4	0.770598
18	10	4	5	0.405626
19	11	5	0	0.371855
1	1	0	1	0
4	3	1	1	0.473566
3	3	1	1	0.328744
3	3	1	1	0.358383
6	4	1	3	0.362773
15	8	3	5	0.677413
20	11	5	0	0
1	1	0	1	0
5	4	1	3	0.2925
15	8	3	5	0.29528
20	11	5	0	0
1	1	0	1	0
5	4	1	3	0.28514
13	7	3	2	0.33195
10	6	2	4	0.981531
17	9	4	3	0.571356
14	7	3	2	0.529167
9	5	2	2	0.295475
11	6	2	4	0
18	10	4	5	0.429931
19	11	5	0	0
2	2	0	2	0.659427
8	5	2	2	0.526788
7	5	2	2	0.423522
11	6	2	4	0.529496
18	10	4	5	0.267626
19	11	5	0	0
2	2	0	2	0.589137
8	5	2	2	0.840707
11	6	2	4	0
18	10	4	5	0.392623
19	11	5	0	0
2	2	0	2	0.597689
12	6	2	4	0.374008
17	9	4	3	0.538375
14	7	3	2	0.380374
10	6	2	4	0.296805
17	9	4	3	0.467551
16	8	3	5	0.473452
20	11	5	0	0
2	2	0	2	0.543542
8	5	2	2	0.421545
11	6	2	4	0.26278
17	9	4	3	0.464151
14	7	3	2	0
9	5	2	2	0.630151
11	6	2	4	0.291484
17	9	4	3	0.594093
14	7	3	2	0.256594
10	6	2	4	0.272091
17	9	4	3	0.515211
16	8	3	5	0.452884
20	11	5	0	0
2	2	0	2	0.509859
12	6	2	4	0.413758
17	9	4	3	0.284445
14	7	3	2	0.254653
9	5	2	2	0.303909
7	5	2	2	0.620123
11	6	2	4	0.379357
18	10	4	5	0
19	11	5	0	0
2	2	0	2	0.32882
12	6	2	4	0.383667
17	9	4	3	0.458962
16	8	3	5	0.390009
20	11	5	0	0
