1	1	0	1	0
5	4	1	3	0.444879
15	8	3	5	0.34885
20	11	5	0	0
1	1	0	1	0.26885
5	4	1	3	0.361989
15	8	3	5	0.364243
20	11	5	0	0
1	1	0	1	0.263156
5	4	1	3	0.354576
15	8	3	5	0.363346
20	11	5	0	0
1	1	0	1	0.258528
4	3	1	1	0.323894
3	3	1	1	0.351858
6	4	1	3	0.489005
15	8	3	5	0.340811
20	11	5	0	0
1	1	0	1	0
4	3	1	1	0.281177
3	3	1	1	0.357505
3	3	1	1	0.337866
6	4	1	3	0.512737
15	8	3	5	0.317787
20	11	5	0	0
2	2	0	2	0.5525
8	5	2	2	0.654492
7	5	2	2	0.454514
11	6	2	4	0
17	9	4	3	0.278586
14	7	3	2	0.432614
9	5	2	2	0.685099
7	5	2	2	0.335974
7	5	2	2	0.837727
7	5	2	2	0
11	6	2	4	0.56793
17	9	4	3	0.283417
14	7	3	2	0.420817
9	5	2	2	0.772305
7	5	2	2	0.32428
7	5	2	2	0.71879
11	6	2	4	0.619101
17	9	4	3	0.276502
14	7	3	2	0.419701
9	5	2	2	0.495503
11	6	2	4	0.321377
18	10	4	5	0
19	11	5	0	0
2	2	0	2	0.299639
8	5	2	2	0.250576
11	6	2	4	0.308734
18	10	4	5	0
19	11	5	0	0
2	2	0	2	0.308472
12	6	2	4	0.332025
17	9	4	3	0.307506
14	7	3	2	0.454248
10	6	2	4	0.697767
17	9	4	3	1.20121
16	8	3	5	0.343914
20	11	5	0	0
2	2	0	2	0.585835
8	5	2	2	0.625768
11	6	2	4	0
18	10	4	5	0
19	11	5	0	0
2	2	0	2	0.274843
8	5	2	2	0.293205
7	5	2	2	0.32025
7	5	2	2	0.260778
7	5	2	2	0
7	5	2	2	0
11	6	2	4	0.603401
18	10	4	5	0.327184
19	11	5	0	0
2	2	0	2	0.292752
8	5	2	2	0.26617
11	6	2	4	0.311668
18	10	4	5	0
19	11	5	0	0
1	1	0	1	0.408823
4	3	1	1	0.980576
6	4	1	3	0.534615
13	7	3	2	0.564669
9	5	2	2	0.531363
11	6	2	4	0.717091
17	9	4	3	0.457012
14	7	3	2	0.270948
9	5	2	2	0.446075
7	5	2	2	0.310359
11	6	2	4	0.451966
18	10	4	5	0
19	11	5	0	0
2	2	0	2	0.294906
8	5	2	2	0.264373
7	5	2	2	0.292947
7	5	2	2	0
7	5	2	2	0
7	5	2	2	0
11	6	2	4	0.640516
18	10	4	5	0.344303
19	11	5	0	0
1	1	0	1	0.356528
4	3	1	1	0.988444
6	4	1	3	0.522757
15	8	3	5	0.436742
20	11	5	0	0
2	2	0	2	0.577652
8	5	2	2	0.310158
11	6	2	4	0.350486
18	10	4	5	0
19	11	5	0	0
1	1	0	1	0.370137
4	3	1	1	0.4699
3	3	1	1	0.482237
3	3	1	1	0.443776
3	3	1	1	0.432557
3	3	1	1	0.421559
3	3	1	1	0.410404
3	3	1	1	0.403161
6	4	1	3	0.567565
13	7	3	2	0.617593
9	5	2	2	0.491972
7	5	2	2	0
7	5	2	2	0.36597
11	6	2	4	0.609173
17	9	4	3	0.2959
16	8	3	5	0.361718
20	11	5	0	0
1	1	0	1	0
4	3	1	1	0.926772
6	4	1	3	0.530375
15	8	3	5	0.382909
20	11	5	0	0
1	1	0	1	0
4	3	1	1	0.31449
6	4	1	3	0.54116
15	8	3	5	0.363553
20	11	5	0	0
1	1	0	1	0
4	3	1	1	0.32002
6	4	1	3	0.51948
13	7	3	2	0.632825
9	5	2	2	0.43535
11	6	2	4	0.789707
17	9	4	3	0.515337
14	7	3	2	0.535025
10	6	2	4	0.340621
18	10	4	5	1.06207
19	11	5	0	0
1	1	0	1	0.417085
5	4	1	3	0.382844
13	7	3	2	0.450821
10	6	2	4	0.610686
18	10	4	5	0.284257
19	11	5	0	0
1	1	0	1	0.403335
4	3	1	1	0.420882
3	3	1	1	0.428256
6	4	1	3	0.483802
15	8	3	5	0.379343
20	11	5	0	0
2	2	0	2	0.605716
8	5	2	2	0.313471
7	5	2	2	0.371304
7	5	2	2	0
7	5	2	2	0
7	5	2	2	0
7	5	2	2	0
7	5	2	2	0
7	5	2	2	0
11	6	2	4	0.688059
18	10	4	5	0.353682
19	11	5	0	0
2	2	0	2	0.34813
8	5	2	2	0
7	5	2	2	0.256138
11	6	2	4	0.601603
18	10	4	5	0.347989
19	11	5	0	0
1	1	0	1	0.317003
5	4	1	3	0.390636
15	8	3	5	0.458683
20	11	5	0	0
2	2	0	2	0.642984
12	6	2	4	0.312709
17	9	4	3	0.421705
14	7	3	2	0.320924
10	6	2	4	0
18	10	4	5	0.78926
19	11	5	0	0
1	1	0	1	0.417672
4	3	1	1	0.457588
6	4	1	3	0.506684
13	7	3	2	0.539005
10	6	2	4	0.600186
17	9	4	3	1.00655
16	8	3	5	0.405859
20	11	5	0	0
1	1	0	1	0
5	4	1	3	0.96705
13	7	3	2	0.427614
9	5	2	2	0.254978
7	5	2	2	0.270353
7	5	2	2	0.419764
7	5	2	2	0
7	5	2	2	0
7	5	2	2	0
7	5	2	2	0
11	6	2	4	0.70064
18	10	4	5	0.353939
19	11	5	0	0
2	2	0	2	0.350648
12	6	2	4	0.669716
18	10	4	5	0.591217
19	11	5	0	0
2	2	0	2	0.329931
12	6	2	4	0.624689
17	9	4	3	0.350474
16	8	3	5	0.45606
20	11	5	0	0
2	2	0	2	0.698703
12	6	2	4	0.265026
18	10	4	5	0.271924
19	11	5	0	0
1	1	0	1	0.359142
4	3	1	1	0.988451
3	3	1	1	0.475358
6	4	1	3	0.479498
13	7	3	2	0.531882
9	5	2	2	0.488932
7	5	2	2	0
7	5	2	2	0.351511
7	5	2	2	0
7	5	2	2	0
7	5	2	2	0
7	5	2	2	0
7	5	2	2	0
7	5	2	2	0
7	5	2	2	0
11	6	2	4	0.721568
17	9	4	3	0.299884
14	7	3	2	0.407196
10	6	2	4	0.297335
17	9	4	3	1.36282
16	8	3	5	0.38723
20	11	5	0	0
1	1	0	1	0
4	3	1	1	0.961562
3	3	1	1	0.461775
6	4	1	3	0.502202
15	8	3	5	0.448202
20	11	5	0	0
2	2	0	2	0.613235
12	6	2	4	0.283864
18	10	4	5	0.464671
19	11	5	0	0
2	2	0	2	0.307433
8	5	2	2	0
11	6	2	4	0.375277
18	10	4	5	0
19	11	5	0	0
1	1	0	1	0.330478
5	4	1	3	0.392649
13	7	3	2	0.451953
9	5	2	2	0
11	6	2	4	0.634377
17	9	4	3	0.486008
14	7	3	2	0.280911
9	5	2	2	0.476325
7	5	2	2	0.286407
7	5	2	2	0.676292
7	5	2	2	0
11	6	2	4	0.706468
17	9	4	3	0.288206
16	8	3	5	0.473301
20	11	5	0	0
2	2	0	2	0.710818
12	6	2	4	0.283524
17	9	4	3	0.416076
14	7	3	2	0.281564
10	6	2	4	0.287114
17	9	4	3	0.989748
14	7	3	2	0.279513
9	5	2	2	0
11	6	2	4	0.330986
17	9	4	3	0.464017
16	8	3	5	0.539242
20	11	5	0	0
1	1	0	1	0
4	3	1	1	0.952175
6	4	1	3	0.485772
13	7	3	2	0.521382
10	6	2	4	0.669997
17	9	4	3	0.892863
16	8	3	5	0.445243
20	11	5	0	0
2	2	0	2	0.6484
8	5	2	2	0.301496
11	6	2	4	0.293407
18	10	4	5	0
19	11	5	0	0
2	2	0	2	0.274695
8	5	2	2	0.252701
7	5	2	2	0.2594
7	5	2	2	0
7	5	2	2	0
7	5	2	2	0
11	6	2	4	0.730815
18	10	4	5	0.395305
19	11	5	0	0
2	2	0	2	0.292698
8	5	2	2	0
11	6	2	4	0.612317
17	9	4	3	0.304516
16	8	3	5	0.452665
20	11	5	0	0
2	2	0	2	0.613078
8	5	2	2	0.291745
11	6	2	4	0.293562
17	9	4	3	0.62382
14	7	3	2	0.304343
9	5	2	2	0.293543
11	6	2	4	0.302813
17	9	4	3	0.400985
14	7	3	2	0
9	5	2	2	0.286096
11	6	2	4	0.310982
17	9	4	3	0.389509
14	7	3	2	0
10	6	2	4	0.325673
17	9	4	3	0.907621
14	7	3	2	0.276978
9	5	2	2	0.25378
11	6	2	4	0.340247
18	10	4	5	0.278099
19	11	5	0	0
2	2	0	2	0.250711
8	5	2	2	0
11	6	2	4	0.60322
18	10	4	5	0.297349
19	11	5	0	0
1	1	0	1	0.389132
5	4	1	3	0.943075
15	8	3	5	0.572469
20	11	5	0	0
2	2	0	2	0.528938
8	5	2	2	0
11	6	2	4	0.368999
18	10	4	5	0.296252
19	11	5	0	0
2	2	0	2	0.264257
8	5	2	2	0.260504
7	5	2	2	0.258888
7	5	2	2	0
11	6	2	4	0.692532
18	10	4	5	0.664809
19	11	5	0	0
2	2	0	2	0.273174
8	5	2	2	0
11	6	2	4	0.591802
17	9	4	3	0.28633
16	8	3	5	0.493111
20	11	5	0	0
2	2	0	2	0.570603
12	6	2	4	0.251559
17	9	4	3	0.346077
14	7	3	2	0.285293
9	5	2	2	0.280109
7	5	2	2	0.604954
11	6	2	4	0.998846
17	9	4	3	0.572453
16	8	3	5	0.422483
20	11	5	0	0
1	1	0	1	0.257441
5	4	1	3	0.96426
15	8	3	5	0.491627
20	11	5	0	0
1	1	0	1	0.253797
4	3	1	1	0.976552
6	4	1	3	0.478748
13	7	3	2	0.964442
9	5	2	2	0.479527
7	5	2	2	0
7	5	2	2	0.358643
11	6	2	4	0.669059
17	9	4	3	0
16	8	3	5	0.44625
20	11	5	0	0
2	2	0	2	0.613887
12	6	2	4	0.271077
17	9	4	3	0.329653
14	7	3	2	0.277961
10	6	2	4	0.268434
18	10	4	5	0.778936
19	11	5	0	0
1	1	0	1	0.725704
4	3	1	1	0.537224
6	4	1	3	0.47701
15	8	3	5	0.479171
20	11	5	0	0
2	2	0	2	0.276426
12	6	2	4	0.255877
18	10	4	5	0.5352
19	11	5	0	0
2	2	0	2	0
12	6	2	4	0.483612
17	9	4	3	0.253412
16	8	3	5	0.531344
20	11	5	0	0
1	1	0	1	0
5	4	1	3	0.96968
15	8	3	5	0.444057
20	11	5	0	0
1	1	0	1	0.254331
5	4	1	3	0.363726
13	7	3	2	0.415567
9	5	2	2	0
11	6	2	4	0.604604
18	10	4	5	0.377447
19	11	5	0	0
2	2	0	2	0.253388
12	6	2	4	0.436881
18	10	4	5	0.629594
19	11	5	0	0
2	2	0	2	0.255495
12	6	2	4	0.348828
17	9	4	3	0.27097
16	8	3	5	0.461604
20	11	5	0	0
2	2	0	2	0.56377
12	6	2	4	0
17	9	4	3	0.338715
14	7	3	2	0.265268
10	6	2	4	0
18	10	4	5	0.698884
19	11	5	0	0
2	2	0	2	0
12	6	2	4	0.523703
17	9	4	3	0
14	7	3	2	0.475714
10	6	2	4	0.886449
17	9	4	3	1.13864
14	7	3	2	0.27081
9	5	2	2	0.354393
7	5	2	2	0.324451
7	5	2	2	0.832307
7	5	2	2	0.253292
7	5	2	2	0
7	5	2	2	0
7	5	2	2	0
7	5	2	2	0
11	6	2	4	0.644736
17	9	4	3	0
16	8	3	5	0.50102
20	11	5	0	0
1	1	0	1	0
4	3	1	1	0.977431
3	3	1	1	0.492287
6	4	1	3	0.465631
15	8	3	5	0.468493
20	11	5	0	0
2	2	0	2	0.25221
12	6	2	4	0
18	10	4	5	0.478531
19	11	5	0	0
2	2	0	2	0
8	5	2	2	0.29669
7	5	2	2	0.27703
11	6	2	4	0.552711
17	9	4	3	0
16	8	3	5	0.437478
20	11	5	0	0
2	2	0	2	0.549691
8	5	2	2	0.587971
11	6	2	4	0.273826
18	10	4	5	0
19	11	5	0	0
2	2	0	2	0
8	5	2	2	0.299354
7	5	2	2	0.27284
7	5	2	2	0
11	6	2	4	0.637093
17	9	4	3	0
14	7	3	2	0.414999
9	5	2	2	0.542125
7	5	2	2	0.283099
11	6	2	4	0.964847
18	10	4	5	0
19	11	5	0	0
1	1	0	1	0.751662
5	4	1	3	0.943217
15	8	3	5	0.506526
20	11	5	0	0
2	2	0	2	0.250886
8	5	2	2	0.263728
7	5	2	2	0.269661
7	5	2	2	0
7	5	2	2	0
7	5	2	2	0
11	6	2	4	0.701074
18	10	4	5	0.688547
19	11	5	0	0
2	2	0	2	0
8	5	2	2	0.253141
11	6	2	4	0.588937
18	10	4	5	0.28383
19	11	5	0	0
2	2	0	2	0
8	5	2	2	0.258316
7	5	2	2	0
7	5	2	2	0
11	6	2	4	0.682837
18	10	4	5	0.675367
19	11	5	0	0
2	2	0	2	0.251687
12	6	2	4	0.415
18	10	4	5	0.651007
19	11	5	0	0
1	1	0	1	0.700259
4	3	1	1	0.522367
3	3	1	1	0.537074
3	3	1	1	0.499673
3	3	1	1	0.490378
3	3	1	1	0.477061
6	4	1	3	0.543424
15	8	3	5	0.435055
20	11	5	0	0
1	1	0	1	0.263115
5	4	1	3	0.976435
15	8	3	5	0.40947
20	11	5	0	0
2	2	0	2	0.515922
8	5	2	2	0.263309
11	6	2	4	0.409119
17	9	4	3	0.275805
16	8	3	5	0.371224
20	11	5	0	0
2	2	0	2	0.265151
12	6	2	4	0.283532
17	9	4	3	0.343283
14	7	3	2	0.297641
10	6	2	4	0
17	9	4	3	0.951683
16	8	3	5	0.333502
20	11	5	0	0
1	1	0	1	0.256392
4	3	1	1	0.954998
6	4	1	3	0.523874
13	7	3	2	0.581437
9	5	2	2	0.544411
11	6	2	4	0.814817
18	10	4	5	0.335627
19	11	5	0	0
1	1	0	1	0.734864
4	3	1	1	0.441832
6	4	1	3	0.511188
13	7	3	2	0.558216
10	6	2	4	0.649386
18	10	4	5	0.994451
19	11	5	0	0
1	1	0	1	0.527796
4	3	1	1	0.977149
6	4	1	3	0.483219
15	8	3	5	0.404869
20	11	5	0	0
2	2	0	2	0.258582
12	6	2	4	0
17	9	4	3	0.308757
16	8	3	5	0.371691
20	11	5	0	0
2	2	0	2	0.513633
12	6	2	4	0.271094
18	10	4	5	0.266752
19	11	5	0	0
2	2	0	2	0.266818
8	5	2	2	0.385921
11	6	2	4	0.327199
17	9	4	3	0.556921
14	7	3	2	0.330698
10	6	2	4	0
18	10	4	5	1.0997
19	11	5	0	0
1	1	0	1	0.84891
4	3	1	1	0.975493
3	3	1	1	0.448453
6	4	1	3	0.470647
15	8	3	5	0.390602
20	11	5	0	0
2	2	0	2	0
12	6	2	4	0
17	9	4	3	0.300569
16	8	3	5	0.354507
20	11	5	0	0
2	2	0	2	0
12	6	2	4	0.252319
18	10	4	5	0.25296
19	11	5	0	0
2	2	0	2	0.257219
8	5	2	2	0.42038
11	6	2	4	0.311176
18	10	4	5	0
19	11	5	0	0
2	2	0	2	0.251952
8	5	2	2	0.312167
11	6	2	4	0.286031
17	9	4	3	0.547954
16	8	3	5	0.373475
20	11	5	0	0
1	1	0	1	0.257913
4	3	1	1	0.94019
6	4	1	3	0.495865
15	8	3	5	0.372288
20	11	5	0	0
1	1	0	1	0.559109
4	3	1	1	0.915343
3	3	1	1	0.379555
3	3	1	1	0.386028
3	3	1	1	0.372225
6	4	1	3	0.517243
13	7	3	2	0.613992
9	5	2	2	0.6273
7	5	2	2	0
11	6	2	4	0.615159
18	10	4	5	0.55669
19	11	5	0	0
2	2	0	2	0
12	6	2	4	0.359331
17	9	4	3	0.265903
16	8	3	5	0.38674
20	11	5	0	0
2	2	0	2	0.541118
12	6	2	4	0
18	10	4	5	0.255572
19	11	5	0	0
1	1	0	1	0.524808
4	3	1	1	0.957287
3	3	1	1	0.385399
6	4	1	3	0.491566
13	7	3	2	0.583369
10	6	2	4	0.512851
18	10	4	5	0.878523
19	11	5	0	0
1	1	0	1	0.860249
5	4	1	3	0.397157
13	7	3	2	0.451826
9	5	2	2	0.278071
11	6	2	4	0.317964
18	10	4	5	0.265523
19	11	5	0	0
1	1	0	1	0.55402
4	3	1	1	0.374849
6	4	1	3	0.4767
15	8	3	5	0.358015
20	11	5	0	0
1	1	0	1	0.272053
4	3	1	1	0.303862
6	4	1	3	0.450782
15	8	3	5	0.365218
20	11	5	0	0
1	1	0	1	0.267983
4	3	1	1	0.290768
6	4	1	3	0.456647
15	8	3	5	0.337731
20	11	5	0	0
2	2	0	2	0.266127
8	5	2	2	0.629888
7	5	2	2	0.420264
11	6	2	4	0.251303
17	9	4	3	0.253767
14	7	3	2	0.423055
10	6	2	4	0.27784
18	10	4	5	1.14558
19	11	5	0	0
2	2	0	2	0.268101
8	5	2	2	0.351917
11	6	2	4	0.376486
18	10	4	5	0
19	11	5	0	0
2	2	0	2	0.285285
12	6	2	4	0.300709
18	10	4	5	0.459836
19	11	5	0	0
2	2	0	2	0.269961
8	5	2	2	0.291284
7	5	2	2	0.307361
7	5	2	2	0.526998
11	6	2	4	0.535368
17	9	4	3	0.256629
14	7	3	2	0.414065
10	6	2	4	0
18	10	4	5	1.26049
19	11	5	0	0
2	2	0	2	0.264764
12	6	2	4	0.493387
18	10	4	5	0.462014
19	11	5	0	0
2	2	0	2	0.263623
8	5	2	2	0.289892
7	5	2	2	0.307691
11	6	2	4	0
17	9	4	3	0
14	7	3	2	0.419678
10	6	2	4	0.255229
18	10	4	5	1.09652
19	11	5	0	0
2	2	0	2	0.255072
12	6	2	4	0.469843
17	9	4	3	0.26079
16	8	3	5	0.497633
20	11	5	0	0
2	2	0	2	0.535439
12	6	2	4	0
17	9	4	3	0.635973
14	7	3	2	0.283015
10	6	2	4	0
17	9	4	3	0.900818
14	7	3	2	0.283283
9	5	2	2	0.586946
11	6	2	4	0.25446
17	9	4	3	0.702389
14	7	3	2	0.250455
9	5	2	2	0.713325
7	5	2	2	0.34748
7	5	2	2	0.869199
11	6	2	4	0.306038
18	10	4	5	0.561233
19	11	5	0	0
2	2	0	2	0
8	5	2	2	0.306807
11	6	2	4	0.266811
18	10	4	5	0
19	11	5	0	0
2	2	0	2	0
12	6	2	4	0.297411
17	9	4	3	0.257782
14	7	3	2	0.434798
10	6	2	4	0.623768
18	10	4	5	1.00461
19	11	5	0	0
1	1	0	1	0.959429
5	4	1	3	0.940391
13	7	3	2	0.431459
10	6	2	4	0.289629
17	9	4	3	1.03421
14	7	3	2	0.28703
10	6	2	4	0.318132
17	9	4	3	1.14135
14	7	3	2	0.253193
9	5	2	2	0.408978
11	6	2	4	0.324448
18	10	4	5	0
19	11	5	0	0
2	2	0	2	0
8	5	2	2	0.314856
7	5	2	2	0.323193
7	5	2	2	0.553372
7	5	2	2	0.256346
11	6	2	4	0.527031
18	10	4	5	0.553593
19	11	5	0	0
2	2	0	2	0
12	6	2	4	0.28758
17	9	4	3	0.251587
14	7	3	2	0.403738
9	5	2	2	0.712488
11	6	2	4	0.317111
18	10	4	5	0
19	11	5	0	0
2	2	0	2	0
8	5	2	2	0.304534
11	6	2	4	0.273114
17	9	4	3	0.561583
16	8	3	5	0.495252
20	11	5	0	0
1	1	0	1	0.529172
5	4	1	3	0.956952
15	8	3	5	0.496203
20	11	5	0	0
1	1	0	1	0.581473
4	3	1	1	0.976302
6	4	1	3	0.426994
13	7	3	2	0.959304
10	6	2	4	0.461272
18	10	4	5	0.815547
19	11	5	0	0
2	2	0	2	0
8	5	2	2	0.351406
11	6	2	4	0.326255
17	9	4	3	0.606219
14	7	3	2	0.282729
9	5	2	2	0.698608
11	6	2	4	0
17	9	4	3	0.672535
16	8	3	5	0.598041
20	11	5	0	0
2	2	0	2	0
12	6	2	4	0
17	9	4	3	0.288032
16	8	3	5	0.466221
20	11	5	0	0
1	1	0	1	0.587693
5	4	1	3	0.964135
13	7	3	2	0.416115
9	5	2	2	0.29756
11	6	2	4	0.305265
18	10	4	5	0.286782
19	11	5	0	0
2	2	0	2	0
12	6	2	4	0.310192
18	10	4	5	0.723596
19	11	5	0	0
2	2	0	2	0
12	6	2	4	0.260912
18	10	4	5	0.43853
19	11	5	0	0
2	2	0	2	0
12	6	2	4	0.273475
18	10	4	5	0.425924
19	11	5	0	0
2	2	0	2	0
8	5	2	2	0.586715
7	5	2	2	0.580438
11	6	2	4	0
18	10	4	5	0.533998
19	11	5	0	0
2	2	0	2	0
12	6	2	4	0.262636
18	10	4	5	0.41713
19	11	5	0	0
2	2	0	2	0
8	5	2	2	0.59223
7	5	2	2	0.585218
7	5	2	2	0.584238
7	5	2	2	0.275438
7	5	2	2	0.274032
7	5	2	2	0.267145
11	6	2	4	0.274726
18	10	4	5	0.534811
19	11	5	0	0
1	1	0	1	0.559659
4	3	1	1	0.993424
6	4	1	3	0.450409
15	8	3	5	0.493646
20	11	5	0	0
1	1	0	1	0.56364
4	3	1	1	0.974402
3	3	1	1	0.490911
6	4	1	3	0.437768
13	7	3	2	0.540334
10	6	2	4	0.465565
17	9	4	3	0.931304
14	7	3	2	0.286771
9	5	2	2	0.429416
11	6	2	4	0.333598
18	10	4	5	0
19	11	5	0	0
1	1	0	1	0.558097
5	4	1	3	0.346659
15	8	3	5	0.522729
20	11	5	0	0
1	1	0	1	0.298776
5	4	1	3	0.346057
13	7	3	2	0.400268
10	6	2	4	0.304095
17	9	4	3	0.853084
16	8	3	5	0.394632
20	11	5	0	0
1	1	0	1	0
4	3	1	1	0.964726
6	4	1	3	0.391425
13	7	3	2	0.485143
9	5	2	2	0.571797
7	5	2	2	0
11	6	2	4	0.600351
17	9	4	3	0.596916
14	7	3	2	0.354283
10	6	2	4	0.254516
17	9	4	3	1.25324
14	7	3	2	0
10	6	2	4	0.347759
17	9	4	3	1.07581
16	8	3	5	0.679782
20	11	5	0	0
2	2	0	2	0.518634
8	5	2	2	0.660964
7	5	2	2	0.645603
11	6	2	4	0
18	10	4	5	0.55081
19	11	5	0	0
2	2	0	2	0.256729
12	6	2	4	0.287762
17	9	4	3	0.268396
14	7	3	2	0.379424
10	6	2	4	0.581905
17	9	4	3	1.22813
16	8	3	5	0.450742
20	11	5	0	0
1	1	0	1	0
4	3	1	1	0.966064
3	3	1	1	0.511499
3	3	1	1	0.503053
6	4	1	3	0.432349
15	8	3	5	0.467688
20	11	5	0	0
1	1	0	1	0.562734
5	4	1	3	0.950202
13	7	3	2	0.394911
10	6	2	4	0.291759
17	9	4	3	0.805885
14	7	3	2	0.276995
10	6	2	4	0.329895
17	9	4	3	0.980253
14	7	3	2	0
9	5	2	2	0.378913
7	5	2	2	0.348232
7	5	2	2	0.904662
11	6	2	4	0.298262
17	9	4	3	0
14	7	3	2	0.34992
9	5	2	2	0.673175
7	5	2	2	0.330722
11	6	2	4	0.400821
18	10	4	5	0
19	11	5	0	0
1	1	0	1	0.78642
4	3	1	1	0.518995
3	3	1	1	0.551241
6	4	1	3	0.4057
13	7	3	2	0.480489
10	6	2	4	0.487021
18	10	4	5	0.83898
19	11	5	0	0
1	1	0	1	0.812646
4	3	1	1	0.52933
6	4	1	3	0.411196
13	7	3	2	0.456916
10	6	2	4	0.47265
18	10	4	5	0.799615
19	11	5	0	0
1	1	0	1	0.545751
5	4	1	3	0.331016
15	8	3	5	0.547436
20	11	5	0	0
1	1	0	1	0.259988
4	3	1	1	0.449855
6	4	1	3	0.387381
15	8	3	5	0.50165
20	11	5	0	0
1	1	0	1	0.502437
4	3	1	1	0.384241
3	3	1	1	0.515198
3	3	1	1	0.480176
6	4	1	3	0.415665
13	7	3	2	0.491259
10	6	2	4	0.436198
17	9	4	3	0.898144
14	7	3	2	0.268494
9	5	2	2	0.360786
7	5	2	2	0.34011
11	6	2	4	0.371413
18	10	4	5	0
19	11	5	0	0
2	2	0	2	0.265706
12	6	2	4	0.327506
18	10	4	5	0.43488
19	11	5	0	0
1	1	0	1	0.441778
5	4	1	3	0.330205
15	8	3	5	0.517957
20	11	5	0	0
2	2	0	2	0.528937
12	6	2	4	0.268937
18	10	4	5	0.304094
19	11	5	0	0
2	2	0	2	0.29107
12	6	2	4	0.273887
17	9	4	3	0.295173
14	7	3	2	0.392257
9	5	2	2	0.637585
11	6	2	4	0.343069
17	9	4	3	0.848126
16	8	3	5	0.592031
20	11	5	0	0
1	1	0	1	0.527952
4	3	1	1	0.402007
6	4	1	3	0.411183
13	7	3	2	0.48252
9	5	2	2	0.553149
11	6	2	4	0.620943
18	10	4	5	0
19	11	5	0	0
2	2	0	2	0.27202
12	6	2	4	0.279608
17	9	4	3	0.286334
14	7	3	2	0.397746
9	5	2	2	0.62553
11	6	2	4	0.341111
17	9	4	3	0.835715
14	7	3	2	0
10	6	2	4	0
17	9	4	3	0.898675
14	7	3	2	0
10	6	2	4	0.272877
18	10	4	5	1.01193
19	11	5	0	0
1	1	0	1	0.579261
5	4	1	3	0.335711
13	7	3	2	0.379059
10	6	2	4	0.309873
17	9	4	3	0.800873
14	7	3	2	0.252099
9	5	2	2	0.330316
11	6	2	4	0.322792
17	9	4	3	0.764118
16	8	3	5	0.618927
20	11	5	0	0
2	2	0	2	0
8	5	2	2	0.656849
7	5	2	2	0.469214
7	5	2	2	0.530685
11	6	2	4	0.524667
17	9	4	3	0
16	8	3	5	0.53741
20	11	5	0	0
2	2	0	2	0.561184
12	6	2	4	0
17	9	4	3	0.589121
14	7	3	2	0
9	5	2	2	0.63219
11	6	2	4	0
18	10	4	5	0
19	11	5	0	0
2	2	0	2	0
12	6	2	4	0.258078
18	10	4	5	0.70315
19	11	5	0	0
1	1	0	1	0.808334
5	4	1	3	0.332598
13	7	3	2	0.389616
10	6	2	4	0.301614
17	9	4	3	0.749398
16	8	3	5	0.437889
20	11	5	0	0
2	2	0	2	0.539045
8	5	2	2	0.671928
11	6	2	4	0
18	10	4	5	0
19	11	5	0	0
1	1	0	1	0.838407
5	4	1	3	0.329141
15	8	3	5	0.588251
20	11	5	0	0
1	1	0	1	0.541677
5	4	1	3	0.328915
13	7	3	2	0.374328
10	6	2	4	0.300917
18	10	4	5	0
19	11	5	0	0
2	2	0	2	0.268586
8	5	2	2	0.306649
11	6	2	4	0.315272
17	9	4	3	0.607869
14	7	3	2	0.260513
9	5	2	2	0.692842
7	5	2	2	0.633379
11	6	2	4	0.407077
17	9	4	3	0.653513
14	7	3	2	0.267468
9	5	2	2	0.798562
7	5	2	2	0.340807
11	6	2	4	0.36215
18	10	4	5	0
19	11	5	0	0
1	1	0	1	0.525967
4	3	1	1	0.574576
3	3	1	1	0.610616
3	3	1	1	0.566273
6	4	1	3	0.417883
13	7	3	2	0.481461
10	6	2	4	0.484733
17	9	4	3	0.850317
14	7	3	2	0.26074
9	5	2	2	0.372202
7	5	2	2	0.341411
7	5	2	2	0.748013
11	6	2	4	0.575832
18	10	4	5	0.568861
19	11	5	0	0
2	2	0	2	0.26393
8	5	2	2	0.275346
7	5	2	2	0.296018
7	5	2	2	0.257648
7	5	2	2	0
7	5	2	2	0
11	6	2	4	0.606201
17	9	4	3	0
14	7	3	2	0.34189
10	6	2	4	0
18	10	4	5	1.28115
19	11	5	0	0
2	2	0	2	0
12	6	2	4	0.483669
17	9	4	3	0
16	8	3	5	0.641885
20	11	5	0	0
2	2	0	2	0.561274
12	6	2	4	0
17	9	4	3	0.321857
14	7	3	2	0
10	6	2	4	0
17	9	4	3	0.807524
14	7	3	2	0
9	5	2	2	0.296041
7	5	2	2	0.327851
7	5	2	2	0.762066
7	5	2	2	0
7	5	2	2	0
11	6	2	4	0.610499
18	10	4	5	0.61747
19	11	5	0	0
1	1	0	1	0.683795
5	4	1	3	0.933414
13	7	3	2	0.397542
9	5	2	2	0.25767
7	5	2	2	0.260785
7	5	2	2	0.959166
7	5	2	2	0
11	6	2	4	0.644725
17	9	4	3	0
14	7	3	2	0.334525
10	6	2	4	0.265222
17	9	4	3	1.1591
14	7	3	2	0
10	6	2	4	0.377209
17	9	4	3	0.932554
14	7	3	2	0
10	6	2	4	0.388035
17	9	4	3	0.908794
14	7	3	2	0
9	5	2	2	0.282969
11	6	2	4	0.336758
17	9	4	3	0.638316
14	7	3	2	0
10	6	2	4	0
18	10	4	5	1.08759
19	11	5	0	0
1	1	0	1	0.803536
5	4	1	3	0.331376
15	8	3	5	0.68546
20	11	5	0	0
2	2	0	2	0.25297
12	6	2	4	0.269534
18	10	4	5	0.391467
19	11	5	0	0
2	2	0	2	0
12	6	2	4	0.326615
17	9	4	3	0
16	8	3	5	0.650634
20	11	5	0	0
2	2	0	2	0.530265
12	6	2	4	0
18	10	4	5	0.257412
19	11	5	0	0
2	2	0	2	0
8	5	2	2	0.389352
7	5	2	2	0.321525
11	6	2	4	0.258222
18	10	4	5	0.606324
19	11	5	0	0
1	1	0	1	0.737859
5	4	1	3	0.907286
15	8	3	5	0.642267
20	11	5	0	0
2	2	0	2	0
8	5	2	2	0.312664
11	6	2	4	0.281362
18	10	4	5	0.255392
19	11	5	0	0
1	1	0	1	0.750035
4	3	1	1	0.590495
3	3	1	1	0.620587
6	4	1	3	0.416457
15	8	3	5	0.551003
20	11	5	0	0
1	1	0	1	0.54051
4	3	1	1	0.974531
3	3	1	1	0.564099
6	4	1	3	0.427751
15	8	3	5	0.516718
20	11	5	0	0
2	2	0	2	0
12	6	2	4	0
17	9	4	3	0.29211
16	8	3	5	0.456621
20	11	5	0	0
1	1	0	1	0.516703
4	3	1	1	0.966649
3	3	1	1	0.511051
3	3	1	1	0.484217
6	4	1	3	0.461887
13	7	3	2	0.5338
10	6	2	4	0.488635
18	10	4	5	0.83639
19	11	5	0	0
1	1	0	1	0.813448
4	3	1	1	0.478683
3	3	1	1	0.488675
6	4	1	3	0.438813
13	7	3	2	0.507042
10	6	2	4	0.459715
18	10	4	5	0.794076
19	11	5	0	0
1	1	0	1	0.545261
5	4	1	3	0.358216
15	8	3	5	0.499665
20	11	5	0	0
2	2	0	2	0.25743
8	5	2	2	0.328693
11	6	2	4	0.264053
17	9	4	3	0.563467
14	7	3	2	0
9	5	2	2	0.639203
11	6	2	4	0.258191
18	10	4	5	0
19	11	5	0	0
2	2	0	2	0.25494
12	6	2	4	0.262098
17	9	4	3	0.264199
16	8	3	5	0.458753
20	11	5	0	0
2	2	0	2	0.546759
8	5	2	2	0.660838
7	5	2	2	0.631003
7	5	2	2	0.509995
7	5	2	2	0
11	6	2	4	0.570678
18	10	4	5	0.575696
19	11	5	0	0
2	2	0	2	0.256308
8	5	2	2	0.287233
11	6	2	4	0.294028
18	10	4	5	0
19	11	5	0	0
1	1	0	1	0.474119
5	4	1	3	0.940336
15	8	3	5	0.507427
20	11	5	0	0
1	1	0	1	0.267135
5	4	1	3	0.361156
13	7	3	2	0.410134
9	5	2	2	0.287921
11	6	2	4	0.328625
18	10	4	5	0.28527
19	11	5	0	0
1	1	0	1	0.486902
5	4	1	3	0.335611
13	7	3	2	0.396429
9	5	2	2	0.280075
11	6	2	4	0.327086
18	10	4	5	0.27228
19	11	5	0	0
1	1	0	1	0.484323
5	4	1	3	0.323607
13	7	3	2	0.37676
9	5	2	2	0.284455
11	6	2	4	0.328376
17	9	4	3	0.430772
16	8	3	5	0.586794
20	11	5	0	0
2	2	0	2	0.529795
8	5	2	2	0.606268
11	6	2	4	0.280745
18	10	4	5	0
19	11	5	0	0
2	2	0	2	0.280304
8	5	2	2	0.293504
7	5	2	2	0.317185
11	6	2	4	0.263739
17	9	4	3	0.25357
16	8	3	5	0.472748
20	11	5	0	0
1	1	0	1	0
5	4	1	3	0.953289
13	7	3	2	0.377591
10	6	2	4	0.313705
18	10	4	5	0.269394
19	11	5	0	0
2	2	0	2	0.299649
8	5	2	2	0.269812
11	6	2	4	0.328539
18	10	4	5	0
19	11	5	0	0
1	1	0	1	0.450076
5	4	1	3	0.327475
15	8	3	5	0.540519
20	11	5	0	0
2	2	0	2	0.287226
8	5	2	2	0.310619
7	5	2	2	0.300132
11	6	2	4	0.508849
18	10	4	5	0.296952
19	11	5	0	0
2	2	0	2	0.299187
8	5	2	2	0.277008
7	5	2	2	0.2881
11	6	2	4	0.261173
18	10	4	5	0.299037
19	11	5	0	0
2	2	0	2	0.300539
8	5	2	2	0.275424
11	6	2	4	0.293802
17	9	4	3	0.602837
16	8	3	5	0.466626
20	11	5	0	0
2	2	0	2	0.572215
8	5	2	2	0.618351
11	6	2	4	0
18	10	4	5	0
19	11	5	0	0
1	1	0	1	0.475487
5	4	1	3	0.920008
13	7	3	2	0.397926
10	6	2	4	0.309864
17	9	4	3	0.840871
16	8	3	5	0.399887
20	11	5	0	0
2	2	0	2	0.597559
12	6	2	4	0
17	9	4	3	0.385909
16	8	3	5	0.735288
20	11	5	0	0
1	1	0	1	0.264233
5	4	1	3	0.958786
13	7	3	2	0.388166
9	5	2	2	0.275948
7	5	2	2	0.28773
11	6	2	4	0.999882
17	9	4	3	0.688395
16	8	3	5	0.380097
20	11	5	0	0
1	1	0	1	0
5	4	1	3	0.396632
15	8	3	5	0.461852
20	11	5	0	0
1	1	0	1	0.267566
5	4	1	3	0.329271
13	7	3	2	0.373751
9	5	2	2	0.264623
11	6	2	4	0.32457
17	9	4	3	0.407923
14	7	3	2	0
9	5	2	2	0.594611
7	5	2	2	0.306748
7	5	2	2	0.852516
7	5	2	2	0
11	6	2	4	0.621614
18	10	4	5	0.34742
19	11	5	0	0
2	2	0	2	0.300208
12	6	2	4	0.363797
17	9	4	3	0.298758
16	8	3	5	0.512999
20	11	5	0	0
2	2	0	2	0.599568
8	5	2	2	0.592263
11	6	2	4	0.262132
17	9	4	3	0.59555
16	8	3	5	0.66134
20	11	5	0	0
1	1	0	1	0
5	4	1	3	0.949024
13	7	3	2	0.382114
10	6	2	4	0.312224
17	9	4	3	0.609355
14	7	3	2	0.270275
10	6	2	4	0.42702
17	9	4	3	1.02389
14	7	3	2	0
9	5	2	2	0.334448
11	6	2	4	0.334341
18	10	4	5	0
19	11	5	0	0
2	2	0	2	0.263873
12	6	2	4	0.347909
18	10	4	5	0.567003
19	11	5	0	0
2	2	0	2	0.261625
12	6	2	4	0.319341
18	10	4	5	0.538502
19	11	5	0	0
2	2	0	2	0.265406
12	6	2	4	0.329363
17	9	4	3	0.277799
16	8	3	5	0.520711
20	11	5	0	0
2	2	0	2	0.547604
12	6	2	4	0
17	9	4	3	0.349711
16	8	3	5	0.744873
20	11	5	0	0
1	1	0	1	0.537659
4	3	1	1	0.970342
3	3	1	1	0.51901
3	3	1	1	0.487272
3	3	1	1	0.473985
6	4	1	3	0.466933
13	7	3	2	0.494535
9	5	2	2	0.631619
7	5	2	2	0.266447
11	6	2	4	0.588117
18	10	4	5	0.549498
19	11	5	0	0
1	1	0	1	0.536022
5	4	1	3	0.329151
13	7	3	2	0.383647
9	5	2	2	0.26825
7	5	2	2	0.279155
11	6	2	4	0.904288
18	10	4	5	0
19	11	5	0	0
1	1	0	1	0.505319
4	3	1	1	0.483052
3	3	1	1	0.510279
6	4	1	3	0.43962
15	8	3	5	0.45904
20	11	5	0	0
2	2	0	2	0.263426
12	6	2	4	0
17	9	4	3	0.338249
16	8	3	5	0.403631
20	11	5	0	0
1	1	0	1	0.259848
5	4	1	3	0.960199
13	7	3	2	0.383005
10	6	2	4	0.301711
17	9	4	3	0.667869
16	8	3	5	0.361015
20	11	5	0	0
1	1	0	1	0
5	4	1	3	0.952055
13	7	3	2	0.362057
9	5	2	2	0.277218
7	5	2	2	0.294995
7	5	2	2	0.979971
11	6	2	4	0.28187
18	10	4	5	0.5803
19	11	5	0	0
1	1	0	1	0.432625
5	4	1	3	0.315164
13	7	3	2	0.351237
10	6	2	4	0.32027
17	9	4	3	0.828593
16	8	3	5	0.364122
20	11	5	0	0
1	1	0	1	0
4	3	1	1	0.396397
3	3	1	1	0.450195
6	4	1	3	0.425474
15	8	3	5	0.443422
20	11	5	0	0
2	2	0	2	0.27173
8	5	2	2	0.616181
11	6	2	4	0.33176
17	9	4	3	0.625239
16	8	3	5	0.352757
20	11	5	0	0
2	2	0	2	0.525293
12	6	2	4	0
18	10	4	5	0.313598
19	11	5	0	0
2	2	0	2	0.298953
8	5	2	2	0.39197
11	6	2	4	0.291016
17	9	4	3	0.576788
16	8	3	5	0.391686
20	11	5	0	0
2	2	0	2	0.54989
8	5	2	2	0.638379
11	6	2	4	0
18	10	4	5	0
19	11	5	0	0
1	1	0	1	0.501492
5	4	1	3	0.346424
15	8	3	5	0.466466
20	11	5	0	0
1	1	0	1	0.282829
4	3	1	1	0.38242
3	3	1	1	0.42043
3	3	1	1	0.424315
3	3	1	1	0.408693
3	3	1	1	0.401736
3	3	1	1	0.391223
3	3	1	1	0.377909
6	4	1	3	0.522427
13	7	3	2	0.531454
10	6	2	4	0.532069
18	10	4	5	0.901913
19	11	5	0	0
1	1	0	1	0.566793
5	4	1	3	0.360572
15	8	3	5	0.413922
20	11	5	0	0
1	1	0	1	0.269482
5	4	1	3	0.352344
15	8	3	5	0.385582
20	11	5	0	0
2	2	0	2	0.294099
8	5	2	2	0.307803
7	5	2	2	0.312523
11	6	2	4	0
17	9	4	3	0.261285
16	8	3	5	0.348506
20	11	5	0	0
1	1	0	1	0
5	4	1	3	0.443251
13	7	3	2	0.404222
10	6	2	4	0.307416
17	9	4	3	0.685212
16	8	3	5	0.306852
20	11	5	0	0
1	1	0	1	0
5	4	1	3	0.427616
13	7	3	2	0.388824
9	5	2	2	0.270799
11	6	2	4	0.316046
18	10	4	5	0.320583
19	11	5	0	0
2	2	0	2	0.290481
12	6	2	4	0.35897
18	10	4	5	0.529332
19	11	5	0	0
2	2	0	2	0.292293
12	6	2	4	0.295029
17	9	4	3	0.309729
14	7	3	2	0.415324
9	5	2	2	0.642366
7	5	2	2	0.345041
11	6	2	4	0.331137
18	10	4	5	0
19	11	5	0	0
1	1	0	1	0.512102
5	4	1	3	0.325318
15	8	3	5	0.451997
20	11	5	0	0
2	2	0	2	0.296957
12	6	2	4	0
18	10	4	5	0.367303
19	11	5	0	0
2	2	0	2	0.312888
8	5	2	2	0.316193
11	6	2	4	0.286681
18	10	4	5	0
19	11	5	0	0
1	1	0	1	0.489801
5	4	1	3	0.335937
13	7	3	2	0.38098
9	5	2	2	0.275916
7	5	2	2	0.292416
7	5	2	2	0.535632
11	6	2	4	0.273373
17	9	4	3	0.272081
14	7	3	2	0.411729
10	6	2	4	0.295659
18	10	4	5	1.35027
19	11	5	0	0
2	2	0	2	0.302041
12	6	2	4	0.523492
17	9	4	3	0.29822
14	7	3	2	0.502879
9	5	2	2	0.648946
11	6	2	4	0.347789
18	10	4	5	0
19	11	5	0	0
2	2	0	2	0.294925
12	6	2	4	0.294636
18	10	4	5	0.460908
19	11	5	0	0
2	2	0	2	0.291222
12	6	2	4	0.261869
18	10	4	5	0.441912
19	11	5	0	0
2	2	0	2	0.294287
12	6	2	4	0.273417
18	10	4	5	0.428857
19	11	5	0	0
2	2	0	2	0.293721
8	5	2	2	0.576432
7	5	2	2	0.32922
11	6	2	4	0
18	10	4	5	0.254038
19	11	5	0	0
1	1	0	1	0.510356
5	4	1	3	0.330755
13	7	3	2	0.381622
10	6	2	4	0.29873
18	10	4	5	0.274926
19	11	5	0	0
2	2	0	2	0.319762
8	5	2	2	0.337668
11	6	2	4	0.313603
17	9	4	3	0.690789
16	8	3	5	0.48351
20	11	5	0	0
1	1	0	1	0
5	4	1	3	0.941546
15	8	3	5	0.466452
20	11	5	0	0
1	1	0	1	0.296556
5	4	1	3	0.322953
13	7	3	2	0.367618
9	5	2	2	0.309264
11	6	2	4	0.298502
17	9	4	3	0.454511
14	7	3	2	0.265585
10	6	2	4	0.328297
18	10	4	5	0.713844
19	11	5	0	0
2	2	0	2	0.302736
8	5	2	2	0.372111
7	5	2	2	0.380394
7	5	2	2	0.566505
11	6	2	4	0.250881
18	10	4	5	0.263947
19	11	5	0	0
1	1	0	1	0.48835
4	3	1	1	0.544291
3	3	1	1	0.535133
6	4	1	3	0.460108
13	7	3	2	0.458947
10	6	2	4	0.442569
17	9	4	3	1.04738
14	7	3	2	0.286102
9	5	2	2	0.398107
11	6	2	4	0.313298
17	9	4	3	0.84042
14	7	3	2	0
9	5	2	2	0.690412
11	6	2	4	0.273613
18	10	4	5	0
19	11	5	0	0
1	1	0	1	0.499717
4	3	1	1	0.528721
3	3	1	1	0.546094
6	4	1	3	0.446886
15	8	3	5	0.502764
20	11	5	0	0
1	1	0	1	0.268304
4	3	1	1	0.961448
3	3	1	1	0.503311
3	3	1	1	0.473073
3	3	1	1	0.457502
6	4	1	3	0.485643
13	7	3	2	0.477288
10	6	2	4	0.451407
18	10	4	5	0.80988
19	11	5	0	0
1	1	0	1	0.555921
5	4	1	3	0.322713
15	8	3	5	0.504047
20	11	5	0	0
1	1	0	1	0.267429
5	4	1	3	0.314829
13	7	3	2	0.356406
9	5	2	2	0.306215
7	5	2	2	0.318372
11	6	2	4	0.999077
18	10	4	5	0
19	11	5	0	0
2	2	0	2	0.333758
12	6	2	4	0.295208
18	10	4	5	0.426824
19	11	5	0	0
1	1	0	1	0.453345
4	3	1	1	0.468034
6	4	1	3	0.464792
13	7	3	2	0.422666
9	5	2	2	0.543653
7	5	2	2	0
11	6	2	4	0.535755
18	10	4	5	0
19	11	5	0	0
1	1	0	1	0.454489
4	3	1	1	0.482629
6	4	1	3	0.45275
13	7	3	2	0.421306
9	5	2	2	0.50908
7	5	2	2	0
11	6	2	4	0.540755
18	10	4	5	0
19	11	5	0	0
1	1	0	1	0.431545
4	3	1	1	0.492346
3	3	1	1	0.498894
3	3	1	1	0.465562
3	3	1	1	0.453268
3	3	1	1	0.440834
6	4	1	3	0.477209
15	8	3	5	0.434763
20	11	5	0	0
1	1	0	1	0
4	3	1	1	0.341461
3	3	1	1	0.432824
3	3	1	1	0.405225
6	4	1	3	0.500358
15	8	3	5	0.400736
20	11	5	0	0
2	2	0	2	0.627594
8	5	2	2	0.628579
7	5	2	2	0.414432
7	5	2	2	0.279552
7	5	2	2	0
7	5	2	2	0
7	5	2	2	0
7	5	2	2	0
7	5	2	2	0
7	5	2	2	0
11	6	2	4	0.607864
17	9	4	3	0.348979
16	8	3	5	0.412409
20	11	5	0	0
2	2	0	2	0.761428
8	5	2	2	0.34229
11	6	2	4	0
18	10	4	5	0
19	11	5	0	0
1	1	0	1	0.393895
4	3	1	1	0.428489
3	3	1	1	0.433487
3	3	1	1	0.408384
3	3	1	1	0.39424
6	4	1	3	0.562429
15	8	3	5	0.389788
20	11	5	0	0
2	2	0	2	0.633363
8	5	2	2	0.571867
11	6	2	4	0.327442
17	9	4	3	0.710628
14	7	3	2	0.298733
9	5	2	2	0.555828
11	6	2	4	0.287157
18	10	4	5	0
19	11	5	0	0
2	2	0	2	0.360074
8	5	2	2	0
11	6	2	4	0.311179
17	9	4	3	0.651142
16	8	3	5	0.367709
20	11	5	0	0
1	1	0	1	0
4	3	1	1	0.936089
6	4	1	3	0.548062
15	8	3	5	0.377988
20	11	5	0	0
2	2	0	2	0.608885
12	6	2	4	0
17	9	4	3	0.41252
16	8	3	5	0.343565
20	11	5	0	0
1	1	0	1	0
5	4	1	3	0.457694
13	7	3	2	0.424703
9	5	2	2	0.263535
11	6	2	4	0.335912
18	10	4	5	0.318138
19	11	5	0	0
1	1	0	1	0.419987
5	4	1	3	0.357874
13	7	3	2	0.406646
9	5	2	2	0.259084
7	5	2	2	0.274326
11	6	2	4	0.941333
18	10	4	5	0
19	11	5	0	0
2	2	0	2	0.354074
8	5	2	2	0.259386
11	6	2	4	0.329868
17	9	4	3	0.670691
16	8	3	5	0.399274
20	11	5	0	0
1	1	0	1	0
4	3	1	1	0.353362
6	4	1	3	0.509571
15	8	3	5	0.397473
20	11	5	0	0
1	1	0	1	0
4	3	1	1	0.333347
6	4	1	3	0.514283
15	8	3	5	0.407178
20	11	5	0	0
1	1	0	1	0
5	4	1	3	0.418536
13	7	3	2	0.399823
10	6	2	4	0.334572
18	10	4	5	0.290499
19	11	5	0	0
2	2	0	2	0.381437
8	5	2	2	0.25688
11	6	2	4	0.345138
17	9	4	3	0.693262
14	7	3	2	0.316357
9	5	2	2	0.598333
11	6	2	4	0.251102
17	9	4	3	0.831782
16	8	3	5	0.520075
20	11	5	0	0
1	1	0	1	0
5	4	1	3	0.41986
15	8	3	5	0.422037
20	11	5	0	0
2	2	0	2	0.615669
8	5	2	2	0.29615
7	5	2	2	0.288993
7	5	2	2	0
11	6	2	4	0.597221
17	9	4	3	0.305294
14	7	3	2	0.410314
9	5	2	2	0.452702
7	5	2	2	0.30392
11	6	2	4	0.461229
18	10	4	5	0
19	11	5	0	0
1	1	0	1	0.411961
5	4	1	3	0.361752
15	8	3	5	0.478052
20	11	5	0	0
2	2	0	2	0.618458
8	5	2	2	0.279502
7	5	2	2	0.268765
11	6	2	4	0.555082
17	9	4	3	0.296314
14	7	3	2	0.417098
10	6	2	4	0.338742
17	9	4	3	1.35874
16	8	3	5	0.37412
20	11	5	0	0
2	2	0	2	0.660017
12	6	2	4	0.25933
18	10	4	5	0.29871
19	11	5	0	0
2	2	0	2	0.334586
12	6	2	4	0.410926
18	10	4	5	0.565273
19	11	5	0	0
1	1	0	1	0.439493
5	4	1	3	0.353785
15	8	3	5	0.487456
20	11	5	0	0
1	1	0	1	0
5	4	1	3	0.35917
13	7	3	2	0.40273
10	6	2	4	0.336666
18	10	4	5	0.285512
19	11	5	0	0
1	1	0	1	0.465014
5	4	1	3	0.92799
13	7	3	2	0.379135
9	5	2	2	0.262122
11	6	2	4	0.329952
17	9	4	3	0.487731
16	8	3	5	0.284185
20	11	5	0	0
2	2	0	2	0.58843
8	5	2	2	0.576685
7	5	2	2	0.426993
11	6	2	4	0.522798
18	10	4	5	0.324458
19	11	5	0	0
1	1	0	1	0.391306
5	4	1	3	0.330455
13	7	3	2	0.382935
10	6	2	4	0.585782
18	10	4	5	0.542223
19	11	5	0	0
1	1	0	1	0.468781
5	4	1	3	0.326988
13	7	3	2	0.363178
10	6	2	4	0.331936
17	9	4	3	0.940475
14	7	3	2	0.279917
9	5	2	2	0.299439
11	6	2	4	0.32742
18	10	4	5	0
19	11	5	0	0
2	2	0	2	0.343839
8	5	2	2	0.269779
7	5	2	2	0.296957
7	5	2	2	0.258195
11	6	2	4	0.569332
18	10	4	5	0.321822
19	11	5	0	0
1	1	0	1	0.391996
5	4	1	3	0.316504
15	8	3	5	0.552818
20	11	5	0	0
1	1	0	1	0
5	4	1	3	0.311962
13	7	3	2	0.354506
9	5	2	2	0.260383
11	6	2	4	0.324648
18	10	4	5	0.3124
19	11	5	0	0
1	1	0	1	0.429787
5	4	1	3	0.292961
13	7	3	2	0.342754
10	6	2	4	0.328066
18	10	4	5	0.533403
19	11	5	0	0
1	1	0	1	0.460527
5	4	1	3	0.294738
15	8	3	5	0.560844
20	11	5	0	0
2	2	0	2	0.639621
12	6	2	4	0.271577
18	10	4	5	0.368885
19	11	5	0	0
1	1	0	1	0.420455
5	4	1	3	0.292052
15	8	3	5	0.552474
20	11	5	0	0
1	1	0	1	0
4	3	1	1	0.470885
6	4	1	3	0.424131
13	7	3	2	0.446018
10	6	2	4	0.510221
17	9	4	3	1.23354
14	7	3	2	0.264312
9	5	2	2	0.352965
7	5	2	2	0.324772
11	6	2	4	0.442829
18	10	4	5	0
19	11	5	0	0
1	1	0	1	0.424806
5	4	1	3	0.279009
15	8	3	5	0.567995
20	11	5	0	0
2	2	0	2	0.654059
12	6	2	4	0.271367
18	10	4	5	0.356137
19	11	5	0	0
1	1	0	1	0.410929
4	3	1	1	0.555339
6	4	1	3	0.427356
13	7	3	2	0.411534
9	5	2	2	0.54185
11	6	2	4	0.636355
17	9	4	3	0.618467
16	8	3	5	0.575469
20	11	5	0	0
2	2	0	2	0.621063
12	6	2	4	0
17	9	4	3	0.507874
14	7	3	2	0.256014
10	6	2	4	0
18	10	4	5	0.651592
19	11	5	0	0
1	1	0	1	0.498031
5	4	1	3	0.28767
13	7	3	2	0.335322
9	5	2	2	0.274816
7	5	2	2	0.297035
7	5	2	2	0.507393
11	6	2	4	0.282901
17	9	4	3	0.318412
16	8	3	5	0.484002
20	11	5	0	0
1	1	0	1	0
5	4	1	3	0.913139
13	7	3	2	0.330783
10	6	2	4	0.326231
17	9	4	3	0.853179
16	8	3	5	0.420802
20	11	5	0	0
2	2	0	2	0.727621
12	6	2	4	0
18	10	4	5	0.255062
19	11	5	0	0
1	1	0	1	0.412713
4	3	1	1	0.565025
6	4	1	3	0.421281
15	8	3	5	0.502027
20	11	5	0	0
1	1	0	1	0
5	4	1	3	0.297493
15	8	3	5	0.483196
20	11	5	0	0
2	2	0	2	0.627285
12	6	2	4	0.260003
18	10	4	5	0.343545
19	11	5	0	0
2	2	0	2	0.380742
8	5	2	2	0.304542
7	5	2	2	0.321035
7	5	2	2	0.529002
7	5	2	2	0
7	5	2	2	0
7	5	2	2	0
11	6	2	4	0.574866
17	9	4	3	0.323358
14	7	3	2	0.361621
10	6	2	4	0.257586
18	10	4	5	1.35521
19	11	5	0	0
2	2	0	2	0.344611
8	5	2	2	0.340059
11	6	2	4	0.377499
18	10	4	5	0
19	11	5	0	0
2	2	0	2	0.360981
12	6	2	4	0.323505
17	9	4	3	0.353567
14	7	3	2	0.402413
10	6	2	4	0.662976
18	10	4	5	1.09357
19	11	5	0	0
2	2	0	2	0.326245
8	5	2	2	0.338388
11	6	2	4	0.338015
17	9	4	3	0.69231
16	8	3	5	0.521626
20	11	5	0	0
2	2	0	2	0.636467
12	6	2	4	0
18	10	4	5	0
19	11	5	0	0
1	1	0	1	0.460034
4	3	1	1	0.574764
3	3	1	1	0.549909
3	3	1	1	0.513441
3	3	1	1	0.503215
6	4	1	3	0.478266
15	8	3	5	0.477272
20	11	5	0	0
1	1	0	1	0.258535
4	3	1	1	0.95408
3	3	1	1	0.475687
3	3	1	1	0.447666
6	4	1	3	0.496694
15	8	3	5	0.427881
20	11	5	0	0
1	1	0	1	0.252649
4	3	1	1	0.346845
6	4	1	3	0.487659
15	8	3	5	0.408325
20	11	5	0	0
1	1	0	1	0
5	4	1	3	0.348285
13	7	3	2	0.375105
9	5	2	2	0.299898
7	5	2	2	0.315466
11	6	2	4	0.999351
17	9	4	3	0.773397
16	8	3	5	0.327523
20	11	5	0	0
2	2	0	2	0.656546
8	5	2	2	0.630831
11	6	2	4	0
18	10	4	5	0
19	11	5	0	0
2	2	0	2	0.321865
12	6	2	4	0.355821
17	9	4	3	0.334386
14	7	3	2	0.479353
9	5	2	2	0.643456
11	6	2	4	0.341563
17	9	4	3	0.881229
16	8	3	5	0.525905
20	11	5	0	0
2	2	0	2	0.274662
8	5	2	2	0.6277
7	5	2	2	0.476834
7	5	2	2	0.520105
11	6	2	4	0.537611
18	10	4	5	0.303073
19	11	5	0	0
1	1	0	1	0.411272
5	4	1	3	0.918342
13	7	3	2	0.399136
9	5	2	2	0.263753
7	5	2	2	0.287164
11	6	2	4	0.855207
18	10	4	5	0
19	11	5	0	0
1	1	0	1	0.425257
4	3	1	1	0.465023
6	4	1	3	0.492758
15	8	3	5	0.435392
20	11	5	0	0
1	1	0	1	0
5	4	1	3	0.344532
15	8	3	5	0.421032
20	11	5	0	0
1	1	0	1	0
5	4	1	3	0.325772
15	8	3	5	0.438338
20	11	5	0	0
1	1	0	1	0
5	4	1	3	0.321074
13	7	3	2	0.3822
9	5	2	2	0.278759
7	5	2	2	0.294283
7	5	2	2	0.514388
7	5	2	2	0.273349
7	5	2	2	0
11	6	2	4	0.616441
17	9	4	3	0.324172
16	8	3	5	0.435588
20	11	5	0	0
1	1	0	1	0
5	4	1	3	0.94708
15	8	3	5	0.422741
20	11	5	0	0
2	2	0	2	0.639823
12	6	2	4	0.267357
18	10	4	5	0.360477
19	11	5	0	0
2	2	0	2	0.345152
12	6	2	4	0.356281
17	9	4	3	0.348737
16	8	3	5	0.448982
20	11	5	0	0
1	1	0	1	0
4	3	1	1	0.384974
3	3	1	1	0.426522
6	4	1	3	0.481797
15	8	3	5	0.406257
20	11	5	0	0
1	1	0	1	0
4	3	1	1	0.335329
6	4	1	3	0.479955
13	7	3	2	0.501522
10	6	2	4	0.560543
17	9	4	3	1.01865
14	7	3	2	0.310341
9	5	2	2	0.367944
7	5	2	2	0.322289
11	6	2	4	0.389927
18	10	4	5	0
19	11	5	0	0
1	1	0	1	0.390145
5	4	1	3	0.31625
13	7	3	2	0.392521
10	6	2	4	0.337276
17	9	4	3	0.929161
16	8	3	5	0.34285
20	11	5	0	0
2	2	0	2	0.709872
8	5	2	2	0.597113
7	5	2	2	0.572493
11	6	2	4	0.521166
18	10	4	5	0.310861
19	11	5	0	0
1	1	0	1	0.354681
5	4	1	3	0.316954
13	7	3	2	0.386742
9	5	2	2	0.255557
11	6	2	4	0.334696
18	10	4	5	0.294841
19	11	5	0	0
2	2	0	2	0.351754
12	6	2	4	0.382818
17	9	4	3	0.348514
14	7	3	2	0.466093
9	5	2	2	0.58232
7	5	2	2	0.337448
11	6	2	4	0.339547
18	10	4	5	0
19	11	5	0	0
2	2	0	2	0.340506
12	6	2	4	0.368218
18	10	4	5	0.52237
19	11	5	0	0
1	1	0	1	0.39344
5	4	1	3	0.300079
15	8	3	5	0.515808
20	11	5	0	0
1	1	0	1	0
4	3	1	1	0.440824
6	4	1	3	0.445711
15	8	3	5	0.473538
20	11	5	0	0
1	1	0	1	0
5	4	1	3	0.354841
15	8	3	5	0.434561
20	11	5	0	0
1	1	0	1	0
4	3	1	1	0.418087
6	4	1	3	0.438784
13	7	3	2	0.515171
10	6	2	4	0.518087
18	10	4	5	0.857809
19	11	5	0	0
2	2	0	2	0.370992
12	6	2	4	0.454506
18	10	4	5	0.482487
19	11	5	0	0
2	2	0	2	0.366174
12	6	2	4	0.258294
18	10	4	5	0.438954
19	11	5	0	0
2	2	0	2	0.367207
8	5	2	2	0.291015
7	5	2	2	0.334912
7	5	2	2	0.294345
11	6	2	4	0.521765
17	9	4	3	0.32827
14	7	3	2	0.39188
10	6	2	4	0
18	10	4	5	1.2586
19	11	5	0	0
1	1	0	1	0.505444
5	4	1	3	0.321011
13	7	3	2	0.383083
9	5	2	2	0.286999
11	6	2	4	0.321484
17	9	4	3	0.785391
16	8	3	5	0.299043
20	11	5	0	0
2	2	0	2	0.61057
12	6	2	4	0
18	10	4	5	0.266929
19	11	5	0	0
2	2	0	2	0.374679
12	6	2	4	0.313791
18	10	4	5	0.441404
19	11	5	0	0
2	2	0	2	0.343025
12	6	2	4	0.250635
18	10	4	5	0.41598
19	11	5	0	0
2	2	0	2	0.344786
8	5	2	2	0.317385
7	5	2	2	0.343646
11	6	2	4	0
18	10	4	5	0
19	11	5	0	0
1	1	0	1	0.43492
4	3	1	1	0.533242
3	3	1	1	0.538256
6	4	1	3	0.460975
13	7	3	2	0.502128
9	5	2	2	0.610353
7	5	2	2	0.257884
7	5	2	2	0.465805
7	5	2	2	0.28685
11	6	2	4	0.260544
18	10	4	5	0.26196
19	11	5	0	0
1	1	0	1	0.39119
5	4	1	3	0.332857
13	7	3	2	0.396908
10	6	2	4	0.316547
17	9	4	3	1.26977
14	7	3	2	0.299729
10	6	2	4	0.331482
17	9	4	3	1.28622
16	8	3	5	0.420519
20	11	5	0	0
2	2	0	2	0.678066
12	6	2	4	0
18	10	4	5	0
19	11	5	0	0
1	1	0	1	0.433927
4	3	1	1	0.995833
3	3	1	1	0.543169
3	3	1	1	0.507123
3	3	1	1	0.492718
6	4	1	3	0.482901
13	7	3	2	0.503217
9	5	2	2	0.598142
7	5	2	2	0.253968
7	5	2	2	0.463836
11	6	2	4	0.282504
17	9	4	3	0.584389
16	8	3	5	0.428441
20	11	5	0	0
2	2	0	2	0.712759
8	5	2	2	0.641844
11	6	2	4	0
17	9	4	3	0.755496
14	7	3	2	0.286024
9	5	2	2	0.617137
11	6	2	4	0
17	9	4	3	0.821108
14	7	3	2	0
9	5	2	2	0.596537
11	6	2	4	0.25554
17	9	4	3	0.797322
16	8	3	5	0.553618
20	11	5	0	0
1	1	0	1	0
4	3	1	1	0.956702
3	3	1	1	0.513963
3	3	1	1	0.483114
6	4	1	3	0.507882
13	7	3	2	0.509092
9	5	2	2	0.55663
7	5	2	2	0
11	6	2	4	0.548381
18	10	4	5	0.28553
19	11	5	0	0
2	2	0	2	0.318914
12	6	2	4	0.336313
17	9	4	3	0.336533
16	8	3	5	0.488522
20	11	5	0	0
1	1	0	1	0
4	3	1	1	0.964576
6	4	1	3	0.47394
15	8	3	5	0.456008
20	11	5	0	0
1	1	0	1	0
5	4	1	3	0.944155
13	7	3	2	0.383312
10	6	2	4	0.321323
18	10	4	5	0.267561
19	11	5	0	0
2	2	0	2	0.349822
12	6	2	4	0.367865
17	9	4	3	0.329919
14	7	3	2	0.485441
9	5	2	2	0.61673
7	5	2	2	0.35075
11	6	2	4	0.313919
18	10	4	5	0
19	11	5	0	0
2	2	0	2	0.317521
12	6	2	4	0.332794
18	10	4	5	0.483743
19	11	5	0	0
2	2	0	2	0.321575
12	6	2	4	0.261445
17	9	4	3	0.336636
16	8	3	5	0.452236
20	11	5	0	0
2	2	0	2	0.640249
12	6	2	4	0
17	9	4	3	0.684816
14	7	3	2	0.273801
10	6	2	4	0
18	10	4	5	0.607011
19	11	5	0	0
2	2	0	2	0.298721
12	6	2	4	0.391828
18	10	4	5	0.456994
19	11	5	0	0
2	2	0	2	0.296014
8	5	2	2	0.585414
11	6	2	4	0.250835
18	10	4	5	0
19	11	5	0	0
2	2	0	2	0.311458
12	6	2	4	0.267861
18	10	4	5	0.431878
19	11	5	0	0
2	2	0	2	0.297443
8	5	2	2	0.601943
7	5	2	2	0.58788
7	5	2	2	0.589819
7	5	2	2	0.529988
7	5	2	2	0.261511
7	5	2	2	0.254905
7	5	2	2	0.258678
11	6	2	4	0.27676
18	10	4	5	0.278636
19	11	5	0	0
1	1	0	1	0.447126
5	4	1	3	0.920234
13	7	3	2	0.389902
10	6	2	4	0.309328
18	10	4	5	0.270238
19	11	5	0	0
1	1	0	1	0.524037
4	3	1	1	0.543561
3	3	1	1	0.533846
6	4	1	3	0.467225
13	7	3	2	0.478389
10	6	2	4	0.466323
18	10	4	5	0.823264
19	11	5	0	0
2	2	0	2	0.318857
8	5	2	2	0.36043
7	5	2	2	0.364259
7	5	2	2	0.298471
7	5	2	2	0
11	6	2	4	0.529236
17	9	4	3	0.293893
14	7	3	2	0.398066
10	6	2	4	0
17	9	4	3	1.33547
14	7	3	2	0.265199
10	6	2	4	0.323324
18	10	4	5	0.842605
19	11	5	0	0
1	1	0	1	0.526714
4	3	1	1	0.573343
6	4	1	3	0.475957
13	7	3	2	0.454152
10	6	2	4	0.44931
17	9	4	3	0.983371
16	8	3	5	0.459122
20	11	5	0	0
1	1	0	1	0
4	3	1	1	0.977446
3	3	1	1	0.50624
6	4	1	3	0.459685
13	7	3	2	0.473235
9	5	2	2	0.578909
11	6	2	4	0.615824
18	10	4	5	0
19	11	5	0	0
1	1	0	1	0.446371
4	3	1	1	0.512999
6	4	1	3	0.456943
15	8	3	5	0.489623
20	11	5	0	0
2	2	0	2	0.56008
12	6	2	4	0
18	10	4	5	0.329813
19	11	5	0	0
1	1	0	1	0.468711
5	4	1	3	0.313
13	7	3	2	0.360062
9	5	2	2	0.303866
7	5	2	2	0.315838
7	5	2	2	0.509063
11	6	2	4	0.283167
17	9	4	3	0.280925
16	8	3	5	0.445505
20	11	5	0	0
2	2	0	2	0.681097
8	5	2	2	0.647511
11	6	2	4	0
18	10	4	5	0
19	11	5	0	0
1	1	0	1	0.457942
5	4	1	3	0.313349
13	7	3	2	0.358081
10	6	2	4	0.319473
18	10	4	5	0
19	11	5	0	0
2	2	0	2	0.338518
8	5	2	2	0.308504
7	5	2	2	0.346625
11	6	2	4	0.258427
17	9	4	3	0.284378
14	7	3	2	0.378461
9	5	2	2	0.872546
7	5	2	2	0.340283
7	5	2	2	0.766864
7	5	2	2	0
7	5	2	2	0
7	5	2	2	0
11	6	2	4	0.586506
18	10	4	5	0.297409
19	11	5	0	0
2	2	0	2	0.337128
12	6	2	4	0.311368
18	10	4	5	0.495651
19	11	5	0	0
2	2	0	2	0.316152
8	5	2	2	0.278472
11	6	2	4	0.31246
17	9	4	3	0.642193
14	7	3	2	0.302796
10	6	2	4	0
17	9	4	3	1.03815
14	7	3	2	0.267796
10	6	2	4	0.292797
18	10	4	5	1.24297
19	11	5	0	0
1	1	0	1	0.501853
4	3	1	1	0.600947
3	3	1	1	0.57866
6	4	1	3	0.450274
15	8	3	5	0.527209
20	11	5	0	0
1	1	0	1	0
5	4	1	3	0.934372
15	8	3	5	0.497987
20	11	5	0	0
1	1	0	1	0
4	3	1	1	0.461735
6	4	1	3	0.450705
15	8	3	5	0.513765
20	11	5	0	0
1	1	0	1	0
4	3	1	1	0.958852
3	3	1	1	0.503518
3	3	1	1	0.470207
3	3	1	1	0.457992
3	3	1	1	0.445249
3	3	1	1	0.432656
3	3	1	1	0.421171
3	3	1	1	0.410025
6	4	1	3	0.521145
13	7	3	2	0.515752
9	5	2	2	0.536143
7	5	2	2	0
11	6	2	4	0.609087
17	9	4	3	0.614742
16	8	3	5	0.332592
20	11	5	0	0
1	1	0	1	0
5	4	1	3	0.966624
15	8	3	5	0.395541
20	11	5	0	0
1	1	0	1	0
4	3	1	1	0.360012
6	4	1	3	0.491521
15	8	3	5	0.406847
20	11	5	0	0
1	1	0	1	0
4	3	1	1	0.316841
6	4	1	3	0.502877
13	7	3	2	0.492419
10	6	2	4	0.488273
18	10	4	5	0.811238
19	11	5	0	0
2	2	0	2	0.338418
8	5	2	2	0.305103
11	6	2	4	0.362998
17	9	4	3	0.709077
14	7	3	2	0.316491
10	6	2	4	0
18	10	4	5	0.926952
19	11	5	0	0
1	1	0	1	0.458196
4	3	1	1	0.432496
6	4	1	3	0.486939
13	7	3	2	0.470793
9	5	2	2	0.486662
7	5	2	2	0
11	6	2	4	0.579612
18	10	4	5	0
19	11	5	0	0
2	2	0	2	0.349058
12	6	2	4	0.289082
18	10	4	5	0.426352
19	11	5	0	0
2	2	0	2	0.336371
12	6	2	4	0.256535
18	10	4	5	0.418714
19	11	5	0	0
2	2	0	2	0.338366
8	5	2	2	0.285205
7	5	2	2	0.331929
11	6	2	4	0.254587
18	10	4	5	0.252175
19	11	5	0	0
2	2	0	2	0.35046
12	6	2	4	0.265447
18	10	4	5	0.414603
19	11	5	0	0
2	2	0	2	0.338082
12	6	2	4	0.264114
18	10	4	5	0.399765
19	11	5	0	0
2	2	0	2	0.338043
8	5	2	2	0.302969
11	6	2	4	0.291248
17	9	4	3	0.700573
14	7	3	2	0.302242
9	5	2	2	0.683173
7	5	2	2	0.620724
7	5	2	2	0.733561
11	6	2	4	0.271446
17	9	4	3	0.29852
14	7	3	2	0.399475
9	5	2	2	0.882356
7	5	2	2	0.34285
11	6	2	4	0.352664
18	10	4	5	0
19	11	5	0	0
1	1	0	1	0.443667
5	4	1	3	0.344356
15	8	3	5	0.522719
20	11	5	0	0
1	1	0	1	0
4	3	1	1	0.436829
6	4	1	3	0.47203
15	8	3	5	0.485476
20	11	5	0	0
2	2	0	2	0.584243
8	5	2	2	0.628451
7	5	2	2	0.618813
7	5	2	2	0.265831
7	5	2	2	0
7	5	2	2	0
7	5	2	2	0
7	5	2	2	0
11	6	2	4	0.604596
17	9	4	3	0.312289
16	8	3	5	0.465303
20	11	5	0	0
2	2	0	2	0.70785
8	5	2	2	0.343606
11	6	2	4	0
18	10	4	5	0
19	11	5	0	0
1	1	0	1	0.413831
4	3	1	1	0.486474
6	4	1	3	0.523204
15	8	3	5	0.456471
20	11	5	0	0
2	2	0	2	0.59731
8	5	2	2	0.588366
7	5	2	2	0.37946
11	6	2	4	0.544816
18	10	4	5	0.308869
19	11	5	0	0
2	2	0	2	0.340836
8	5	2	2	0.257247
11	6	2	4	0.311934
18	10	4	5	0
19	11	5	0	0
2	2	0	2	0.343434
12	6	2	4	0.337408
17	9	4	3	0.350205
14	7	3	2	0.473846
10	6	2	4	0.688277
18	10	4	5	1.13578
19	11	5	0	0
1	1	0	1	0.497892
5	4	1	3	0.937672
15	8	3	5	0.517492
20	11	5	0	0
1	1	0	1	0
4	3	1	1	0.433699
3	3	1	1	0.461902
6	4	1	3	0.497023
15	8	3	5	0.446345
20	11	5	0	0
1	1	0	1	0
5	4	1	3	0.961141
15	8	3	5	0.42029
20	11	5	0	0
2	2	0	2	0.612968
8	5	2	2	0.313321
7	5	2	2	0.313955
11	6	2	4	0.276966
17	9	4	3	0.294423
16	8	3	5	0.40585
20	11	5	0	0
2	2	0	2	0.691341
12	6	2	4	0
18	10	4	5	0
19	11	5	0	0
2	2	0	2	0.33972
8	5	2	2	0.356154
7	5	2	2	0.31362
11	6	2	4	0.272388
18	10	4	5	0.290368
19	11	5	0	0
1	1	0	1	0.393282
4	3	1	1	0.977711
3	3	1	1	0.456996
3	3	1	1	0.423822
6	4	1	3	0.527589
13	7	3	2	0.556956
9	5	2	2	0.536857
7	5	2	2	0
11	6	2	4	0.645329
18	10	4	5	0
19	11	5	0	0
2	2	0	2	0.343459
8	5	2	2	0.25216
7	5	2	2	0.305627
11	6	2	4	0.279573
17	9	4	3	0.296036
14	7	3	2	0.433866
10	6	2	4	0.284515
17	9	4	3	1.31363
14	7	3	2	0.279629
9	5	2	2	0.280019
11	6	2	4	0.31877
18	10	4	5	0
19	11	5	0	0
2	2	0	2	0.313057
8	5	2	2	0.254138
11	6	2	4	0.302416
18	10	4	5	0
19	11	5	0	0
1	1	0	1	0.403299
5	4	1	3	0.939849
13	7	3	2	0.420873
9	5	2	2	0.266763
7	5	2	2	0.282604
11	6	2	4	0.88842
17	9	4	3	0.707472
16	8	3	5	0.366018
20	11	5	0	0
1	1	0	1	0
4	3	1	1	0.952876
6	4	1	3	0.459695
15	8	3	5	0.441495
20	11	5	0	0
2	2	0	2	0.584707
12	6	2	4	0
17	9	4	3	0.387463
14	7	3	2	0.308319
10	6	2	4	0
17	9	4	3	1.10912
16	8	3	5	0.361329
20	11	5	0	0
1	1	0	1	0
4	3	1	1	0.378579
6	4	1	3	0.480338
15	8	3	5	0.425311
20	11	5	0	0
2	2	0	2	0.557385
12	6	2	4	0
17	9	4	3	0.364925
14	7	3	2	0.311476
10	6	2	4	0
18	10	4	5	0.743299
19	11	5	0	0
1	1	0	1	0.521708
5	4	1	3	0.357769
13	7	3	2	0.41115
10	6	2	4	0.318325
18	10	4	5	0.51083
19	11	5	0	0
2	2	0	2	0.311151
12	6	2	4	0.398221
17	9	4	3	0.30564
16	8	3	5	0.498638
20	11	5	0	0
1	1	0	1	0
4	3	1	1	0.950856
3	3	1	1	0.431989
3	3	1	1	0.432008
6	4	1	3	0.474202
13	7	3	2	0.518167
10	6	2	4	0.477851
17	9	4	3	0.953616
16	8	3	5	0.382781
20	11	5	0	0
1	1	0	1	0
4	3	1	1	0.355531
3	3	1	1	0.4321
3	3	1	1	0.404773
6	4	1	3	0.4888
15	8	3	5	0.385367
20	11	5	0	0
1	1	0	1	0
5	4	1	3	0.398842
15	8	3	5	0.374698
20	11	5	0	0
1	1	0	1	0
5	4	1	3	0.35236
15	8	3	5	0.390599
20	11	5	0	0
2	2	0	2	0.564208
12	6	2	4	0.256829
18	10	4	5	0.330295
19	11	5	0	0
1	1	0	1	0.438756
4	3	1	1	0.396516
3	3	1	1	0.402433
3	3	1	1	0.373022
3	3	1	1	0.366962
6	4	1	3	0.504324
15	8	3	5	0.347122
20	11	5	0	0
2	2	0	2	0.545876
12	6	2	4	0
17	9	4	3	0.372956
14	7	3	2	0.316736
10	6	2	4	0
18	10	4	5	0.680596
19	11	5	0	0
2	2	0	2	0.296041
8	5	2	2	0.345478
11	6	2	4	0.339048
18	10	4	5	0
19	11	5	0	0
2	2	0	2	0.309456
12	6	2	4	0.281729
17	9	4	3	0.316094
16	8	3	5	0.366361
20	11	5	0	0
