1	1	0	1	0.375361
5	4	1	3	0.271924
13	7	3	2	0.325758
9	5	2	2	0.326384
7	5	2	2	0.427039
11	6	2	4	0.314576
18	10	4	5	0.329732
19	11	5	0	0
2	2	0	2	0.348535
8	5	2	2	0.343543
7	5	2	2	0.772096
11	6	2	4	0.295614
17	9	4	3	0.650403
16	8	3	5	0.318736
20	11	5	0	0
2	2	0	2	0.365409
8	5	2	2	0.364174
7	5	2	2	0.755974
11	6	2	4	0.301891
17	9	4	3	0.639402
16	8	3	5	0.327995
20	11	5	0	0
2	2	0	2	0.358513
8	5	2	2	0.353413
11	6	2	4	0
17	9	4	3	0.39652
16	8	3	5	0.273131
20	11	5	0	0
2	2	0	2	0.28432
12	6	2	4	0.280931
18	10	4	5	0.280578
19	11	5	0	0
1	1	0	1	0
5	4	1	3	0.349804
15	8	3	5	0.299067
20	11	5	0	0
2	2	0	2	0.296059
12	6	2	4	0.293121
17	9	4	3	0.414455
16	8	3	5	0
20	11	5	0	0
2	2	0	2	0.271913
12	6	2	4	0.275828
18	10	4	5	0.278508
19	11	5	0	0
1	1	0	1	0.261119
5	4	1	3	0.358835
15	8	3	5	0.300661
20	11	5	0	0
1	1	0	1	0.310151
4	3	1	1	0.346267
3	3	1	1	0.617962
6	4	1	3	0.652643
15	8	3	5	0.304639
20	11	5	0	0
1	1	0	1	0.390629
5	4	1	3	0.29438
15	8	3	5	0.26559
20	11	5	0	0
2	2	0	2	0.295744
8	5	2	2	0.338669
7	5	2	2	0.792111
7	5	2	2	0.307154
7	5	2	2	0
11	6	2	4	0.681184
18	10	4	5	0.25758
19	11	5	0	0
2	2	0	2	0.350211
8	5	2	2	0.324056
7	5	2	2	0.487484
11	6	2	4	0.324058
17	9	4	3	0.589693
14	7	3	2	0.530203
9	5	2	2	0.66149
11	6	2	4	0.322836
17	9	4	3	0.397518
16	8	3	5	0.255349
20	11	5	0	0
2	2	0	2	0.294256
12	6	2	4	0.302897
17	9	4	3	0.326395
16	8	3	5	0
20	11	5	0	0
1	1	0	1	0.34688
5	4	1	3	0.954843
15	8	3	5	0.26407
20	11	5	0	0
1	1	0	1	0.2899
5	4	1	3	0.326397
15	8	3	5	0.272807
20	11	5	0	0
1	1	0	1	0.280629
4	3	1	1	0.331531
6	4	1	3	0.421309
13	7	3	2	0.504711
9	5	2	2	0.454961
7	5	2	2	0.405714
11	6	2	4	0.382543
18	10	4	5	0.358427
19	11	5	0	0
1	1	0	1	0.264344
4	3	1	1	0.288809
3	3	1	1	0.821635
3	3	1	1	0.700762
6	4	1	3	1.17116
15	8	3	5	0.306442
20	11	5	0	0
1	1	0	1	0.30857
4	3	1	1	0.252975
6	4	1	3	0.743441
15	8	3	5	0.293685
20	11	5	0	0
1	1	0	1	0.294312
5	4	1	3	0.543996
15	8	3	5	0.257399
20	11	5	0	0
1	1	0	1	0.255101
4	3	1	1	0.31029
6	4	1	3	0.425512
13	7	3	2	0.522013
10	6	2	4	0.488611
17	9	4	3	0
16	8	3	5	0
20	11	5	0	0
1	1	0	1	0.280355
5	4	1	3	0.332845
15	8	3	5	0.251024
20	11	5	0	0
2	2	0	2	0.293599
8	5	2	2	0.304442
11	6	2	4	0.278665
17	9	4	3	0.424714
14	7	3	2	0.525552
10	6	2	4	0.326474
17	9	4	3	0.421259
14	7	3	2	0.701992
9	5	2	2	0.995319
7	5	2	2	0.418379
7	5	2	2	0.261639
7	5	2	2	0
11	6	2	4	0.855056
18	10	4	5	0.266581
19	11	5	0	0
1	1	0	1	0
5	4	1	3	0.34261
13	7	3	2	0.378187
9	5	2	2	0.273919
11	6	2	4	0.325378
18	10	4	5	0.600951
19	11	5	0	0
1	1	0	1	0
4	3	1	1	0.287415
3	3	1	1	0.875308
6	4	1	3	0.644735
13	7	3	2	0.485976
9	5	2	2	0.398037
11	6	2	4	0.324434
18	10	4	5	0.560331
19	11	5	0	0
2	2	0	2	0.612337
12	6	2	4	0.285284
17	9	4	3	0.594209
14	7	3	2	0.401759
10	6	2	4	0.300431
17	9	4	3	0.446022
14	7	3	2	0.419016
10	6	2	4	0.310197
18	10	4	5	0.977582
19	11	5	0	0.299996
1	1	0	1	0.263971
4	3	1	1	0.308832
6	4	1	3	0.695998
13	7	3	2	0.435416
9	5	2	2	0.406291
11	6	2	4	0.295729
18	10	4	5	0.347885
19	11	5	0	0
2	2	0	2	0.627323
8	5	2	2	0.299338
11	6	2	4	0.256922
18	10	4	5	0.301447
19	11	5	0	0
1	1	0	1	0
5	4	1	3	0.305026
13	7	3	2	0.327876
10	6	2	4	0.309692
18	10	4	5	0.342922
19	11	5	0	0
1	1	0	1	0
4	3	1	1	0.333051
3	3	1	1	0.850773
6	4	1	3	0.587649
13	7	3	2	0.428403
10	6	2	4	0.498555
17	9	4	3	0.260787
16	8	3	5	0.338916
20	11	5	0	0
2	2	0	2	0.353515
12	6	2	4	0.272595
17	9	4	3	0.395348
14	7	3	2	0.343543
10	6	2	4	0.263821
17	9	4	3	0.45153
16	8	3	5	0.330428
20	11	5	0	0
2	2	0	2	0.358103
8	5	2	2	0.351266
11	6	2	4	0
17	9	4	3	0.411105
14	7	3	2	0.43742
9	5	2	2	0.667756
11	6	2	4	0.292821
17	9	4	3	0.42499
16	8	3	5	0.292699
20	11	5	0	0
2	2	0	2	0.312236
8	5	2	2	0.351538
11	6	2	4	0
18	10	4	5	0.305539
19	11	5	0	0
2	2	0	2	0.588033
12	6	2	4	0.292775
18	10	4	5	0.291259
19	11	5	0	0
1	1	0	1	0
4	3	1	1	0.354677
6	4	1	3	0.730015
13	7	3	2	0.405316
9	5	2	2	0.471658
11	6	2	4	0.279409
18	10	4	5	0.302868
19	11	5	0	0
1	1	0	1	0.254899
5	4	1	3	0.28831
13	7	3	2	0.313645
10	6	2	4	0.285872
17	9	4	3	0.332271
16	8	3	5	0.286247
20	11	5	0	0
1	1	0	1	0.283387
4	3	1	1	0.478737
3	3	1	1	0.643448
3	3	1	1	0.774697
3	3	1	1	1.07264
3	3	1	1	1.13946
3	3	1	1	1.13926
3	3	1	1	1.09496
6	4	1	3	1.04905
15	8	3	5	0.314032
20	11	5	0	0
2	2	0	2	0.322138
8	5	2	2	0.317712
11	6	2	4	0
17	9	4	3	0.518283
16	8	3	5	0.261089
20	11	5	0	0
2	2	0	2	0.300099
12	6	2	4	0.274218
17	9	4	3	0.351498
14	7	3	2	0.644223
10	6	2	4	0.269335
17	9	4	3	0.401019
14	7	3	2	0.427052
10	6	2	4	0.287949
17	9	4	3	0.385414
14	7	3	2	0.385221
10	6	2	4	0.292722
17	9	4	3	0.379552
14	7	3	2	0.37743
9	5	2	2	0.656828
7	5	2	2	0.499037
11	6	2	4	0.336106
18	10	4	5	0.395989
19	11	5	0	0.298651
1	1	0	1	0.290802
5	4	1	3	0.282747
15	8	3	5	0.312175
20	11	5	0	0.284666
2	2	0	2	0.290906
8	5	2	2	0.31571
11	6	2	4	0
17	9	4	3	0.383284
14	7	3	2	0.404999
9	5	2	2	0.673807
7	5	2	2	0.492556
11	6	2	4	0.339616
17	9	4	3	0.320466
14	7	3	2	0.375785
10	6	2	4	0.297832
18	10	4	5	0.550119
19	11	5	0	0.342887
2	2	0	2	0.271656
12	6	2	4	0.260115
18	10	4	5	0.291713
19	11	5	0	0
2	2	0	2	0.618771
12	6	2	4	0.296508
17	9	4	3	0.506757
16	8	3	5	0.299104
20	11	5	0	0
2	2	0	2	0.260771
12	6	2	4	0.267662
17	9	4	3	0.303348
14	7	3	2	0.326618
9	5	2	2	0.605972
7	5	2	2	0.442124
11	6	2	4	0.337859
18	10	4	5	0.639824
19	11	5	0	0.317818
2	2	0	2	0.260567
12	6	2	4	0.251383
17	9	4	3	0.433708
16	8	3	5	0.290507
20	11	5	0	0
1	1	0	1	0.606924
4	3	1	1	0.455139
6	4	1	3	0.350163
13	7	3	2	0.423362
9	5	2	2	0.481778
7	5	2	2	0.45445
7	5	2	2	0.279095
7	5	2	2	0.283208
7	5	2	2	0
7	5	2	2	0
11	6	2	4	0.716837
18	10	4	5	0.278385
19	11	5	0	0
2	2	0	2	0.588341
12	6	2	4	0.30676
17	9	4	3	0.407527
14	7	3	2	0.345398
9	5	2	2	0.585297
11	6	2	4	0.319713
18	10	4	5	0.631328
19	11	5	0	0.300943
2	2	0	2	0.258803
8	5	2	2	0.357493
7	5	2	2	0.483646
7	5	2	2	0.289835
7	5	2	2	0
7	5	2	2	0
7	5	2	2	0
11	6	2	4	0.750956
17	9	4	3	0.448594
16	8	3	5	0.343438
20	11	5	0	0
1	1	0	1	0
4	3	1	1	0.41427
6	4	1	3	0.380094
15	8	3	5	0.355038
20	11	5	0	0
2	2	0	2	0.281312
8	5	2	2	0.309312
11	6	2	4	0.279801
17	9	4	3	0.408991
14	7	3	2	0.407837
9	5	2	2	0.595835
11	6	2	4	0.336214
18	10	4	5	0.612576
19	11	5	0	0.291747
1	1	0	1	0.270949
5	4	1	3	0.277049
15	8	3	5	0.315608
20	11	5	0	0.268766
1	1	0	1	0.262691
5	4	1	3	0.287909
13	7	3	2	0.311968
9	5	2	2	0
11	6	2	4	0.322833
17	9	4	3	0.336158
14	7	3	2	0.346678
9	5	2	2	0.994996
11	6	2	4	0.327984
17	9	4	3	0.353581
14	7	3	2	0.354725
9	5	2	2	0.549807
7	5	2	2	0.401513
11	6	2	4	0.62704
17	9	4	3	0.302462
14	7	3	2	0.349487
10	6	2	4	0.327096
18	10	4	5	0.612858
19	11	5	0	0.341925
1	1	0	1	0.259003
5	4	1	3	0
13	7	3	2	0.284224
9	5	2	2	0
11	6	2	4	0.309049
18	10	4	5	0.603227
19	11	5	0	0.275242
1	1	0	1	0
4	3	1	1	0.603532
6	4	1	3	0.411209
15	8	3	5	0.414862
20	11	5	0	0
2	2	0	2	0.291487
12	6	2	4	0.289661
17	9	4	3	0.328174
14	7	3	2	0.29206
10	6	2	4	0.297812
18	10	4	5	0.501365
19	11	5	0	0.266631
1	1	0	1	0.257774
5	4	1	3	0
15	8	3	5	0.351578
20	11	5	0	0.266132
2	2	0	2	0.537437
12	6	2	4	0.299243
17	9	4	3	0.38483
16	8	3	5	0.305566
20	11	5	0	0
2	2	0	2	0.265377
12	6	2	4	0.288036
17	9	4	3	0.309787
16	8	3	5	0.284691
20	11	5	0	0
1	1	0	1	0.308786
4	3	1	1	0.513689
3	3	1	1	0.689263
6	4	1	3	0.575819
15	8	3	5	0.357453
20	11	5	0	0
1	1	0	1	0.327382
5	4	1	3	0.255331
13	7	3	2	0.305275
10	6	2	4	0.328137
17	9	4	3	0.29217
16	8	3	5	0.287022
20	11	5	0	0
1	1	0	1	0.267444
4	3	1	1	0.453454
6	4	1	3	0.368518
15	8	3	5	0.356
20	11	5	0	0
2	2	0	2	0.299112
12	6	2	4	0.287873
17	9	4	3	0.315606
16	8	3	5	0.258228
20	11	5	0	0
2	2	0	2	0.256234
8	5	2	2	0.379209
11	6	2	4	0.263346
17	9	4	3	0.347172
14	7	3	2	0.413093
10	6	2	4	0.31077
18	10	4	5	0.600294
19	11	5	0	0.332321
2	2	0	2	0.255807
8	5	2	2	0.360555
7	5	2	2	0.479153
7	5	2	2	0.290709
7	5	2	2	0
7	5	2	2	0
11	6	2	4	0.656745
17	9	4	3	0.458567
16	8	3	5	0.377701
20	11	5	0	0
1	1	0	1	0
5	4	1	3	0.274397
15	8	3	5	0.294663
20	11	5	0	0.263438
1	1	0	1	0.524717
4	3	1	1	0.432699
6	4	1	3	0.36947
15	8	3	5	0.339625
20	11	5	0	0
2	2	0	2	0.287483
12	6	2	4	0.308187
18	10	4	5	0.345349
19	11	5	0	0
2	2	0	2	0.610102
8	5	2	2	0.308941
11	6	2	4	0.279822
18	10	4	5	0.35712
19	11	5	0	0
1	1	0	1	0
4	3	1	1	0.309549
6	4	1	3	0.769258
13	7	3	2	0.452034
9	5	2	2	0.441969
11	6	2	4	0.314847
18	10	4	5	0.363983
19	11	5	0	0
1	1	0	1	0
5	4	1	3	0.309798
15	8	3	5	0.322408
20	11	5	0	0.251109
2	2	0	2	0.289491
12	6	2	4	0.31331
17	9	4	3	0.384321
16	8	3	5	0.271385
20	11	5	0	0
1	1	0	1	0.315382
5	4	1	3	0.922795
13	7	3	2	0.330547
9	5	2	2	0
7	5	2	2	0.37612
7	5	2	2	0.277487
11	6	2	4	0.804271
18	10	4	5	0.305488
19	11	5	0	0.275987
1	1	0	1	0
5	4	1	3	0.307215
15	8	3	5	0.334865
20	11	5	0	0
2	2	0	2	0.292664
8	5	2	2	0.301724
11	6	2	4	0.271884
18	10	4	5	0.356046
19	11	5	0	0
2	2	0	2	0.601583
8	5	2	2	0.302942
11	6	2	4	0.274318
17	9	4	3	0.358065
16	8	3	5	0.294914
20	11	5	0	0
1	1	0	1	0.296594
4	3	1	1	0.977861
6	4	1	3	0.370578
13	7	3	2	0.452776
10	6	2	4	0.475187
17	9	4	3	0
16	8	3	5	0.285068
20	11	5	0	0
1	1	0	1	0.286767
5	4	1	3	0.297212
13	7	3	2	0.322627
10	6	2	4	0.334509
18	10	4	5	0.395897
19	11	5	0	0
1	1	0	1	0
4	3	1	1	0.327837
6	4	1	3	0.756101
15	8	3	5	0.370781
20	11	5	0	0
2	2	0	2	0.324417
8	5	2	2	0.316676
11	6	2	4	0.272736
17	9	4	3	0.483895
16	8	3	5	0.300907
20	11	5	0	0
1	1	0	1	0.29717
4	3	1	1	0.975711
6	4	1	3	0.363297
13	7	3	2	0.444545
10	6	2	4	0.471302
18	10	4	5	0.584338
19	11	5	0	0.396423
2	2	0	2	0.334874
8	5	2	2	0.343479
7	5	2	2	0.472443
11	6	2	4	0.329021
18	10	4	5	0.304636
19	11	5	0	0
2	2	0	2	0.644629
8	5	2	2	0.308326
11	6	2	4	0.272957
18	10	4	5	0.337883
19	11	5	0	0
1	1	0	1	0
5	4	1	3	0.308849
13	7	3	2	0.325555
10	6	2	4	0.329146
18	10	4	5	0.388121
19	11	5	0	0
2	2	0	2	0.355177
8	5	2	2	0.30964
7	5	2	2	0.486435
7	5	2	2	0.269517
11	6	2	4	0.628817
18	10	4	5	0.274981
19	11	5	0	0
1	1	0	1	0
4	3	1	1	0.333943
6	4	1	3	0.741756
15	8	3	5	0.367868
20	11	5	0	0
2	2	0	2	0.343799
12	6	2	4	0.29261
18	10	4	5	0.310338
19	11	5	0	0
2	2	0	2	0.669661
8	5	2	2	0.304532
7	5	2	2	0.489694
7	5	2	2	0.269836
7	5	2	2	0
11	6	2	4	0.66666
18	10	4	5	0.264376
19	11	5	0	0
2	2	0	2	0.63373
8	5	2	2	0.297849
11	6	2	4	0.274665
17	9	4	3	0.383225
14	7	3	2	0.406585
10	6	2	4	0.312891
18	10	4	5	0.575943
19	11	5	0	0.264166
1	1	0	1	0.294687
5	4	1	3	0.256591
13	7	3	2	0.301762
10	6	2	4	0.311267
17	9	4	3	0.336356
14	7	3	2	0.327666
10	6	2	4	0.308241
17	9	4	3	0.418314
16	8	3	5	0.340618
20	11	5	0	0
2	2	0	2	0.33955
12	6	2	4	0.299728
18	10	4	5	0.309057
19	11	5	0	0
1	1	0	1	0
4	3	1	1	0.351961
3	3	1	1	0.83824
6	4	1	3	0.594794
15	8	3	5	0.348906
20	11	5	0	0
2	2	0	2	0.289794
8	5	2	2	0.349696
11	6	2	4	0.257862
17	9	4	3	0.49658
16	8	3	5	0.29858
20	11	5	0	0
2	2	0	2	0.292187
8	5	2	2	0.368204
7	5	2	2	0.480771
7	5	2	2	0.302044
11	6	2	4	0.336392
18	10	4	5	0.279221
19	11	5	0	0
1	1	0	1	0
4	3	1	1	0.321803
3	3	1	1	0.794965
3	3	1	1	0.706208
6	4	1	3	1.05399
13	7	3	2	0.464869
10	6	2	4	0.505417
18	10	4	5	0.565532
19	11	5	0	0.452154
1	1	0	1	0.274678
4	3	1	1	0.304025
3	3	1	1	0.806664
6	4	1	3	0.5987
15	8	3	5	0.314957
20	11	5	0	0
2	2	0	2	0.297291
8	5	2	2	0.332103
7	5	2	2	0.461336
11	6	2	4	0.328471
18	10	4	5	0.328382
19	11	5	0	0
1	1	0	1	0
4	3	1	1	0.288586
6	4	1	3	0.753104
15	8	3	5	0.32456
20	11	5	0	0
1	1	0	1	0.305986
4	3	1	1	0.256207
6	4	1	3	0.688195
15	8	3	5	0.304791
20	11	5	0	0
1	1	0	1	0.299073
5	4	1	3	0.517262
13	7	3	2	0.336148
9	5	2	2	0.283604
7	5	2	2	0.369921
11	6	2	4	0.362143
17	9	4	3	0.9631
14	7	3	2	0.395032
10	6	2	4	0.299077
17	9	4	3	0.457959
16	8	3	5	0.263892
20	11	5	0	0
1	1	0	1	0.257929
4	3	1	1	0.361948
6	4	1	3	0.381194
15	8	3	5	0.310416
20	11	5	0	0
2	2	0	2	0.349819
12	6	2	4	0.294409
18	10	4	5	0.310152
19	11	5	0	0
2	2	0	2	0.677565
12	6	2	4	0.321074
17	9	4	3	0.58146
16	8	3	5	0.26587
20	11	5	0	0
1	1	0	1	0.314777
5	4	1	3	0.317788
15	8	3	5	0.257054
20	11	5	0	0
2	2	0	2	0.304694
12	6	2	4	0.307223
18	10	4	5	0.30124
19	11	5	0	0
1	1	0	1	0
4	3	1	1	0.298404
6	4	1	3	0.761309
15	8	3	5	0.318402
20	11	5	0	0
1	1	0	1	0.326525
5	4	1	3	0.276484
13	7	3	2	0.345558
10	6	2	4	0.32419
17	9	4	3	0.336217
14	7	3	2	0.625544
10	6	2	4	0.303462
18	10	4	5	0.459368
19	11	5	0	0
1	1	0	1	0.290719
5	4	1	3	0.290564
15	8	3	5	0.28997
20	11	5	0	0
1	1	0	1	0.274247
5	4	1	3	0.294503
13	7	3	2	0.322726
10	6	2	4	0.318629
17	9	4	3	0.355726
16	8	3	5	0.267089
20	11	5	0	0
1	1	0	1	0.279015
4	3	1	1	0.405198
6	4	1	3	0.379633
15	8	3	5	0.325429
20	11	5	0	0
1	1	0	1	0.300121
5	4	1	3	0.257949
13	7	3	2	0.327554
9	5	2	2	0.299004
11	6	2	4	0.293001
17	9	4	3	0.429075
16	8	3	5	0.260498
20	11	5	0	0
2	2	0	2	0.351181
12	6	2	4	0.296974
17	9	4	3	0.379036
16	8	3	5	0
20	11	5	0	0
1	1	0	1	0.315723
5	4	1	3	0.316881
13	7	3	2	0.317074
10	6	2	4	0.315431
18	10	4	5	0.358232
19	11	5	0	0
2	2	0	2	0.366673
12	6	2	4	0.292089
18	10	4	5	0.302272
19	11	5	0	0
1	1	0	1	0
5	4	1	3	0.329826
15	8	3	5	0.317449
20	11	5	0	0
1	1	0	1	0.276419
5	4	1	3	0.294575
15	8	3	5	0.29522
20	11	5	0	0
1	1	0	1	0.272822
4	3	1	1	0.351847
3	3	1	1	0.647406
3	3	1	1	0.773783
6	4	1	3	0.902277
15	8	3	5	0.320484
20	11	5	0	0
2	2	0	2	0.352975
12	6	2	4	0.273477
17	9	4	3	0.40678
14	7	3	2	0.628468
10	6	2	4	0.2852
17	9	4	3	0.446207
16	8	3	5	0.285546
20	11	5	0	0
2	2	0	2	0.360379
8	5	2	2	0.375436
7	5	2	2	0.506231
7	5	2	2	0.312506
7	5	2	2	0.258218
7	5	2	2	0
11	6	2	4	0.649442
18	10	4	5	0.288869
19	11	5	0	0
1	1	0	1	0
5	4	1	3	0.343881
13	7	3	2	0.34756
10	6	2	4	0.335732
18	10	4	5	0.394448
19	11	5	0	0
2	2	0	2	0.369963
12	6	2	4	0.310731
17	9	4	3	0.504466
14	7	3	2	0.363653
10	6	2	4	0.292854
18	10	4	5	0.502761
19	11	5	0	0
2	2	0	2	0.312524
8	5	2	2	0.364861
11	6	2	4	0.260869
18	10	4	5	0.322305
19	11	5	0	0
1	1	0	1	0.259001
5	4	1	3	0.301947
15	8	3	5	0.319225
20	11	5	0	0
2	2	0	2	0.33395
8	5	2	2	0.322068
11	6	2	4	0.252244
17	9	4	3	0.438282
16	8	3	5	0.289947
20	11	5	0	0
2	2	0	2	0.303346
8	5	2	2	0.380467
11	6	2	4	0.258593
17	9	4	3	0.397638
16	8	3	5	0.285679
20	11	5	0	0
1	1	0	1	0.325643
4	3	1	1	0.366722
6	4	1	3	0.374673
15	8	3	5	0.32419
20	11	5	0	0
2	2	0	2	0.334723
8	5	2	2	0.327771
11	6	2	4	0.268404
18	10	4	5	0.358084
19	11	5	0	0
2	2	0	2	0.329714
8	5	2	2	0.334442
7	5	2	2	0.519748
7	5	2	2	0.302095
11	6	2	4	0.342178
17	9	4	3	0.504319
16	8	3	5	0.307714
20	11	5	0	0
1	1	0	1	0.27577
5	4	1	3	0.296995
15	8	3	5	0.275685
20	11	5	0	0
1	1	0	1	0.284429
4	3	1	1	0.392114
3	3	1	1	0.646426
6	4	1	3	0.665798
13	7	3	2	0.517403
10	6	2	4	0.561716
17	9	4	3	0
16	8	3	5	0.300135
20	11	5	0	0
2	2	0	2	0.304202
12	6	2	4	0.310014
17	9	4	3	0.340531
14	7	3	2	0.650609
10	6	2	4	0.297112
18	10	4	5	0.494605
19	11	5	0	0
1	1	0	1	0.297006
5	4	1	3	0.305555
15	8	3	5	0.293817
20	11	5	0	0
2	2	0	2	0.297062
12	6	2	4	0.313232
17	9	4	3	0.404613
16	8	3	5	0.257694
20	11	5	0	0
1	1	0	1	0.340616
5	4	1	3	0.938493
13	7	3	2	0.339678
10	6	2	4	0.318587
18	10	4	5	0.368283
19	11	5	0	0
2	2	0	2	0.334676
12	6	2	4	0.296864
18	10	4	5	0.307236
19	11	5	0	0
2	2	0	2	0.630806
12	6	2	4	0.306986
18	10	4	5	0.312408
19	11	5	0	0
2	2	0	2	0.6193
8	5	2	2	0.346201
11	6	2	4	0
17	9	4	3	0.370967
16	8	3	5	0.276301
20	11	5	0	0
1	1	0	1	0.369812
5	4	1	3	0.929888
13	7	3	2	0.327649
10	6	2	4	0.290978
17	9	4	3	0.307045
14	7	3	2	0.384815
9	5	2	2	0.606156
11	6	2	4	0.287863
17	9	4	3	0.360236
14	7	3	2	0.383205
9	5	2	2	0.756377
11	6	2	4	0.29017
17	9	4	3	0.373892
16	8	3	5	0.277993
20	11	5	0	0
1	1	0	1	0.331595
5	4	1	3	0.279073
15	8	3	5	0.287415
20	11	5	0	0
1	1	0	1	0.301121
4	3	1	1	0.371936
3	3	1	1	0.687154
3	3	1	1	0.789158
6	4	1	3	0.893715
13	7	3	2	0.480994
10	6	2	4	0.477061
18	10	4	5	0.583173
19	11	5	0	0.463356
2	2	0	2	0.305943
8	5	2	2	0.377739
11	6	2	4	0.2515
18	10	4	5	0.318599
19	11	5	0	0
1	1	0	1	0
4	3	1	1	0.311274
6	4	1	3	0.779863
15	8	3	5	0.344325
20	11	5	0	0
2	2	0	2	0.319494
12	6	2	4	0.268559
17	9	4	3	0.355524
16	8	3	5	0
20	11	5	0	0
2	2	0	2	0.275782
12	6	2	4	0.278725
18	10	4	5	0.295472
19	11	5	0	0
1	1	0	1	0.257482
5	4	1	3	0.342552
15	8	3	5	0.305697
20	11	5	0	0
1	1	0	1	0.303425
5	4	1	3	0.308598
13	7	3	2	0.33288
9	5	2	2	0.322683
11	6	2	4	0.283039
18	10	4	5	0.552334
19	11	5	0	0
1	1	0	1	0.295907
4	3	1	1	0.302422
6	4	1	3	0.786566
13	7	3	2	0.431353
10	6	2	4	0.390972
18	10	4	5	0.525893
19	11	5	0	0.366128
2	2	0	2	0.350308
12	6	2	4	0.272485
18	10	4	5	0.28261
19	11	5	0	0
2	2	0	2	0.653622
12	6	2	4	0.287098
17	9	4	3	0.594317
14	7	3	2	0.385286
10	6	2	4	0.262433
17	9	4	3	0.441072
14	7	3	2	0.385269
9	5	2	2	0.76324
11	6	2	4	0.280668
17	9	4	3	0.380142
14	7	3	2	0.364057
9	5	2	2	0.758366
11	6	2	4	0.275365
17	9	4	3	0.390672
14	7	3	2	0.366958
10	6	2	4	0.271214
17	9	4	3	0.386019
16	8	3	5	0.301687
20	11	5	0	0
1	1	0	1	0.314551
4	3	1	1	0.433186
3	3	1	1	0.654795
3	3	1	1	0.783506
6	4	1	3	0.886177
13	7	3	2	0.452897
9	5	2	2	0.553509
11	6	2	4	0.278204
18	10	4	5	0.469853
19	11	5	0	0
2	2	0	2	0.298914
12	6	2	4	0.25258
17	9	4	3	0.491424
14	7	3	2	0.349707
9	5	2	2	0.669124
11	6	2	4	0.292869
18	10	4	5	0.585389
19	11	5	0	0.277587
2	2	0	2	0.281141
8	5	2	2	0.645603
11	6	2	4	0
18	10	4	5	0.294682
19	11	5	0	0
2	2	0	2	0.318125
8	5	2	2	0.346054
11	6	2	4	0
18	10	4	5	0.288639
19	11	5	0	0
2	2	0	2	0.320248
12	6	2	4	0.268405
17	9	4	3	0.482054
16	8	3	5	0.29431
20	11	5	0	0
2	2	0	2	0.266722
12	6	2	4	0.251728
17	9	4	3	0.313482
16	8	3	5	0.260619
20	11	5	0	0
1	1	0	1	0.648024
4	3	1	1	0.45792
6	4	1	3	0.345891
13	7	3	2	0.431576
9	5	2	2	0.537609
11	6	2	4	0.262561
17	9	4	3	0.340119
16	8	3	5	0.273446
20	11	5	0	0
1	1	0	1	0.349619
4	3	1	1	0.422599
6	4	1	3	0.375944
15	8	3	5	0.341341
20	11	5	0	0
1	1	0	1	0.354545
4	3	1	1	0.277185
6	4	1	3	0.691564
13	7	3	2	0.448263
10	6	2	4	0.37772
18	10	4	5	0.555219
19	11	5	0	0.434368
2	2	0	2	0.306589
8	5	2	2	0.403994
7	5	2	2	0.824739
7	5	2	2	0.309535
7	5	2	2	0.261592
7	5	2	2	0
7	5	2	2	0.273624
7	5	2	2	0
7	5	2	2	0.251947
11	6	2	4	0.350587
17	9	4	3	0.557906
14	7	3	2	0.421224
9	5	2	2	0.600814
11	6	2	4	0.310265
18	10	4	5	0.780945
19	11	5	0	0.290783
1	1	0	1	0.27941
4	3	1	1	0.314428
6	4	1	3	0.684011
15	8	3	5	0.352286
20	11	5	0	0
1	1	0	1	0.302647
4	3	1	1	0.277635
6	4	1	3	0.675091
13	7	3	2	0.442896
10	6	2	4	0.425901
18	10	4	5	0.565043
19	11	5	0	0.428708
2	2	0	2	0.327286
12	6	2	4	0.293743
17	9	4	3	0.420653
14	7	3	2	0.351506
9	5	2	2	0.572267
11	6	2	4	0.322057
17	9	4	3	0.362535
16	8	3	5	0.271368
20	11	5	0	0
1	1	0	1	0.292597
5	4	1	3	0.283951
15	8	3	5	0.287754
20	11	5	0	0.25153
1	1	0	1	0.277304
5	4	1	3	0.320166
13	7	3	2	0.312443
10	6	2	4	0.319025
17	9	4	3	0.314445
16	8	3	5	0.282951
20	11	5	0	0
2	2	0	2	0.327058
12	6	2	4	0.305665
17	9	4	3	0.32757
14	7	3	2	0.342271
10	6	2	4	0.289499
18	10	4	5	0.489301
19	11	5	0	0
1	1	0	1	0.292125
4	3	1	1	0.315459
3	3	1	1	0.952798
6	4	1	3	0.613493
13	7	3	2	0.440802
9	5	2	2	0.480104
11	6	2	4	0.292838
17	9	4	3	0.377833
16	8	3	5	0.282577
20	11	5	0	0
1	1	0	1	0.290729
5	4	1	3	0.283356
13	7	3	2	0.302419
9	5	2	2	0.270055
11	6	2	4	0.295081
17	9	4	3	0.364273
14	7	3	2	0.361898
10	6	2	4	0.297334
17	9	4	3	0.382072
14	7	3	2	0.354899
9	5	2	2	0.598123
11	6	2	4	0.302679
17	9	4	3	0.337867
16	8	3	5	0.288355
20	11	5	0	0
1	1	0	1	0.283836
5	4	1	3	0.272997
15	8	3	5	0.313022
20	11	5	0	0.25314
2	2	0	2	0.27364
12	6	2	4	0.30016
18	10	4	5	0.313665
19	11	5	0	0
1	1	0	1	0
5	4	1	3	0.318969
13	7	3	2	0.313421
10	6	2	4	0.302207
17	9	4	3	0.294114
16	8	3	5	0.29287
20	11	5	0	0
2	2	0	2	0.306546
8	5	2	2	0.377129
11	6	2	4	0.25183
17	9	4	3	0.351888
16	8	3	5	0.321375
20	11	5	0	0
2	2	0	2	0.263282
8	5	2	2	0.381293
11	6	2	4	0.257201
17	9	4	3	0.334704
16	8	3	5	0.311976
20	11	5	0	0
2	2	0	2	0.253893
12	6	2	4	0.290099
18	10	4	5	0.329676
19	11	5	0	0
2	2	0	2	0.57613
8	5	2	2	0.334492
11	6	2	4	0.255034
17	9	4	3	0.312642
16	8	3	5	0.295176
20	11	5	0	0
1	1	0	1	0.593494
5	4	1	3	0.299288
13	7	3	2	0.311345
10	6	2	4	0.307947
18	10	4	5	0.390766
19	11	5	0	0.251929
1	1	0	1	0.275725
4	3	1	1	0.338487
3	3	1	1	0.889323
6	4	1	3	0.607886
15	8	3	5	0.3611
20	11	5	0	0
2	2	0	2	0.251106
8	5	2	2	0.376017
7	5	2	2	0.510974
11	6	2	4	0.320336
18	10	4	5	0.328712
19	11	5	0	0
1	1	0	1	0.25189
4	3	1	1	0.32366
6	4	1	3	0.757862
15	8	3	5	0.364273
20	11	5	0	0
2	2	0	2	0.292204
12	6	2	4	0.276373
18	10	4	5	0.314647
19	11	5	0	0
1	1	0	1	0
4	3	1	1	0.328318
3	3	1	1	0.789566
3	3	1	1	0.700741
6	4	1	3	1.07
13	7	3	2	0.477626
9	5	2	2	0.51412
7	5	2	2	0.447168
11	6	2	4	0.336186
18	10	4	5	0.350465
19	11	5	0	0.269878
1	1	0	1	0.270118
4	3	1	1	0.301743
3	3	1	1	0.810337
3	3	1	1	0.692065
6	4	1	3	1.0582
13	7	3	2	0.478251
10	6	2	4	0.467459
18	10	4	5	0.567136
19	11	5	0	0.53262
1	1	0	1	0.268457
5	4	1	3	0.30109
15	8	3	5	0.288418
20	11	5	0	0.258683
2	2	0	2	0.316088
12	6	2	4	0.287741
18	10	4	5	0.292119
19	11	5	0	0
1	1	0	1	0
5	4	1	3	0.34181
15	8	3	5	0.304212
20	11	5	0	0.260324
1	1	0	1	0.271956
5	4	1	3	0.307356
13	7	3	2	0.326889
9	5	2	2	0.287312
11	6	2	4	0.280866
18	10	4	5	0.562009
19	11	5	0	0.259977
1	1	0	1	0.263716
4	3	1	1	0.299974
6	4	1	3	0.743121
13	7	3	2	0.421097
9	5	2	2	0.471041
11	6	2	4	0.277922
17	9	4	3	0.425961
14	7	3	2	0.40512
10	6	2	4	0.28644
18	10	4	5	0.974259
19	11	5	0	0.309338
1	1	0	1	0.280477
4	3	1	1	0.312195
6	4	1	3	0.670062
15	8	3	5	0.358676
20	11	5	0	0
1	1	0	1	0.290265
5	4	1	3	0
15	8	3	5	0.302625
20	11	5	0	0
1	1	0	1	0.252769
5	4	1	3	0.291703
13	7	3	2	0.311101
9	5	2	2	0.267141
11	6	2	4	0.278521
18	10	4	5	0.548798
19	11	5	0	0.254135
2	2	0	2	0.629828
8	5	2	2	0.326969
11	6	2	4	0
18	10	4	5	0.30746
19	11	5	0	0
1	1	0	1	0
4	3	1	1	0.323593
3	3	1	1	0.847741
6	4	1	3	0.591298
13	7	3	2	0.424394
9	5	2	2	0.43567
11	6	2	4	0.275444
18	10	4	5	0.50567
19	11	5	0	0.258327
1	1	0	1	0
4	3	1	1	0.315824
6	4	1	3	0.710549
15	8	3	5	0.365736
20	11	5	0	0
1	1	0	1	0.273226
5	4	1	3	0
13	7	3	2	0.306876
9	5	2	2	0.282506
11	6	2	4	0.267207
17	9	4	3	0.970887
16	8	3	5	0.270101
20	11	5	0	0
2	2	0	2	0.39904
12	6	2	4	0.268069
18	10	4	5	0.280045
19	11	5	0	0
1	1	0	1	0
4	3	1	1	0.337967
3	3	1	1	0.784637
3	3	1	1	0.697821
3	3	1	1	1.15108
3	3	1	1	1.07976
3	3	1	1	1.19519
6	4	1	3	1.04831
15	8	3	5	0.305351
20	11	5	0	0
2	2	0	2	0.379174
12	6	2	4	0.250651
18	10	4	5	0.27223
19	11	5	0	0
2	2	0	2	0.760022
8	5	2	2	0.310435
7	5	2	2	0.772948
11	6	2	4	0.278745
18	10	4	5	0.261252
19	11	5	0	0
2	2	0	2	0.726456
12	6	2	4	0.266267
18	10	4	5	0.276782
19	11	5	0	0
1	1	0	1	0
4	3	1	1	0.290522
3	3	1	1	0.429744
6	4	1	3	0.568442
15	8	3	5	0.288512
20	11	5	0	0
2	2	0	2	0.343536
8	5	2	2	0.625131
11	6	2	4	0
18	10	4	5	0.297144
19	11	5	0	0
1	1	0	1	0
4	3	1	1	0.258247
6	4	1	3	0.496835
15	8	3	5	0.294749
20	11	5	0	0
1	1	0	1	0.294264
4	3	1	1	0
3	3	1	1	0.487599
3	3	1	1	0.620961
6	4	1	3	0.909941
15	8	3	5	0.268552
20	11	5	0	0
1	1	0	1	0.292679
4	3	1	1	0
3	3	1	1	0.448434
3	3	1	1	0.333758
6	4	1	3	0.918066
15	8	3	5	0.252499
20	11	5	0	0
1	1	0	1	0.286595
5	4	1	3	0.583438
13	7	3	2	0.63782
9	5	2	2	0.28306
7	5	2	2	0.401223
7	5	2	2	0.286113
11	6	2	4	0.701751
18	10	4	5	0.254239
19	11	5	0	0.325102
1	1	0	1	0
5	4	1	3	0.592871
13	7	3	2	0.364321
10	6	2	4	0.286065
18	10	4	5	0.350774
19	11	5	0	0.292179
2	2	0	2	0.733827
8	5	2	2	0.298161
7	5	2	2	0.735887
11	6	2	4	0.287172
18	10	4	5	0.268053
19	11	5	0	0
2	2	0	2	0.786157
8	5	2	2	0.29445
11	6	2	4	0
18	10	4	5	0.290531
19	11	5	0	0
2	2	0	2	0.72874
8	5	2	2	0.29058
7	5	2	2	0.750661
7	5	2	2	0.268893
11	6	2	4	0.597606
17	9	4	3	0.979752
16	8	3	5	0.270909
20	11	5	0	0
2	2	0	2	0.702754
12	6	2	4	0.290252
17	9	4	3	0.431755
16	8	3	5	0
20	11	5	0	0
1	1	0	1	0.290166
4	3	1	1	0.373371
6	4	1	3	0.381594
13	7	3	2	0.478795
10	6	2	4	0.408126
17	9	4	3	0.281167
16	8	3	5	0
20	11	5	0	0
2	2	0	2	0.369163
12	6	2	4	0.280858
17	9	4	3	0.409125
14	7	3	2	0.671441
10	6	2	4	0.272548
18	10	4	5	0.435953
19	11	5	0	0
2	2	0	2	0.338036
12	6	2	4	0.257019
17	9	4	3	0.597591
16	8	3	5	0
20	11	5	0	0
1	1	0	1	0.315792
5	4	1	3	0.329059
13	7	3	2	0.580791
9	5	2	2	0.277107
11	6	2	4	0.275854
17	9	4	3	0.426896
14	7	3	2	0.667148
10	6	2	4	0.285984
18	10	4	5	0.972225
19	11	5	0	0.331171
1	1	0	1	0.292004
4	3	1	1	0.279414
6	4	1	3	0.42492
15	8	3	5	0.318153
20	11	5	0	0
2	2	0	2	0.3548
8	5	2	2	0.329584
7	5	2	2	0.755362
7	5	2	2	0.36436
7	5	2	2	0.253647
7	5	2	2	0
7	5	2	2	0
7	5	2	2	0
7	5	2	2	0
7	5	2	2	0
11	6	2	4	0.725639
18	10	4	5	0.292011
19	11	5	0	0
1	1	0	1	0
4	3	1	1	0.291384
6	4	1	3	0.493307
13	7	3	2	0.443398
10	6	2	4	0.409623
17	9	4	3	0.263753
16	8	3	5	0.263359
20	11	5	0	0
2	2	0	2	0.346093
12	6	2	4	0.2958
17	9	4	3	0.38019
14	7	3	2	0.635031
10	6	2	4	0.287637
18	10	4	5	0.472609
19	11	5	0	0
1	1	0	1	0.258537
5	4	1	3	0.294724
15	8	3	5	0.294135
20	11	5	0	0.268465
1	1	0	1	0
5	4	1	3	0.300805
15	8	3	5	0.288186
20	11	5	0	0.26217
1	1	0	1	0
5	4	1	3	0.303376
15	8	3	5	0.289906
20	11	5	0	0.257828
1	1	0	1	0
5	4	1	3	0.305942
15	8	3	5	0.291347
20	11	5	0	0.253816
1	1	0	1	0
4	3	1	1	0.349028
3	3	1	1	0.651523
6	4	1	3	0.61515
13	7	3	2	0.488742
9	5	2	2	0.414305
7	5	2	2	0.367064
7	5	2	2	0
7	5	2	2	0
7	5	2	2	0
11	6	2	4	0.788244
18	10	4	5	0.286245
19	11	5	0	0
1	1	0	1	0
5	4	1	3	0.349175
13	7	3	2	0.352659
9	5	2	2	0.263641
11	6	2	4	0.3192
18	10	4	5	0.987225
19	11	5	0	0.253894
1	1	0	1	0
4	3	1	1	0.305413
3	3	1	1	0.873205
3	3	1	1	0.718619
3	3	1	1	1.02721
6	4	1	3	1.01044
15	8	3	5	0.32637
20	11	5	0	0
1	1	0	1	0
4	3	1	1	0.262732
3	3	1	1	0.55203
6	4	1	3	0.639533
13	7	3	2	0.488301
9	5	2	2	0.377545
7	5	2	2	0.334755
7	5	2	2	0
7	5	2	2	0
7	5	2	2	0
7	5	2	2	0
7	5	2	2	0
7	5	2	2	0
11	6	2	4	0.820951
17	9	4	3	0.69177
16	8	3	5	0.318011
20	11	5	0	0
2	2	0	2	0.801195
8	5	2	2	0.261845
11	6	2	4	0.292728
18	10	4	5	0.377667
19	11	5	0	0
1	1	0	1	0
5	4	1	3	0.342648
13	7	3	2	0.357833
10	6	2	4	0.624117
17	9	4	3	0.949596
14	7	3	2	0.397093
10	6	2	4	0.341705
17	9	4	3	0.474486
16	8	3	5	0.301872
20	11	5	0	0
1	1	0	1	0
5	4	1	3	0.293825
13	7	3	2	0.319028
10	6	2	4	0.623871
18	10	4	5	0.40616
19	11	5	0	0.27254
1	1	0	1	0
5	4	1	3	0.308481
13	7	3	2	0.329866
10	6	2	4	0.344426
18	10	4	5	0.955821
19	11	5	0	0.265669
2	2	0	2	0.718462
12	6	2	4	0.316817
18	10	4	5	0.315102
19	11	5	0	0
1	1	0	1	0
4	3	1	1	0.348706
6	4	1	3	0.462404
13	7	3	2	0.398021
9	5	2	2	0.390773
7	5	2	2	0.378578
11	6	2	4	0.637295
17	9	4	3	0.43435
16	8	3	5	0.316133
20	11	5	0	0
2	2	0	2	0.683284
8	5	2	2	0.303873
11	6	2	4	0.267944
18	10	4	5	0.333373
19	11	5	0	0
1	1	0	1	0
5	4	1	3	0.297079
13	7	3	2	0.312178
10	6	2	4	0.317601
17	9	4	3	0.947566
14	7	3	2	0.35831
10	6	2	4	0.309796
18	10	4	5	0.46616
19	11	5	0	0
1	1	0	1	0
4	3	1	1	0.338954
3	3	1	1	0.656501
6	4	1	3	0.573111
15	8	3	5	0.364332
20	11	5	0	0
2	2	0	2	0.341688
8	5	2	2	0.308221
11	6	2	4	0.257256
17	9	4	3	0.588609
14	7	3	2	0.409018
10	6	2	4	0.293823
17	9	4	3	0.964959
14	7	3	2	0.360507
9	5	2	2	0.551469
7	5	2	2	0.425191
7	5	2	2	0.258082
7	5	2	2	0
7	5	2	2	0
11	6	2	4	0.760902
18	10	4	5	0.266249
19	11	5	0	0
1	1	0	1	0
5	4	1	3	0.293733
13	7	3	2	0.293838
9	5	2	2	0.259981
7	5	2	2	0.333976
7	5	2	2	0
11	6	2	4	0.830289
18	10	4	5	0.289226
19	11	5	0	0.283286
2	2	0	2	0.704383
8	5	2	2	0.277756
11	6	2	4	0.27907
17	9	4	3	0.430639
16	8	3	5	0.315702
20	11	5	0	0
1	1	0	1	0
4	3	1	1	0.437997
6	4	1	3	0.330318
13	7	3	2	0.386325
10	6	2	4	0.464479
17	9	4	3	0.264258
14	7	3	2	0.405563
9	5	2	2	0.490938
7	5	2	2	0.339843
7	5	2	2	0.266758
11	6	2	4	0.688312
18	10	4	5	0.285952
19	11	5	0	0.25832
2	2	0	2	0.733037
12	6	2	4	0.324026
17	9	4	3	0.507183
14	7	3	2	0.322741
9	5	2	2	0.483553
7	5	2	2	0.343518
7	5	2	2	0.256779
11	6	2	4	0.687565
18	10	4	5	0.291464
19	11	5	0	0.259231
2	2	0	2	0.719856
8	5	2	2	0.27278
11	6	2	4	0.293326
18	10	4	5	0.365313
19	11	5	0	0
2	2	0	2	0.705114
12	6	2	4	0.337424
18	10	4	5	0.345242
19	11	5	0	0
1	1	0	1	0
5	4	1	3	0.28864
15	8	3	5	0.383007
20	11	5	0	0.269214
1	1	0	1	0
4	3	1	1	0.449667
6	4	1	3	0.319222
15	8	3	5	0.392977
20	11	5	0	0
1	1	0	1	0
5	4	1	3	0
13	7	3	2	0.279736
10	6	2	4	0.34966
17	9	4	3	0.937375
16	8	3	5	0.302254
20	11	5	0	0
1	1	0	1	0
5	4	1	3	0.26118
15	8	3	5	0.330828
20	11	5	0	0.257319
1	1	0	1	0
4	3	1	1	0.496812
3	3	1	1	0.725711
6	4	1	3	0.573949
15	8	3	5	0.370309
20	11	5	0	0
2	2	0	2	0.320827
12	6	2	4	0.285657
18	10	4	5	0.31477
19	11	5	0	0
1	1	0	1	0
4	3	1	1	0.352876
6	4	1	3	0.702518
13	7	3	2	0.392237
10	6	2	4	0.411061
17	9	4	3	0.27092
14	7	3	2	0.42517
9	5	2	2	0.524609
11	6	2	4	0.343185
17	9	4	3	0.962447
16	8	3	5	0.296006
20	11	5	0	0
2	2	0	2	0.60516
8	5	2	2	0.328968
7	5	2	2	0.42112
11	6	2	4	0.347616
17	9	4	3	0.620703
16	8	3	5	0.377025
20	11	5	0	0
1	1	0	1	0
4	3	1	1	0.397281
6	4	1	3	0.377028
15	8	3	5	0.361356
20	11	5	0	0
2	2	0	2	0.35068
8	5	2	2	0.290006
11	6	2	4	0.283559
17	9	4	3	0.512167
14	7	3	2	0.41936
10	6	2	4	0.330559
17	9	4	3	0.414942
14	7	3	2	0.372943
10	6	2	4	0.920044
18	10	4	5	0.594192
19	11	5	0	0.304583
2	2	0	2	0.548513
8	5	2	2	0.313881
7	5	2	2	0.438833
11	6	2	4	0.344283
18	10	4	5	0.327251
19	11	5	0	0
2	2	0	2	0.645399
12	6	2	4	0.318508
17	9	4	3	0.52602
14	7	3	2	0.352631
9	5	2	2	0.558948
7	5	2	2	0.401546
11	6	2	4	0.370787
17	9	4	3	0.3746
14	7	3	2	0.358192
9	5	2	2	0.604586
7	5	2	2	0.431661
7	5	2	2	0.25804
7	5	2	2	0
7	5	2	2	0
7	5	2	2	0
7	5	2	2	0
7	5	2	2	0
11	6	2	4	0.810313
17	9	4	3	0.517064
16	8	3	5	0.380302
20	11	5	0	0
1	1	0	1	0
5	4	1	3	0.259666
15	8	3	5	0.316405
20	11	5	0	0.264679
1	1	0	1	0
5	4	1	3	0.308087
15	8	3	5	0.32642
20	11	5	0	0
1	1	0	1	0
5	4	1	3	0.281626
13	7	3	2	0.298375
9	5	2	2	0
11	6	2	4	0.35695
18	10	4	5	0.677449
19	11	5	0	0.250871
1	1	0	1	0
5	4	1	3	0.261616
15	8	3	5	0.365484
20	11	5	0	0
2	2	0	2	0.605124
8	5	2	2	0.255947
11	6	2	4	0.291933
18	10	4	5	0.383485
19	11	5	0	0
1	1	0	1	0
5	4	1	3	0.292415
15	8	3	5	0.367727
20	11	5	0	0
2	2	0	2	0.615885
8	5	2	2	0.261245
11	6	2	4	0.287789
18	10	4	5	0.374798
19	11	5	0	0
1	1	0	1	0
4	3	1	1	0.359127
6	4	1	3	0.740001
13	7	3	2	0.40036
9	5	2	2	0.375722
7	5	2	2	0.364408
11	6	2	4	0.681149
17	9	4	3	0.369207
14	7	3	2	0.372399
9	5	2	2	0.991627
7	5	2	2	0.377411
7	5	2	2	0
7	5	2	2	0
11	6	2	4	0.903703
17	9	4	3	0.377519
14	7	3	2	0.34769
10	6	2	4	0.35712
17	9	4	3	0.432574
16	8	3	5	0.349842
20	11	5	0	0
1	1	0	1	0
5	4	1	3	0.270387
15	8	3	5	0.332225
20	11	5	0	0
2	2	0	2	0.583927
8	5	2	2	0.255877
7	5	2	2	0.387286
11	6	2	4	0.673764
18	10	4	5	0.347224
19	11	5	0	0
2	2	0	2	0.690958
12	6	2	4	0.617474
18	10	4	5	0.366278
19	11	5	0	0
1	1	0	1	0
4	3	1	1	0.390436
3	3	1	1	0.857213
6	4	1	3	0.593202
15	8	3	5	0.387056
20	11	5	0	0
2	2	0	2	0.296731
8	5	2	2	0.284118
7	5	2	2	0.377792
7	5	2	2	0.278504
7	5	2	2	0
7	5	2	2	0
7	5	2	2	0
7	5	2	2	0
11	6	2	4	0.862506
17	9	4	3	0.562319
16	8	3	5	0.379126
20	11	5	0	0
2	2	0	2	0.707484
12	6	2	4	0.384369
18	10	4	5	0.382868
19	11	5	0	0
2	2	0	2	0.700912
12	6	2	4	0.625439
17	9	4	3	0.516458
16	8	3	5	0.309679
20	11	5	0	0
1	1	0	1	0.251868
5	4	1	3	0.918842
15	8	3	5	0.301105
20	11	5	0	0
1	1	0	1	0
4	3	1	1	0.379973
6	4	1	3	0.376375
15	8	3	5	0.354652
20	11	5	0	0
1	1	0	1	0
4	3	1	1	0.287487
6	4	1	3	0.713733
15	8	3	5	0.343372
20	11	5	0	0
2	2	0	2	0.586823
12	6	2	4	0.329322
17	9	4	3	0.347189
16	8	3	5	0
20	11	5	0	0
2	2	0	2	0.277939
8	5	2	2	0.318929
7	5	2	2	0.391239
7	5	2	2	0.257589
11	6	2	4	0.705428
17	9	4	3	0.40876
14	7	3	2	0.453509
10	6	2	4	0.361269
17	9	4	3	0.393278
16	8	3	5	0.291156
20	11	5	0	0
1	1	0	1	0
5	4	1	3	0.304381
15	8	3	5	0.28508
20	11	5	0	0
1	1	0	1	0
5	4	1	3	0.354852
13	7	3	2	0.345373
9	5	2	2	0
7	5	2	2	0.322217
11	6	2	4	0.702744
18	10	4	5	0.982049
19	11	5	0	0
1	1	0	1	0
5	4	1	3	0.312189
15	8	3	5	0.330397
20	11	5	0	0
2	2	0	2	0.589887
12	6	2	4	0.360912
18	10	4	5	0.36609
19	11	5	0	0
2	2	0	2	0.684767
12	6	2	4	0.363407
18	10	4	5	0.372666
19	11	5	0	0
2	2	0	2	0.681328
8	5	2	2	0.27692
7	5	2	2	0.429723
11	6	2	4	0.636686
17	9	4	3	0.525934
16	8	3	5	0.367013
20	11	5	0	0
2	2	0	2	0.57303
12	6	2	4	0.33382
18	10	4	5	0.351315
19	11	5	0	0
1	1	0	1	0
5	4	1	3	0.359684
15	8	3	5	0.328574
20	11	5	0	0
2	2	0	2	0.544187
8	5	2	2	0.292699
11	6	2	4	0.278234
18	10	4	5	0.363534
19	11	5	0	0
2	2	0	2	0.597406
12	6	2	4	0.328953
17	9	4	3	0.45887
14	7	3	2	0.403771
10	6	2	4	0.311756
17	9	4	3	0.361055
16	8	3	5	0.305771
20	11	5	0	0
2	2	0	2	0.303853
12	6	2	4	0.31908
18	10	4	5	0.331928
19	11	5	0	0
1	1	0	1	0
4	3	1	1	0.33905
6	4	1	3	0.827149
15	8	3	5	0.364207
20	11	5	0	0
1	1	0	1	0.313486
5	4	1	3	0.281345
13	7	3	2	0.352879
10	6	2	4	0.35085
18	10	4	5	0.400196
19	11	5	0	0
2	2	0	2	0.313506
8	5	2	2	0.327712
11	6	2	4	0.263523
18	10	4	5	0.323923
19	11	5	0	0
2	2	0	2	0.588688
12	6	2	4	0.303243
17	9	4	3	0.492437
16	8	3	5	0.294219
20	11	5	0	0
2	2	0	2	0.266351
8	5	2	2	0.406105
11	6	2	4	0.255721
18	10	4	5	0.318412
19	11	5	0	0
1	1	0	1	0.259103
4	3	1	1	0.31721
3	3	1	1	0.864488
6	4	1	3	0.662623
13	7	3	2	0.495451
9	5	2	2	0.486528
7	5	2	2	0.406507
7	5	2	2	0.268082
11	6	2	4	0.502853
17	9	4	3	0.337424
14	7	3	2	0.444167
9	5	2	2	0.651637
7	5	2	2	0.460408
7	5	2	2	0.272162
7	5	2	2	0
7	5	2	2	0
11	6	2	4	0.775769
17	9	4	3	0.430413
14	7	3	2	0.414023
9	5	2	2	0.508955
7	5	2	2	0.399463
11	6	2	4	0.38994
17	9	4	3	0.338622
16	8	3	5	0.322632
20	11	5	0	0
1	1	0	1	0
5	4	1	3	0.293131
15	8	3	5	0.306673
20	11	5	0	0
1	1	0	1	0
4	3	1	1	0.444102
6	4	1	3	0.384064
15	8	3	5	0.352222
20	11	5	0	0
1	1	0	1	0.26152
5	4	1	3	0.269629
15	8	3	5	0.305479
20	11	5	0	0
2	2	0	2	0.548473
12	6	2	4	0.319524
18	10	4	5	0.338499
19	11	5	0	0
1	1	0	1	0
5	4	1	3	0.363596
13	7	3	2	0.36221
10	6	2	4	0.350549
17	9	4	3	0.297959
16	8	3	5	0.274384
20	11	5	0	0
1	1	0	1	0.251692
4	3	1	1	0.449445
6	4	1	3	0.409642
13	7	3	2	0.470457
9	5	2	2	0.388695
7	5	2	2	0.374038
11	6	2	4	0.664651
17	9	4	3	0.334317
14	7	3	2	0.421989
10	6	2	4	0.917192
18	10	4	5	0.603885
19	11	5	0	0.275321
2	2	0	2	0.284273
8	5	2	2	0.321354
7	5	2	2	0.419605
7	5	2	2	0.260372
7	5	2	2	0
11	6	2	4	0.775868
18	10	4	5	0.281145
19	11	5	0	0
2	2	0	2	0.648682
12	6	2	4	0.339767
17	9	4	3	0.435532
14	7	3	2	0.376069
9	5	2	2	0.50598
7	5	2	2	0.358909
7	5	2	2	0.259738
11	6	2	4	0.686968
18	10	4	5	0.296696
19	11	5	0	0
1	1	0	1	0
4	3	1	1	0.348337
6	4	1	3	0.78301
15	8	3	5	0.390354
20	11	5	0	0
2	2	0	2	0.320211
8	5	2	2	0.29079
7	5	2	2	0.387848
7	5	2	2	0.285643
7	5	2	2	0
11	6	2	4	0.848934
18	10	4	5	0.313796
19	11	5	0	0
2	2	0	2	0.659781
12	6	2	4	0.350826
17	9	4	3	0.469463
16	8	3	5	0.294081
20	11	5	0	0
1	1	0	1	0.264645
4	3	1	1	0.990426
3	3	1	1	0.690886
3	3	1	1	0.779218
6	4	1	3	0.91506
15	8	3	5	0.331328
20	11	5	0	0
1	1	0	1	0.263205
5	4	1	3	0.275645
13	7	3	2	0.344438
10	6	2	4	0.630927
18	10	4	5	0.442299
19	11	5	0	0
2	2	0	2	0.628695
12	6	2	4	0.335822
17	9	4	3	0.45751
16	8	3	5	0.268562
20	11	5	0	0
2	2	0	2	0.285947
8	5	2	2	0.348254
7	5	2	2	0.405343
7	5	2	2	0.267338
11	6	2	4	0.673847
18	10	4	5	0.304544
19	11	5	0	0
1	1	0	1	0
4	3	1	1	0.314574
6	4	1	3	0.796519
13	7	3	2	0.455849
9	5	2	2	0.385473
11	6	2	4	0.339373
18	10	4	5	0.379371
19	11	5	0	0
2	2	0	2	0.622117
12	6	2	4	0.314509
17	9	4	3	0.508803
14	7	3	2	0.384566
9	5	2	2	0.500326
11	6	2	4	0.362851
18	10	4	5	0.691284
19	11	5	0	0.251858
1	1	0	1	0
4	3	1	1	0.302969
3	3	1	1	0.921508
6	4	1	3	0.639025
13	7	3	2	0.474941
9	5	2	2	0.395329
11	6	2	4	0.322615
18	10	4	5	0.575727
19	11	5	0	0
2	2	0	2	0.593787
12	6	2	4	0.278896
17	9	4	3	0.543535
16	8	3	5	0.287593
20	11	5	0	0
2	2	0	2	0.294373
12	6	2	4	0.291489
18	10	4	5	0.31
19	11	5	0	0
2	2	0	2	0.660608
8	5	2	2	0.309675
11	6	2	4	0.262278
18	10	4	5	0.322662
19	11	5	0	0
1	1	0	1	0
4	3	1	1	0.316272
6	4	1	3	0.776171
13	7	3	2	0.445753
10	6	2	4	0.400961
17	9	4	3	0
16	8	3	5	0.288402
20	11	5	0	0
1	1	0	1	0.288354
5	4	1	3	0.304674
15	8	3	5	0.286787
20	11	5	0	0
2	2	0	2	0.283576
8	5	2	2	0.330049
7	5	2	2	0.474534
11	6	2	4	0.332971
18	10	4	5	0.297131
19	11	5	0	0
2	2	0	2	0.629122
8	5	2	2	0.31203
11	6	2	4	0.267744
18	10	4	5	0.323182
19	11	5	0	0
2	2	0	2	0.61596
12	6	2	4	0.302342
17	9	4	3	0.537196
16	8	3	5	0.289618
20	11	5	0	0
1	1	0	1	0.314267
5	4	1	3	0.932874
13	7	3	2	0.327716
10	6	2	4	0.309893
17	9	4	3	0.319872
16	8	3	5	0.281453
20	11	5	0	0
2	2	0	2	0.333668
12	6	2	4	0.291024
18	10	4	5	0.302555
19	11	5	0	0
1	1	0	1	0
5	4	1	3	0.345309
15	8	3	5	0.32705
20	11	5	0	0
2	2	0	2	0.297594
8	5	2	2	0.334039
7	5	2	2	0.50706
7	5	2	2	0.276886
7	5	2	2	0
7	5	2	2	0
7	5	2	2	0
7	5	2	2	0
11	6	2	4	0.670337
17	9	4	3	0.559161
16	8	3	5	0.335124
20	11	5	0	0
1	1	0	1	0
5	4	1	3	0.295193
15	8	3	5	0.295811
20	11	5	0	0
1	1	0	1	0.26561
4	3	1	1	0.977627
6	4	1	3	0.385657
13	7	3	2	0.473812
9	5	2	2	0.395436
7	5	2	2	0.360362
7	5	2	2	0
11	6	2	4	0.843999
17	9	4	3	0.35867
14	7	3	2	0.453294
10	6	2	4	0.920679
18	10	4	5	0.605426
19	11	5	0	0.267328
2	2	0	2	0.285604
8	5	2	2	0.318721
11	6	2	4	0.288683
17	9	4	3	0.409278
14	7	3	2	0.447141
10	6	2	4	0.326061
17	9	4	3	0.388649
14	7	3	2	0.397772
10	6	2	4	0.91531
18	10	4	5	0.582459
19	11	5	0	0.27754
2	2	0	2	0.276325
8	5	2	2	0.323218
11	6	2	4	0.269891
17	9	4	3	0.393693
16	8	3	5	0.310747
20	11	5	0	0
1	1	0	1	0.285233
5	4	1	3	0.913524
15	8	3	5	0.308346
20	11	5	0	0
2	2	0	2	0.534321
8	5	2	2	0.289772
11	6	2	4	0.264997
18	10	4	5	0.33248
19	11	5	0	0
1	1	0	1	0
4	3	1	1	0.331657
6	4	1	3	0.78599
15	8	3	5	0.377839
20	11	5	0	0
1	1	0	1	0.28377
5	4	1	3	0.259001
15	8	3	5	0.309226
20	11	5	0	0
2	2	0	2	0.291
8	5	2	2	0.303397
7	5	2	2	0.432726
11	6	2	4	0.344492
17	9	4	3	0.572349
16	8	3	5	0.354668
20	11	5	0	0
1	1	0	1	0
5	4	1	3	0.289097
15	8	3	5	0.295884
20	11	5	0	0
2	2	0	2	0.518249
8	5	2	2	0.293201
7	5	2	2	0.426017
11	6	2	4	0.622746
18	10	4	5	0.317627
19	11	5	0	0
1	1	0	1	0
5	4	1	3	0.35267
15	8	3	5	0.334256
20	11	5	0	0
1	1	0	1	0
5	4	1	3	0.316403
13	7	3	2	0.346117
10	6	2	4	0.598505
18	10	4	5	0.399232
19	11	5	0	0
2	2	0	2	0.615696
12	6	2	4	0.328636
18	10	4	5	0.32254
19	11	5	0	0
1	1	0	1	0
4	3	1	1	0.356344
3	3	1	1	0.877638
6	4	1	3	0.648806
15	8	3	5	0.353922
20	11	5	0	0
1	1	0	1	0.305495
5	4	1	3	0.278376
13	7	3	2	0.336101
10	6	2	4	0.341295
17	9	4	3	0.339034
14	7	3	2	0.384674
9	5	2	2	0.455495
7	5	2	2	0.38207
7	5	2	2	0.285602
7	5	2	2	0
11	6	2	4	0.823505
18	10	4	5	0.255523
19	11	5	0	0
2	2	0	2	0.668712
12	6	2	4	0.328924
18	10	4	5	0.321258
19	11	5	0	0
2	2	0	2	0.699842
12	6	2	4	0.319428
18	10	4	5	0.325813
19	11	5	0	0
1	1	0	1	0
4	3	1	1	0.359099
6	4	1	3	0.778531
13	7	3	2	0.417554
10	6	2	4	0.381985
18	10	4	5	0.266953
19	11	5	0	0.356919
1	1	0	1	0
4	3	1	1	0.348342
6	4	1	3	0.71049
13	7	3	2	0.424681
10	6	2	4	0.386821
17	9	4	3	0.263054
14	7	3	2	0.439854
10	6	2	4	0.280174
17	9	4	3	0.450083
14	7	3	2	0.380201
10	6	2	4	0.302777
17	9	4	3	0.445664
14	7	3	2	0.353732
10	6	2	4	0.298351
17	9	4	3	0.433277
16	8	3	5	0.327653
20	11	5	0	0
1	1	0	1	0.269343
4	3	1	1	0.460756
3	3	1	1	0.712382
3	3	1	1	0.83866
6	4	1	3	0.888544
15	8	3	5	0.366207
20	11	5	0	0
1	1	0	1	0.307786
5	4	1	3	0.250382
13	7	3	2	0.313133
9	5	2	2	0.284891
11	6	2	4	0.2938
17	9	4	3	0.398839
16	8	3	5	0.281253
20	11	5	0	0
2	2	0	2	0.333556
12	6	2	4	0.286982
17	9	4	3	0.356703
16	8	3	5	0.265686
20	11	5	0	0
1	1	0	1	0.315159
5	4	1	3	0.305313
15	8	3	5	0.29394
20	11	5	0	0
1	1	0	1	0.265164
4	3	1	1	0.376217
6	4	1	3	0.361787
13	7	3	2	0.441928
9	5	2	2	0.432161
11	6	2	4	0.302575
18	10	4	5	0.387945
19	11	5	0	0
2	2	0	2	0.598902
8	5	2	2	0.327857
7	5	2	2	0.460512
11	6	2	4	0.331955
17	9	4	3	0.599952
16	8	3	5	0.360101
20	11	5	0	0
1	1	0	1	0.257146
5	4	1	3	0.277361
15	8	3	5	0.300893
20	11	5	0	0
2	2	0	2	0.284888
12	6	2	4	0.296011
18	10	4	5	0.312905
19	11	5	0	0
1	1	0	1	0
5	4	1	3	0.340225
13	7	3	2	0.34203
9	5	2	2	0.310222
11	6	2	4	0.303688
18	10	4	5	0.570172
19	11	5	0	0
1	1	0	1	0.255534
4	3	1	1	0.335159
6	4	1	3	0.763169
13	7	3	2	0.417887
9	5	2	2	0.438456
11	6	2	4	0.301407
18	10	4	5	0.346883
19	11	5	0	0
1	1	0	1	0
5	4	1	3	0.288089
15	8	3	5	0.351872
20	11	5	0	0
1	1	0	1	0.251568
4	3	1	1	0.407942
3	3	1	1	0.737452
6	4	1	3	0.623696
15	8	3	5	0.358074
20	11	5	0	0
1	1	0	1	0.300919
5	4	1	3	0.262103
15	8	3	5	0.310333
20	11	5	0	0
1	1	0	1	0
4	3	1	1	0.371537
3	3	1	1	0.702368
3	3	1	1	0.793175
3	3	1	1	1.05231
6	4	1	3	1.03741
15	8	3	5	0.325416
20	11	5	0	0
2	2	0	2	0.358725
8	5	2	2	0.303249
11	6	2	4	0.270571
18	10	4	5	0.350729
19	11	5	0	0
2	2	0	2	0.661981
12	6	2	4	0.282741
18	10	4	5	0.307058
19	11	5	0	0
2	2	0	2	0.738983
8	5	2	2	0.303915
11	6	2	4	0.253655
18	10	4	5	0.314875
19	11	5	0	0
1	1	0	1	0
5	4	1	3	0.330783
13	7	3	2	0.354051
9	5	2	2	0.303605
7	5	2	2	0.37795
11	6	2	4	0.345278
18	10	4	5	0.932173
19	11	5	0	0
1	1	0	1	0.25255
5	4	1	3	0.298799
13	7	3	2	0.335408
9	5	2	2	0.290094
7	5	2	2	0.364668
11	6	2	4	0.346597
17	9	4	3	0.970047
16	8	3	5	0.310504
20	11	5	0	0
2	2	0	2	0.675487
8	5	2	2	0.326236
11	6	2	4	0
18	10	4	5	0.301644
19	11	5	0	0
2	2	0	2	0.647379
8	5	2	2	0.302591
7	5	2	2	0.445167
11	6	2	4	0.30746
18	10	4	5	0.282578
19	11	5	0	0
2	2	0	2	0.704565
8	5	2	2	0.297668
7	5	2	2	0.442719
11	6	2	4	0.575836
18	10	4	5	0.283719
19	11	5	0	0
1	1	0	1	0
5	4	1	3	0.309754
13	7	3	2	0.33272
9	5	2	2	0.288489
11	6	2	4	0.289665
18	10	4	5	0.524081
19	11	5	0	0
1	1	0	1	0
5	4	1	3	0.268438
13	7	3	2	0.318599
10	6	2	4	0.299019
18	10	4	5	0.346087
19	11	5	0	0
2	2	0	2	0.676874
12	6	2	4	0.288268
17	9	4	3	0.578037
16	8	3	5	0.282744
20	11	5	0	0
2	2	0	2	0.334762
8	5	2	2	0.3647
7	5	2	2	0.700038
7	5	2	2	0.295753
7	5	2	2	0
7	5	2	2	0
7	5	2	2	0
11	6	2	4	0.774186
18	10	4	5	0.261343
19	11	5	0	0
2	2	0	2	0.690947
12	6	2	4	0.31355
18	10	4	5	0.308827
19	11	5	0	0
1	1	0	1	0
4	3	1	1	0.348327
6	4	1	3	0.754906
15	8	3	5	0.370422
20	11	5	0	0
2	2	0	2	0.349223
12	6	2	4	0.272182
18	10	4	5	0.282032
19	11	5	0	0
1	1	0	1	0
4	3	1	1	0.332621
3	3	1	1	0.809007
6	4	1	3	0.609181
13	7	3	2	0.434231
9	5	2	2	0.434444
11	6	2	4	0.292381
17	9	4	3	0.459738
14	7	3	2	0.388131
10	6	2	4	0.289558
18	10	4	5	0.495783
19	11	5	0	0.286068
1	1	0	1	0.277988
5	4	1	3	0.263214
15	8	3	5	0.315981
20	11	5	0	0
2	2	0	2	0.349064
8	5	2	2	0.300479
11	6	2	4	0
18	10	4	5	0.286351
19	11	5	0	0
1	1	0	1	0
4	3	1	1	0.324047
3	3	1	1	0.860338
6	4	1	3	0.607405
13	7	3	2	0.432311
9	5	2	2	0.428576
7	5	2	2	0.362784
11	6	2	4	0.587681
18	10	4	5	0.311048
19	11	5	0	0
1	1	0	1	0
4	3	1	1	0.31237
3	3	1	1	0.860995
3	3	1	1	0.72875
3	3	1	1	1.16682
6	4	1	3	1.01034
13	7	3	2	0.455369
9	5	2	2	0.42763
11	6	2	4	0.287015
17	9	4	3	0.515456
14	7	3	2	0.388737
10	6	2	4	0.281742
18	10	4	5	0.958167
19	11	5	0	0.305992
1	1	0	1	0.260768
5	4	1	3	0.262418
13	7	3	2	0.302878
10	6	2	4	0.281322
17	9	4	3	0.395206
14	7	3	2	0.349037
10	6	2	4	0.278833
17	9	4	3	0.491236
14	7	3	2	0.383128
9	5	2	2	0.586035
11	6	2	4	0.284941
18	10	4	5	0.97335
19	11	5	0	0.254308
1	1	0	1	0
5	4	1	3	0.253093
13	7	3	2	0.282017
9	5	2	2	0.264848
7	5	2	2	0.355258
7	5	2	2	0.255898
7	5	2	2	0
7	5	2	2	0
7	5	2	2	0
11	6	2	4	0.731488
18	10	4	5	0.261082
19	11	5	0	0
2	2	0	2	0.737373
8	5	2	2	0.270065
7	5	2	2	0.391352
11	6	2	4	0.574478
18	10	4	5	0.275376
19	11	5	0	0
2	2	0	2	0.744411
12	6	2	4	0.288689
18	10	4	5	0.287327
19	11	5	0	0
1	1	0	1	0
5	4	1	3	0.291026
13	7	3	2	0.28931
10	6	2	4	0.288925
17	9	4	3	0.379319
14	7	3	2	0.315262
10	6	2	4	0.28734
17	9	4	3	0.473882
16	8	3	5	0.364073
20	11	5	0	0
2	2	0	2	0.636585
8	5	2	2	0.322738
7	5	2	2	0.672117
7	5	2	2	0.263636
7	5	2	2	0
11	6	2	4	0.6959
18	10	4	5	0
19	11	5	0	0
1	1	0	1	0
4	3	1	1	0.384382
3	3	1	1	0.820219
6	4	1	3	0.55843
15	8	3	5	0.384925
20	11	5	0	0
1	1	0	1	0.283404
5	4	1	3	0
15	8	3	5	0.329727
20	11	5	0	0.252437
2	2	0	2	0.620711
12	6	2	4	0.296321
17	9	4	3	0.513644
16	8	3	5	0.28798
20	11	5	0	0
1	1	0	1	0.271566
4	3	1	1	0.51267
6	4	1	3	0.335073
15	8	3	5	0.364212
20	11	5	0	0
1	1	0	1	0.266693
4	3	1	1	0.556506
3	3	1	1	0.871756
3	3	1	1	0.747749
6	4	1	3	0.899973
15	8	3	5	0.336645
20	11	5	0	0
2	2	0	2	0.356115
8	5	2	2	0.28943
11	6	2	4	0.267215
18	10	4	5	0.339665
19	11	5	0	0
2	2	0	2	0.650779
8	5	2	2	0.296257
11	6	2	4	0.261235
17	9	4	3	0.457522
16	8	3	5	0.273681
20	11	5	0	0
1	1	0	1	0.275561
5	4	1	3	0.302767
13	7	3	2	0.316604
10	6	2	4	0.570849
18	10	4	5	0.345772
19	11	5	0	0.252335
2	2	0	2	0.651001
8	5	2	2	0.290231
11	6	2	4	0.259769
17	9	4	3	0.417864
14	7	3	2	0.419446
10	6	2	4	0.296576
17	9	4	3	0.956965
16	8	3	5	0.27637
20	11	5	0	0
2	2	0	2	0.360659
12	6	2	4	0.29401
18	10	4	5	0.283862
19	11	5	0	0
2	2	0	2	0.6656
8	5	2	2	0.300292
11	6	2	4	0.253993
18	10	4	5	0.29454
19	11	5	0	0
1	1	0	1	0
5	4	1	3	0.300162
13	7	3	2	0.316359
10	6	2	4	0.294233
18	10	4	5	0.33448
19	11	5	0	0
1	1	0	1	0.254283
4	3	1	1	0.317351
6	4	1	3	0.729559
15	8	3	5	0.360473
20	11	5	0	0
1	1	0	1	0.302229
4	3	1	1	0.543213
6	4	1	3	0.668116
15	8	3	5	0.335965
20	11	5	0	0
1	1	0	1	0.295207
4	3	1	1	0.528878
6	4	1	3	0.672596
15	8	3	5	0.324698
20	11	5	0	0
2	2	0	2	0.366776
12	6	2	4	0.269408
17	9	4	3	0.409329
16	8	3	5	0
20	11	5	0	0
2	2	0	2	0.310657
12	6	2	4	0.278792
17	9	4	3	0.379415
14	7	3	2	0.622096
10	6	2	4	0.269945
18	10	4	5	0.414024
19	11	5	0	0
2	2	0	2	0.313724
12	6	2	4	0.255717
18	10	4	5	0.279254
19	11	5	0	0
2	2	0	2	0.663845
8	5	2	2	0.33008
11	6	2	4	0
18	10	4	5	0.283874
19	11	5	0	0
2	2	0	2	0.354824
12	6	2	4	0.275927
18	10	4	5	0.271186
19	11	5	0	0
1	1	0	1	0
4	3	1	1	0.314362
3	3	1	1	0.73446
6	4	1	3	0.594423
15	8	3	5	0.313124
20	11	5	0	0
