1	1	0	1	0.582969
4	3	1	1	0.86105
3	3	1	1	0.678105
3	3	1	1	0.431129
6	4	1	3	0
15	8	3	5	0.577014
20	11	5	0	0.267136
2	2	0	2	0.255175
12	6	2	4	0.40387
18	10	4	5	0.322095
19	11	5	0	0.271054
2	2	0	2	0.304902
8	5	2	2	0.387485
7	5	2	2	0.437552
7	5	2	2	0.347116
7	5	2	2	0.431799
11	6	2	4	0.449151
17	9	4	3	0.284086
14	7	3	2	0.355644
9	5	2	2	0.492865
11	6	2	4	0.434986
18	10	4	5	0.395504
19	11	5	0	0
1	1	0	1	0.570915
5	4	1	3	0.321571
15	8	3	5	0.415275
20	11	5	0	0.267194
1	1	0	1	0.254811
5	4	1	3	0
15	8	3	5	0
20	11	5	0	0
1	1	0	1	0
4	3	1	1	0.644975
6	4	1	3	0.656821
15	8	3	5	0.403836
20	11	5	0	0.268231
1	1	0	1	0.310525
5	4	1	3	0.26572
13	7	3	2	0.385425
9	5	2	2	0.393314
7	5	2	2	0.407795
7	5	2	2	0.352488
7	5	2	2	0.290634
11	6	2	4	0.774982
17	9	4	3	0.272864
14	7	3	2	0.359135
9	5	2	2	0.452441
7	5	2	2	0.301204
11	6	2	4	0.406479
17	9	4	3	0.513553
14	7	3	2	0.31689
9	5	2	2	0.444183
7	5	2	2	0.280536
11	6	2	4	0.414717
18	10	4	5	0.254343
19	11	5	0	0.254754
1	1	0	1	0.260257
4	3	1	1	0.335816
3	3	1	1	1.1238
3	3	1	1	0.479183
6	4	1	3	0
15	8	3	5	0.571946
20	11	5	0	0.258815
2	2	0	2	0.282649
12	6	2	4	0.44066
17	9	4	3	0.325689
16	8	3	5	0.352916
20	11	5	0	0
2	2	0	2	0.274592
12	6	2	4	0.410096
17	9	4	3	0.316351
16	8	3	5	0.337946
20	11	5	0	0
2	2	0	2	0.267267
12	6	2	4	0.402944
18	10	4	5	0.393103
19	11	5	0	0.266133
2	2	0	2	0.309531
8	5	2	2	0.368361
11	6	2	4	0.46359
17	9	4	3	0.342475
14	7	3	2	0.331858
9	5	2	2	0.523345
11	6	2	4	0.449599
17	9	4	3	0
14	7	3	2	0.285354
9	5	2	2	0.594299
7	5	2	2	0.326489
11	6	2	4	0.380955
18	10	4	5	0.27985
19	11	5	0	0.254553
2	2	0	2	0.250704
12	6	2	4	0.465661
18	10	4	5	0.514877
19	11	5	0	0.321996
2	2	0	2	0.33026
12	6	2	4	0.479475
17	9	4	3	0.252251
16	8	3	5	0.385699
20	11	5	0	0
2	2	0	2	0
8	5	2	2	0.379002
11	6	2	4	0.564145
17	9	4	3	0.28355
14	7	3	2	0.529597
9	5	2	2	0.52843
7	5	2	2	0.340814
11	6	2	4	0.359498
18	10	4	5	0.28506
19	11	5	0	0
2	2	0	2	0
8	5	2	2	0.317828
7	5	2	2	0.475415
11	6	2	4	0.586579
18	10	4	5	0.301284
19	11	5	0	0
2	2	0	2	0
12	6	2	4	0.437744
17	9	4	3	0.254282
14	7	3	2	0.47846
9	5	2	2	0.556861
7	5	2	2	0.300474
11	6	2	4	0.938704
17	9	4	3	0.286362
16	8	3	5	0.301111
20	11	5	0	0
1	1	0	1	0.588687
5	4	1	3	0
13	7	3	2	0.460369
9	5	2	2	0.408032
11	6	2	4	0.328533
17	9	4	3	0.438
14	7	3	2	0.260298
10	6	2	4	0.398509
18	10	4	5	0.392179
19	11	5	0	0
1	1	0	1	0.639566
4	3	1	1	0.293066
6	4	1	3	1.1457
13	7	3	2	0.294213
9	5	2	2	0.32049
11	6	2	4	0.289965
17	9	4	3	0.442
16	8	3	5	0.277028
20	11	5	0	0
1	1	0	1	0.574076
5	4	1	3	0
13	7	3	2	0.420587
10	6	2	4	0.602507
17	9	4	3	0.559603
16	8	3	5	0.275809
20	11	5	0	0
2	2	0	2	0
12	6	2	4	0.352294
17	9	4	3	0.278285
16	8	3	5	0.372368
20	11	5	0	0
1	1	0	1	0.620193
4	3	1	1	0.782035
6	4	1	3	0.907684
13	7	3	2	0.298947
10	6	2	4	0.290587
17	9	4	3	0.36033
14	7	3	2	0.251441
9	5	2	2	0.539186
11	6	2	4	0.405084
17	9	4	3	0.259886
16	8	3	5	0.28579
20	11	5	0	0
2	2	0	2	0
8	5	2	2	0.390822
11	6	2	4	0.51996
18	10	4	5	0.303295
19	11	5	0	0
1	1	0	1	0.573935
5	4	1	3	0.282655
15	8	3	5	0.46008
20	11	5	0	0.258373
1	1	0	1	0.266346
5	4	1	3	0
15	8	3	5	0
20	11	5	0	0
2	2	0	2	0.280425
8	5	2	2	0.399421
7	5	2	2	0.360604
11	6	2	4	0.413995
17	9	4	3	0.279305
16	8	3	5	0.310308
20	11	5	0	0
1	1	0	1	0.592511
5	4	1	3	0
15	8	3	5	0.423758
20	11	5	0	0
2	2	0	2	0.287138
8	5	2	2	0.38221
11	6	2	4	0.531136
17	9	4	3	0.253805
14	7	3	2	0.289947
10	6	2	4	0.460734
17	9	4	3	0.264618
16	8	3	5	0.263388
20	11	5	0	0
2	2	0	2	0
8	5	2	2	0.39109
11	6	2	4	0.535853
18	10	4	5	0.569404
19	11	5	0	0
2	2	0	2	0.254124
12	6	2	4	0.478484
18	10	4	5	0.53144
19	11	5	0	0.308211
2	2	0	2	0.298498
8	5	2	2	0.367952
7	5	2	2	0.498514
11	6	2	4	0.970358
17	9	4	3	0
14	7	3	2	0.267284
9	5	2	2	0.597697
7	5	2	2	0.3556
7	5	2	2	0.434023
7	5	2	2	0.37625
7	5	2	2	0.258065
11	6	2	4	0.411974
17	9	4	3	0.272669
14	7	3	2	0.355374
9	5	2	2	0.464724
11	6	2	4	0.427195
17	9	4	3	0
14	7	3	2	0.265338
9	5	2	2	0.55289
7	5	2	2	0.318717
7	5	2	2	0.388203
11	6	2	4	0.336076
18	10	4	5	0.330489
19	11	5	0	0
1	1	0	1	0.55285
5	4	1	3	0.262075
15	8	3	5	0.259549
20	11	5	0	0
1	1	0	1	0
4	3	1	1	0.68942
6	4	1	3	0.925034
13	7	3	2	0.2994
10	6	2	4	0.313191
17	9	4	3	0.424855
16	8	3	5	0.529121
20	11	5	0	0
2	2	0	2	0
8	5	2	2	0.347295
7	5	2	2	0.31912
7	5	2	2	0.256946
7	5	2	2	0.301801
11	6	2	4	0.781493
17	9	4	3	0.263086
16	8	3	5	0.332851
20	11	5	0	0
1	1	0	1	0.565673
5	4	1	3	0
13	7	3	2	0.450266
9	5	2	2	0.377278
11	6	2	4	0.366414
18	10	4	5	0.648896
19	11	5	0	0
2	2	0	2	0
8	5	2	2	0.328737
11	6	2	4	0.464943
17	9	4	3	0.276592
16	8	3	5	0.327926
20	11	5	0	0
2	2	0	2	0
12	6	2	4	0.3997
18	10	4	5	0.394306
19	11	5	0	0.250809
1	1	0	1	0.298093
4	3	1	1	0.315505
6	4	1	3	1.15161
15	8	3	5	0.416364
20	11	5	0	0
2	2	0	2	0
8	5	2	2	0.358979
11	6	2	4	0.570661
17	9	4	3	0.281958
16	8	3	5	0.28103
20	11	5	0	0
2	2	0	2	0
8	5	2	2	0.359048
7	5	2	2	0.329391
7	5	2	2	0.263443
11	6	2	4	0.352636
18	10	4	5	0.332015
19	11	5	0	0
2	2	0	2	0
8	5	2	2	0.291752
11	6	2	4	0.443203
18	10	4	5	0.38523
19	11	5	0	0
2	2	0	2	0.262119
8	5	2	2	0.357703
11	6	2	4	0.429292
17	9	4	3	0.288865
16	8	3	5	0.293147
20	11	5	0	0
1	1	0	1	0.597552
5	4	1	3	0
13	7	3	2	0.441103
9	5	2	2	0.397182
11	6	2	4	0.333199
18	10	4	5	0.603892
19	11	5	0	0
2	2	0	2	0
8	5	2	2	0.346837
7	5	2	2	0.398893
11	6	2	4	0.392109
17	9	4	3	0.277091
14	7	3	2	0.281415
9	5	2	2	0.535964
11	6	2	4	0.408289
17	9	4	3	0.252319
16	8	3	5	0.276687
20	11	5	0	0
2	2	0	2	0
12	6	2	4	0.384394
17	9	4	3	0.253576
14	7	3	2	0.41006
10	6	2	4	0.535895
18	10	4	5	0.627998
19	11	5	0	0
2	2	0	2	0
12	6	2	4	0.392981
18	10	4	5	0.557007
19	11	5	0	0.287082
1	1	0	1	0.349162
5	4	1	3	0.286974
15	8	3	5	0.553801
20	11	5	0	0
2	2	0	2	0.260893
12	6	2	4	0.362562
17	9	4	3	0.263524
16	8	3	5	0.361838
20	11	5	0	0
2	2	0	2	0
8	5	2	2	0.389523
7	5	2	2	0.358171
11	6	2	4	0.437026
18	10	4	5	0.3306
19	11	5	0	0
2	2	0	2	0
12	6	2	4	0.415016
18	10	4	5	0.285914
19	11	5	0	0.302869
2	2	0	2	0.284399
12	6	2	4	0.442207
17	9	4	3	0.265275
16	8	3	5	0.381547
20	11	5	0	0
1	1	0	1	0.701938
5	4	1	3	0
13	7	3	2	0.442532
10	6	2	4	0.975633
18	10	4	5	0.849378
19	11	5	0	0
2	2	0	2	0
8	5	2	2	0.408877
11	6	2	4	0.365279
18	10	4	5	0.27744
19	11	5	0	0
1	1	0	1	0.352565
5	4	1	3	0.310797
13	7	3	2	0.509703
9	5	2	2	0.63728
11	6	2	4	0.264333
17	9	4	3	0.458844
16	8	3	5	0.274978
20	11	5	0	0
1	1	0	1	0.631849
5	4	1	3	0
13	7	3	2	0.405673
10	6	2	4	0.965392
17	9	4	3	0.535055
14	7	3	2	0.259175
10	6	2	4	0.387909
17	9	4	3	0.302655
14	7	3	2	0.254069
10	6	2	4	0.367516
17	9	4	3	0.28129
16	8	3	5	0.533795
20	11	5	0	0
2	2	0	2	0
12	6	2	4	0.318947
18	10	4	5	0.312195
19	11	5	0	0
2	2	0	2	0.259748
12	6	2	4	0.397791
18	10	4	5	0.277643
19	11	5	0	0.296471
1	1	0	1	0.40246
5	4	1	3	0.268405
15	8	3	5	0.604279
20	11	5	0	0
2	2	0	2	0.26497
12	6	2	4	0.306709
17	9	4	3	0.27146
14	7	3	2	0.382547
9	5	2	2	0.621725
11	6	2	4	0.34081
17	9	4	3	0
14	7	3	2	0.260051
9	5	2	2	0.689634
7	5	2	2	0.406683
7	5	2	2	0.49502
11	6	2	4	0.26636
17	9	4	3	0.305116
14	7	3	2	0.331498
9	5	2	2	0.543367
7	5	2	2	0.383393
7	5	2	2	0.46182
11	6	2	4	0.280913
17	9	4	3	0.295832
16	8	3	5	0.371812
20	11	5	0	0
1	1	0	1	0.653419
5	4	1	3	0
15	8	3	5	0.493552
20	11	5	0	0
1	1	0	1	0.280071
4	3	1	1	0.692549
3	3	1	1	1.11213
3	3	1	1	0.512155
3	3	1	1	0.741131
3	3	1	1	0.687654
6	4	1	3	0
15	8	3	5	0.581405
20	11	5	0	0
1	1	0	1	0.619255
4	3	1	1	0.693994
6	4	1	3	0.595378
15	8	3	5	0.490269
20	11	5	0	0
1	1	0	1	0.609681
5	4	1	3	0
15	8	3	5	0.347257
20	11	5	0	0
1	1	0	1	0.268382
4	3	1	1	0.615179
6	4	1	3	0.98063
13	7	3	2	0.314694
9	5	2	2	0.339746
7	5	2	2	0.429453
7	5	2	2	0.344026
7	5	2	2	0.268164
7	5	2	2	0
7	5	2	2	0
11	6	2	4	0.500081
18	10	4	5	0.321631
19	11	5	0	0
1	1	0	1	0.553608
5	4	1	3	0.306492
15	8	3	5	0.263582
20	11	5	0	0
1	1	0	1	0
4	3	1	1	0.634365
3	3	1	1	1.02793
6	4	1	3	0.30308
13	7	3	2	0
10	6	2	4	0.323334
18	10	4	5	0.631378
19	11	5	0	0
2	2	0	2	0.250072
8	5	2	2	0.341373
11	6	2	4	0.436092
17	9	4	3	0.257442
16	8	3	5	0.290637
20	11	5	0	0
1	1	0	1	0.305657
4	3	1	1	0.769976
6	4	1	3	0.63886
15	8	3	5	0.369137
20	11	5	0	0
2	2	0	2	0.27161
12	6	2	4	0.399143
18	10	4	5	0.347278
19	11	5	0	0.253811
1	1	0	1	0.305706
4	3	1	1	0
6	4	1	3	1.15964
15	8	3	5	0.347633
20	11	5	0	0
2	2	0	2	0.275872
12	6	2	4	0.386769
17	9	4	3	0.309677
14	7	3	2	0.427545
9	5	2	2	0.505808
11	6	2	4	0.417047
18	10	4	5	0.607765
19	11	5	0	0
2	2	0	2	0.252707
8	5	2	2	0.365369
7	5	2	2	0.428236
7	5	2	2	0.353149
11	6	2	4	0.299658
18	10	4	5	0.283678
19	11	5	0	0
1	1	0	1	0.290819
5	4	1	3	0.283675
13	7	3	2	0.341017
10	6	2	4	0.730765
18	10	4	5	0.886781
19	11	5	0	0
2	2	0	2	0
12	6	2	4	0.37799
18	10	4	5	0.277144
19	11	5	0	0.294132
2	2	0	2	0.349393
8	5	2	2	0.352951
11	6	2	4	0.376642
18	10	4	5	0.333426
19	11	5	0	0
2	2	0	2	0.309834
8	5	2	2	0.392487
11	6	2	4	0.367677
18	10	4	5	0.310051
19	11	5	0	0
2	2	0	2	0.308367
8	5	2	2	0.390685
7	5	2	2	0.442908
11	6	2	4	0.36053
18	10	4	5	0.27403
19	11	5	0	0
2	2	0	2	0.264875
8	5	2	2	0.347143
11	6	2	4	0.348924
18	10	4	5	0.305772
19	11	5	0	0
1	1	0	1	0.321761
4	3	1	1	0.285729
3	3	1	1	1.18501
3	3	1	1	0.494934
3	3	1	1	0.642685
3	3	1	1	0.61863
3	3	1	1	0.590469
3	3	1	1	0.576482
6	4	1	3	0
13	7	3	2	0.270745
9	5	2	2	0.581626
7	5	2	2	0.724283
11	6	2	4	0.289597
18	10	4	5	0.25549
19	11	5	0	0
2	2	0	2	0.268633
12	6	2	4	0.370012
17	9	4	3	0.57209
16	8	3	5	0.307991
20	11	5	0	0
1	1	0	1	0.371861
5	4	1	3	0.265512
13	7	3	2	0.489749
9	5	2	2	0.419317
11	6	2	4	0.277149
17	9	4	3	0.532405
14	7	3	2	0.307205
9	5	2	2	0.496536
7	5	2	2	0.339908
7	5	2	2	0.413844
11	6	2	4	0.278168
18	10	4	5	0.273235
19	11	5	0	0
2	2	0	2	0.265715
8	5	2	2	0.302401
11	6	2	4	0.371922
18	10	4	5	0.323707
19	11	5	0	0
1	1	0	1	0.30495
4	3	1	1	0.273171
3	3	1	1	1.15669
3	3	1	1	0.449655
6	4	1	3	0
15	8	3	5	0.28866
20	11	5	0	0.251521
2	2	0	2	0.279179
12	6	2	4	0.333753
18	10	4	5	0.28964
19	11	5	0	0.25865
1	1	0	1	0.314343
5	4	1	3	0.628674
13	7	3	2	0.594504
9	5	2	2	0.558631
11	6	2	4	0.267525
18	10	4	5	0.526609
19	11	5	0	0
1	1	0	1	0.334068
5	4	1	3	0.598534
15	8	3	5	0.37784
20	11	5	0	0.253241
1	1	0	1	0.255862
5	4	1	3	0
15	8	3	5	0
20	11	5	0	0
2	2	0	2	0.60174
8	5	2	2	0.377132
7	5	2	2	0.343604
11	6	2	4	0.355041
18	10	4	5	0
19	11	5	0	0
1	1	0	1	0.290057
5	4	1	3	0.265018
15	8	3	5	0
20	11	5	0	0
1	1	0	1	0
4	3	1	1	0.617683
3	3	1	1	0.956031
3	3	1	1	0.393016
6	4	1	3	0
15	8	3	5	0.282387
20	11	5	0	0
2	2	0	2	0.307092
8	5	2	2	0.371045
11	6	2	4	0.469608
17	9	4	3	0.413917
14	7	3	2	0.318626
9	5	2	2	0.478997
7	5	2	2	0.334816
11	6	2	4	0.307846
18	10	4	5	0
19	11	5	0	0
2	2	0	2	0.303362
8	5	2	2	0.304235
7	5	2	2	0.457857
7	5	2	2	0.292064
11	6	2	4	0.278681
17	9	4	3	0.56718
16	8	3	5	0.263104
20	11	5	0	0
1	1	0	1	0.29973
4	3	1	1	0.681868
6	4	1	3	1.027
13	7	3	2	0.348079
9	5	2	2	0.294836
11	6	2	4	0.268954
17	9	4	3	0.583759
16	8	3	5	0
20	11	5	0	0
1	1	0	1	0.29491
5	4	1	3	0.272483
15	8	3	5	0.338722
20	11	5	0	0
1	1	0	1	0
5	4	1	3	0.269468
15	8	3	5	0
20	11	5	0	0
2	2	0	2	0.628873
12	6	2	4	0.379973
18	10	4	5	0.363863
19	11	5	0	0.251836
1	1	0	1	0.298525
4	3	1	1	0.262894
6	4	1	3	1.1853
15	8	3	5	0.339764
20	11	5	0	0
1	1	0	1	0.31452
5	4	1	3	0.300299
13	7	3	2	0.461519
9	5	2	2	0.368464
7	5	2	2	0.406341
7	5	2	2	0.348051
11	6	2	4	0.344493
17	9	4	3	0.54858
14	7	3	2	0.411498
9	5	2	2	0.420562
7	5	2	2	0.290599
11	6	2	4	0.350924
17	9	4	3	0.557695
16	8	3	5	0.268722
20	11	5	0	0
1	1	0	1	0.284538
5	4	1	3	0
13	7	3	2	0.48804
10	6	2	4	0.708859
17	9	4	3	0.739109
16	8	3	5	0.253261
20	11	5	0	0
1	1	0	1	0.287666
5	4	1	3	0.251476
13	7	3	2	0.479937
10	6	2	4	0.664489
18	10	4	5	0.872208
19	11	5	0	0
1	1	0	1	0.316386
4	3	1	1	0.254645
3	3	1	1	1.17686
3	3	1	1	0.479766
6	4	1	3	0
15	8	3	5	0.295488
20	11	5	0	0
1	1	0	1	0.281484
5	4	1	3	0.324821
13	7	3	2	0.411459
9	5	2	2	0.34757
7	5	2	2	0.413813
11	6	2	4	0.340468
18	10	4	5	0
19	11	5	0	0
1	1	0	1	0.262097
4	3	1	1	0.32116
3	3	1	1	1.09894
6	4	1	3	0.342851
13	7	3	2	0
9	5	2	2	0.280515
7	5	2	2	0.372581
11	6	2	4	0.346385
17	9	4	3	0.561608
14	7	3	2	0.561933
9	5	2	2	0.403367
11	6	2	4	0.411627
18	10	4	5	0.414802
19	11	5	0	0
1	1	0	1	0.278402
5	4	1	3	0.569703
13	7	3	2	0.517985
10	6	2	4	0.918815
17	9	4	3	0.849555
16	8	3	5	0.271112
20	11	5	0	0
2	2	0	2	0.34161
8	5	2	2	0.330168
11	6	2	4	0.493582
17	9	4	3	0.36331
14	7	3	2	0.536575
10	6	2	4	0.477251
18	10	4	5	0.365713
19	11	5	0	0
1	1	0	1	0.319341
5	4	1	3	0.305396
13	7	3	2	0.500965
10	6	2	4	0.90566
17	9	4	3	0.836657
14	7	3	2	0.26713
10	6	2	4	0.439536
18	10	4	5	0.392219
19	11	5	0	0
2	2	0	2	0.277894
8	5	2	2	0.338238
11	6	2	4	0.370412
18	10	4	5	0
19	11	5	0	0.256385
1	1	0	1	0.292023
5	4	1	3	0.290977
15	8	3	5	0.459245
20	11	5	0	0.259246
1	1	0	1	0
5	4	1	3	0
15	8	3	5	0
20	11	5	0	0
2	2	0	2	0.666442
8	5	2	2	0.361561
11	6	2	4	0.436534
18	10	4	5	0.268686
19	11	5	0	0
2	2	0	2	0.375344
12	6	2	4	0.430634
18	10	4	5	0
19	11	5	0	0.311654
1	1	0	1	0.334346
5	4	1	3	0.266026
15	8	3	5	0.57119
20	11	5	0	0.254433
2	2	0	2	0.40718
12	6	2	4	0.338446
17	9	4	3	0.407227
14	7	3	2	0.384964
10	6	2	4	0.477231
17	9	4	3	0.361051
14	7	3	2	0
9	5	2	2	0.532795
11	6	2	4	0.353283
18	10	4	5	0.35179
19	11	5	0	0
1	1	0	1	0.338112
4	3	1	1	0.289269
3	3	1	1	1.19027
3	3	1	1	0.566197
6	4	1	3	0
15	8	3	5	0.585908
20	11	5	0	0
1	1	0	1	0.31715
5	4	1	3	0.291747
15	8	3	5	0.355631
20	11	5	0	0
1	1	0	1	0.267344
5	4	1	3	0
15	8	3	5	0
20	11	5	0	0
2	2	0	2	0.406057
12	6	2	4	0.351454
17	9	4	3	0.405932
16	8	3	5	0.356094
20	11	5	0	0
1	1	0	1	0.362838
5	4	1	3	0
13	7	3	2	0.439518
9	5	2	2	0.947761
11	6	2	4	0.285313
18	10	4	5	0.52083
19	11	5	0	0
2	2	0	2	0.329676
8	5	2	2	0.383633
7	5	2	2	0.444738
11	6	2	4	0.337279
18	10	4	5	0
19	11	5	0	0
2	2	0	2	0.328055
8	5	2	2	0.348912
11	6	2	4	0.347826
17	9	4	3	0.451996
14	7	3	2	0.301421
9	5	2	2	0.530124
11	6	2	4	0.357309
17	9	4	3	0.301021
16	8	3	5	0.286146
20	11	5	0	0
2	2	0	2	0.317316
12	6	2	4	0.334503
18	10	4	5	0.322389
19	11	5	0	0.254237
2	2	0	2	0.373065
12	6	2	4	0.420722
17	9	4	3	0.589002
16	8	3	5	0.398549
20	11	5	0	0
2	2	0	2	0.298804
12	6	2	4	0.32167
18	10	4	5	0.372357
19	11	5	0	0.250333
1	1	0	1	0.350852
4	3	1	1	0.292721
3	3	1	1	1.18892
6	4	1	3	0.397945
13	7	3	2	0
10	6	2	4	0.266782
18	10	4	5	0.541786
19	11	5	0	0
1	1	0	1	0.405932
5	4	1	3	0.292125
15	8	3	5	0.419947
20	11	5	0	0
1	1	0	1	0.286464
5	4	1	3	0
15	8	3	5	0
20	11	5	0	0
2	2	0	2	0.374453
12	6	2	4	0.32418
18	10	4	5	0.309351
19	11	5	0	0.252307
1	1	0	1	0.359686
4	3	1	1	0.28774
3	3	1	1	1.17928
3	3	1	1	0.496093
3	3	1	1	0.64239
6	4	1	3	0
13	7	3	2	0.254802
10	6	2	4	0
18	10	4	5	0.541695
19	11	5	0	0
1	1	0	1	0.414263
5	4	1	3	0.554621
13	7	3	2	0.543884
9	5	2	2	0.637958
7	5	2	2	0.816775
7	5	2	2	0.477435
11	6	2	4	0.25826
17	9	4	3	0.591677
14	7	3	2	0.36278
9	5	2	2	0.518994
7	5	2	2	0.373989
7	5	2	2	0.464933
11	6	2	4	0.267361
17	9	4	3	0.571202
14	7	3	2	0.350698
9	5	2	2	0.48537
11	6	2	4	0.355881
18	10	4	5	0.353903
19	11	5	0	0
1	1	0	1	0.321093
4	3	1	1	0.272587
3	3	1	1	1.16876
3	3	1	1	0.518787
6	4	1	3	0
13	7	3	2	0
9	5	2	2	0.309674
11	6	2	4	0
18	10	4	5	0.500871
19	11	5	0	0
2	2	0	2	0.328047
8	5	2	2	0.372877
11	6	2	4	0.353798
17	9	4	3	0.413965
14	7	3	2	0.323006
10	6	2	4	0.497007
18	10	4	5	0.302824
19	11	5	0	0
1	1	0	1	0.360018
5	4	1	3	0.291963
15	8	3	5	0.430442
20	11	5	0	0.268732
2	2	0	2	0.39829
8	5	2	2	0.391853
7	5	2	2	0.368322
7	5	2	2	0.301354
7	5	2	2	0.362126
7	5	2	2	0.298462
11	6	2	4	0.373543
17	9	4	3	0.55039
14	7	3	2	0.323206
10	6	2	4	0.469067
18	10	4	5	0.340646
19	11	5	0	0
2	2	0	2	0.288638
12	6	2	4	0.368503
17	9	4	3	0.363557
14	7	3	2	0.336556
10	6	2	4	0.485109
18	10	4	5	0.308242
19	11	5	0	0
1	1	0	1	0.357973
4	3	1	1	0.289297
3	3	1	1	1.16982
3	3	1	1	0.509192
6	4	1	3	0
13	7	3	2	0
9	5	2	2	0.31162
7	5	2	2	0.735575
7	5	2	2	0.352969
7	5	2	2	0.274751
11	6	2	4	0.624994
18	10	4	5	0
19	11	5	0	0
2	2	0	2	0.312826
12	6	2	4	0.398231
17	9	4	3	0.590989
14	7	3	2	0.420474
9	5	2	2	0.524165
11	6	2	4	0.376637
18	10	4	5	0.35199
19	11	5	0	0
1	1	0	1	0.310699
5	4	1	3	0.287023
15	8	3	5	0.452805
20	11	5	0	0.272987
1	1	0	1	0
5	4	1	3	0
15	8	3	5	0
20	11	5	0	0
2	2	0	2	0.650986
12	6	2	4	0.353041
18	10	4	5	0.335491
19	11	5	0	0.272458
1	1	0	1	0.310895
4	3	1	1	0.31362
3	3	1	1	1.16423
3	3	1	1	0.513348
3	3	1	1	0.656898
6	4	1	3	0
15	8	3	5	0.564865
20	11	5	0	0.261826
2	2	0	2	0.322833
12	6	2	4	0.342156
18	10	4	5	0.293617
19	11	5	0	0.270241
2	2	0	2	0.402147
12	6	2	4	0.39304
17	9	4	3	0.610938
14	7	3	2	0.460944
9	5	2	2	0.567394
11	6	2	4	0.352854
17	9	4	3	0.365183
14	7	3	2	0.275712
10	6	2	4	0.427052
18	10	4	5	0.341266
19	11	5	0	0
1	1	0	1	0.373885
5	4	1	3	0.297641
13	7	3	2	0.527083
9	5	2	2	0.582658
11	6	2	4	0.252622
18	10	4	5	0.510168
19	11	5	0	0
1	1	0	1	0.352448
4	3	1	1	0.278555
3	3	1	1	1.15755
3	3	1	1	0.507475
6	4	1	3	0
15	8	3	5	0.569587
20	11	5	0	0.272078
2	2	0	2	0.326135
12	6	2	4	0.312848
17	9	4	3	0.393094
16	8	3	5	0.361765
20	11	5	0	0
2	2	0	2	0.320055
12	6	2	4	0.297989
17	9	4	3	0.380029
16	8	3	5	0.345935
20	11	5	0	0
2	2	0	2	0.303485
8	5	2	2	0.424626
7	5	2	2	0.385838
7	5	2	2	0.304369
7	5	2	2	0.366325
7	5	2	2	0.296366
7	5	2	2	0.298404
11	6	2	4	0.383485
17	9	4	3	0.290313
16	8	3	5	0.289936
20	11	5	0	0
1	1	0	1	0.326222
4	3	1	1	0.732497
6	4	1	3	0.72676
13	7	3	2	0.325354
10	6	2	4	0.308795
17	9	4	3	0.481533
14	7	3	2	0.26891
9	5	2	2	0.519326
7	5	2	2	0.353198
7	5	2	2	0.438412
11	6	2	4	0.30087
17	9	4	3	0.284919
16	8	3	5	0.311675
20	11	5	0	0
1	1	0	1	0.332641
5	4	1	3	0
15	8	3	5	0.393172
20	11	5	0	0.255201
2	2	0	2	0.343778
8	5	2	2	0.370038
11	6	2	4	0.498205
17	9	4	3	0.31275
14	7	3	2	0.289686
10	6	2	4	0.50445
17	9	4	3	0.329694
16	8	3	5	0.264871
20	11	5	0	0
2	2	0	2	0.276226
12	6	2	4	0.364816
17	9	4	3	0.319112
16	8	3	5	0.337159
20	11	5	0	0
1	1	0	1	0.354556
5	4	1	3	0
13	7	3	2	0.479789
9	5	2	2	0.938632
11	6	2	4	0.313443
18	10	4	5	0.589595
19	11	5	0	0
1	1	0	1	0.333229
4	3	1	1	0.253304
6	4	1	3	1.14522
15	8	3	5	0.371715
20	11	5	0	0.252128
1	1	0	1	0.326385
5	4	1	3	0.267431
15	8	3	5	0.341592
20	11	5	0	0.263196
2	2	0	2	0.339087
8	5	2	2	0.376332
11	6	2	4	0.487873
18	10	4	5	0.297754
19	11	5	0	0.258638
1	1	0	1	0.308469
5	4	1	3	0.301729
15	8	3	5	0.397332
20	11	5	0	0.26468
1	1	0	1	0.254896
5	4	1	3	0
15	8	3	5	0
20	11	5	0	0
1	1	0	1	0
5	4	1	3	0
13	7	3	2	0.578573
9	5	2	2	0.532763
11	6	2	4	0.335509
17	9	4	3	0.58034
16	8	3	5	0.272889
20	11	5	0	0
2	2	0	2	0.301095
12	6	2	4	0.362786
18	10	4	5	0.36377
19	11	5	0	0.264796
2	2	0	2	0.363473
8	5	2	2	0.392494
7	5	2	2	0.45766
11	6	2	4	0.413635
18	10	4	5	0.260552
19	11	5	0	0
1	1	0	1	0.320145
5	4	1	3	0.283014
15	8	3	5	0.287494
20	11	5	0	0
2	2	0	2	0.609281
8	5	2	2	0.39357
7	5	2	2	0.362876
11	6	2	4	0.386103
18	10	4	5	0.254905
19	11	5	0	0
1	1	0	1	0.288556
4	3	1	1	0.334046
6	4	1	3	1.09371
15	8	3	5	0.419292
20	11	5	0	0.25128
1	1	0	1	0.310126
5	4	1	3	0.262497
13	7	3	2	0.432823
10	6	2	4	0.976425
17	9	4	3	0.665451
16	8	3	5	0.267326
20	11	5	0	0
2	2	0	2	0.304761
8	5	2	2	0.37314
7	5	2	2	0.351796
7	5	2	2	0.28717
7	5	2	2	0.337869
11	6	2	4	0.428902
18	10	4	5	0.262593
19	11	5	0	0
1	1	0	1	0.274509
4	3	1	1	0.306829
6	4	1	3	1.10764
13	7	3	2	0.345096
10	6	2	4	0.327611
18	10	4	5	0.640486
19	11	5	0	0
2	2	0	2	0.295858
12	6	2	4	0.369426
18	10	4	5	0.277675
19	11	5	0	0.292313
2	2	0	2	0.409932
12	6	2	4	0.412499
18	10	4	5	0
19	11	5	0	0.306014
1	1	0	1	0.337683
4	3	1	1	0.270837
3	3	1	1	1.17808
6	4	1	3	0.425264
13	7	3	2	0
9	5	2	2	0.31916
11	6	2	4	0
17	9	4	3	0.602808
14	7	3	2	0.285599
9	5	2	2	0.505741
11	6	2	4	0.350747
18	10	4	5	0.354369
19	11	5	0	0
1	1	0	1	0.318053
5	4	1	3	0.28747
13	7	3	2	0.512757
9	5	2	2	0.544331
11	6	2	4	0.262475
18	10	4	5	0.534382
19	11	5	0	0
2	2	0	2	0.320941
8	5	2	2	0.373903
7	5	2	2	0.429061
7	5	2	2	0.299504
7	5	2	2	0.414797
7	5	2	2	0.305147
11	6	2	4	0.35457
17	9	4	3	0.556369
16	8	3	5	0.318638
20	11	5	0	0
2	2	0	2	0.313136
12	6	2	4	0.332755
18	10	4	5	0.335029
19	11	5	0	0.257906
2	2	0	2	0.376102
8	5	2	2	0.367415
11	6	2	4	0.366058
17	9	4	3	0.420423
14	7	3	2	0.301867
10	6	2	4	0.506268
18	10	4	5	0.301504
19	11	5	0	0
2	2	0	2	0.275782
8	5	2	2	0.360341
7	5	2	2	0.42259
7	5	2	2	0.291809
7	5	2	2	0.405664
7	5	2	2	0.29804
7	5	2	2	0.302611
11	6	2	4	0.387819
18	10	4	5	0.259152
19	11	5	0	0
1	1	0	1	0.264917
4	3	1	1	0.575193
3	3	1	1	1.12569
6	4	1	3	0.349939
15	8	3	5	0.575665
20	11	5	0	0
2	2	0	2	0.30472
8	5	2	2	0.348664
11	6	2	4	0.504903
17	9	4	3	0.371353
14	7	3	2	0.512762
10	6	2	4	0.410687
17	9	4	3	0.39035
16	8	3	5	0.273502
20	11	5	0	0
2	2	0	2	0.284134
12	6	2	4	0.341605
17	9	4	3	0.341808
16	8	3	5	0.347723
20	11	5	0	0
2	2	0	2	0.278102
12	6	2	4	0.337552
18	10	4	5	0.337752
19	11	5	0	0.259777
2	2	0	2	0.328558
8	5	2	2	0.385113
11	6	2	4	0.373478
17	9	4	3	0.371615
16	8	3	5	0.284472
20	11	5	0	0
2	2	0	2	0.255232
12	6	2	4	0.328884
17	9	4	3	0.31372
14	7	3	2	0.413839
10	6	2	4	0.519366
18	10	4	5	0.312246
19	11	5	0	0
2	2	0	2	0
8	5	2	2	0.390822
11	6	2	4	0.367368
18	10	4	5	0
19	11	5	0	0
2	2	0	2	0.301252
12	6	2	4	0.384371
17	9	4	3	0.537553
16	8	3	5	0.371143
20	11	5	0	0
2	2	0	2	0
12	6	2	4	0.310888
17	9	4	3	0.351709
14	7	3	2	0.417532
9	5	2	2	0.580254
7	5	2	2	0.339321
7	5	2	2	0.508077
7	5	2	2	0.462511
7	5	2	2	0.336412
11	6	2	4	0.349473
17	9	4	3	0.294024
14	7	3	2	0.362078
10	6	2	4	0.426266
17	9	4	3	0.291369
16	8	3	5	0.264416
20	11	5	0	0
2	2	0	2	0
12	6	2	4	0.330086
18	10	4	5	0.333369
19	11	5	0	0.259162
2	2	0	2	0.273456
8	5	2	2	0.412954
11	6	2	4	0.374749
17	9	4	3	0.309116
16	8	3	5	0.293444
20	11	5	0	0
1	1	0	1	0.639898
4	3	1	1	0.821284
3	3	1	1	0.637273
6	4	1	3	0.323806
13	7	3	2	0
10	6	2	4	0.293211
17	9	4	3	0.345737
16	8	3	5	0
20	11	5	0	0
1	1	0	1	0.633347
5	4	1	3	0.25277
15	8	3	5	0.360259
20	11	5	0	0
1	1	0	1	0.288017
5	4	1	3	0.251452
13	7	3	2	0.576394
10	6	2	4	0.881574
18	10	4	5	0.872239
19	11	5	0	0
1	1	0	1	0.665829
4	3	1	1	0.263079
6	4	1	3	1.16453
13	7	3	2	0.305806
10	6	2	4	0.29097
17	9	4	3	0.366143
14	7	3	2	0.260202
9	5	2	2	0.570806
11	6	2	4	0.361959
17	9	4	3	0.278185
14	7	3	2	0.269668
9	5	2	2	0.618368
7	5	2	2	0.376602
11	6	2	4	0.319282
17	9	4	3	0.290993
16	8	3	5	0.302187
20	11	5	0	0
2	2	0	2	0
12	6	2	4	0.333306
17	9	4	3	0.27395
14	7	3	2	0.398804
9	5	2	2	0.550799
11	6	2	4	0.381848
18	10	4	5	0.605792
19	11	5	0	0
2	2	0	2	0
8	5	2	2	0.404704
7	5	2	2	0.48069
11	6	2	4	0.364258
18	10	4	5	0.310375
19	11	5	0	0
1	1	0	1	0.612568
4	3	1	1	0.302697
6	4	1	3	1.10691
15	8	3	5	0.471331
20	11	5	0	0
1	1	0	1	0.611109
4	3	1	1	0.624325
6	4	1	3	0.596089
15	8	3	5	0.48226
20	11	5	0	0
1	1	0	1	0.601397
5	4	1	3	0
13	7	3	2	0.405461
9	5	2	2	0.411449
7	5	2	2	0.451316
7	5	2	2	0.382701
7	5	2	2	0.31973
7	5	2	2	0
11	6	2	4	0.69078
18	10	4	5	0.295737
19	11	5	0	0
1	1	0	1	0.534673
4	3	1	1	0.590587
3	3	1	1	1.10752
6	4	1	3	0.342709
15	8	3	5	0.567191
20	11	5	0	0.251238
2	2	0	2	0.262754
8	5	2	2	0.368345
7	5	2	2	0.319063
11	6	2	4	0.460977
17	9	4	3	0.285393
16	8	3	5	0.300292
20	11	5	0	0
1	1	0	1	0.322995
4	3	1	1	0.73698
6	4	1	3	0.949496
15	8	3	5	0.366114
20	11	5	0	0
2	2	0	2	0.258301
12	6	2	4	0.381318
17	9	4	3	0.299496
14	7	3	2	0.412228
10	6	2	4	0.579087
18	10	4	5	0.346859
19	11	5	0	0
2	2	0	2	0
8	5	2	2	0.357719
11	6	2	4	0.408356
18	10	4	5	0.507729
19	11	5	0	0.253584
1	1	0	1	0.302841
5	4	1	3	0.565546
15	8	3	5	0.395724
20	11	5	0	0.255671
1	1	0	1	0.254948
4	3	1	1	0.62229
6	4	1	3	0.944709
13	7	3	2	0.309273
10	6	2	4	0.308046
18	10	4	5	0.768449
19	11	5	0	0
1	1	0	1	0.358762
4	3	1	1	0
6	4	1	3	1.14748
13	7	3	2	0.283579
9	5	2	2	0.323201
11	6	2	4	0.265835
18	10	4	5	0.51645
19	11	5	0	0
1	1	0	1	0.327685
5	4	1	3	0.541968
15	8	3	5	0.388541
20	11	5	0	0.260217
2	2	0	2	0.33347
8	5	2	2	0.376002
7	5	2	2	0.352215
11	6	2	4	0.386538
18	10	4	5	0.260608
19	11	5	0	0
2	2	0	2	0.280226
12	6	2	4	0.395462
17	9	4	3	0.547226
16	8	3	5	0.34701
20	11	5	0	0
2	2	0	2	0.270711
8	5	2	2	0.379792
11	6	2	4	0.49507
17	9	4	3	0.31821
16	8	3	5	0
20	11	5	0	0
2	2	0	2	0.260699
8	5	2	2	0.388036
11	6	2	4	0.465985
17	9	4	3	0.308139
16	8	3	5	0
20	11	5	0	0
1	1	0	1	0.333037
4	3	1	1	0.77414
3	3	1	1	0.578989
6	4	1	3	0.300087
13	7	3	2	0.259921
9	5	2	2	0.323674
7	5	2	2	0.445319
7	5	2	2	0.351414
11	6	2	4	0.333098
17	9	4	3	0.282695
16	8	3	5	0.280969
20	11	5	0	0
2	2	0	2	0.268212
12	6	2	4	0.369608
18	10	4	5	0.367339
19	11	5	0	0.267528
2	2	0	2	0.308617
8	5	2	2	0.38566
7	5	2	2	0.445747
11	6	2	4	0.418707
17	9	4	3	0.283133
14	7	3	2	0.312607
10	6	2	4	0.469264
17	9	4	3	0.332045
14	7	3	2	0.307845
10	6	2	4	0.447976
18	10	4	5	0.389433
19	11	5	0	0
1	1	0	1	0.636639
4	3	1	1	0
6	4	1	3	1.13929
13	7	3	2	0.289178
10	6	2	4	0.305548
18	10	4	5	0.6549
19	11	5	0	0
2	2	0	2	0
12	6	2	4	0.366229
17	9	4	3	0.287213
16	8	3	5	0.282954
20	11	5	0	0
2	2	0	2	0.250257
8	5	2	2	0.393094
11	6	2	4	0.482798
18	10	4	5	0.275017
19	11	5	0	0.254622
1	1	0	1	0.327331
5	4	1	3	0.310436
15	8	3	5	0.384573
20	11	5	0	0.262297
1	1	0	1	0.271824
5	4	1	3	0
15	8	3	5	0
20	11	5	0	0
1	1	0	1	0.261818
5	4	1	3	0
13	7	3	2	0.565764
10	6	2	4	0.888486
17	9	4	3	0.715718
14	7	3	2	0.282093
9	5	2	2	0.714575
11	6	2	4	0.343158
18	10	4	5	0.371613
19	11	5	0	0
2	2	0	2	0.255655
8	5	2	2	0.386528
7	5	2	2	0.460477
7	5	2	2	0.380913
11	6	2	4	0.268378
18	10	4	5	0.273021
19	11	5	0	0
2	2	0	2	0.263623
8	5	2	2	0.336034
7	5	2	2	0.481638
11	6	2	4	0.508329
17	9	4	3	0.30331
14	7	3	2	0.273425
9	5	2	2	0.553525
11	6	2	4	0.354502
17	9	4	3	0.296043
14	7	3	2	0.279658
10	6	2	4	0.444429
17	9	4	3	0.326725
16	8	3	5	0.283534
20	11	5	0	0
1	1	0	1	0.578847
5	4	1	3	0
13	7	3	2	0.418041
9	5	2	2	0.403719
11	6	2	4	0.289009
17	9	4	3	0.458946
16	8	3	5	0.288562
20	11	5	0	0
2	2	0	2	0
12	6	2	4	0.347048
17	9	4	3	0.284791
14	7	3	2	0.376346
9	5	2	2	0.521373
7	5	2	2	0.30556
7	5	2	2	0.456661
11	6	2	4	0.294129
17	9	4	3	0.279766
16	8	3	5	0.322281
20	11	5	0	0
2	2	0	2	0
12	6	2	4	0.356618
18	10	4	5	0.359031
19	11	5	0	0.262103
1	1	0	1	0.313849
5	4	1	3	0.313673
13	7	3	2	0.479356
10	6	2	4	0.896988
18	10	4	5	0.880483
19	11	5	0	0
2	2	0	2	0
12	6	2	4	0.363412
17	9	4	3	0.261661
16	8	3	5	0.342303
20	11	5	0	0
1	1	0	1	0.626709
5	4	1	3	0
13	7	3	2	0.42544
9	5	2	2	0.944133
7	5	2	2	0.459501
11	6	2	4	0.307457
18	10	4	5	0.28669
19	11	5	0	0
1	1	0	1	0.550007
4	3	1	1	0.395074
3	3	1	1	1.13364
3	3	1	1	0.500762
6	4	1	3	0
13	7	3	2	0
9	5	2	2	0.304115
7	5	2	2	0.732957
11	6	2	4	0.311403
17	9	4	3	0.289859
14	7	3	2	0.290401
9	5	2	2	0.457006
11	6	2	4	0.363699
18	10	4	5	0.375959
19	11	5	0	0
2	2	0	2	0
12	6	2	4	0.376218
18	10	4	5	0.252514
19	11	5	0	0.318224
1	1	0	1	0.332521
4	3	1	1	0.300399
3	3	1	1	1.18764
3	3	1	1	0.56856
3	3	1	1	0.668234
6	4	1	3	0
15	8	3	5	0.575241
20	11	5	0	0.252357
1	1	0	1	0.318938
4	3	1	1	0.663282
3	3	1	1	0.586345
6	4	1	3	0.368576
13	7	3	2	0.254802
10	6	2	4	0.285316
18	10	4	5	0.545841
19	11	5	0	0
2	2	0	2	0.255128
8	5	2	2	0.367292
7	5	2	2	0.429177
7	5	2	2	0.293717
7	5	2	2	0.407621
7	5	2	2	0.299478
7	5	2	2	0.304098
11	6	2	4	0.388699
17	9	4	3	0.286338
16	8	3	5	0.283371
20	11	5	0	0
2	2	0	2	0.264853
8	5	2	2	0.337759
7	5	2	2	0.308231
7	5	2	2	0
11	6	2	4	0.342058
18	10	4	5	0.286334
19	11	5	0	0
2	2	0	2	0.254434
8	5	2	2	0.279156
7	5	2	2	0.429009
11	6	2	4	0.557067
18	10	4	5	0.2776
19	11	5	0	0
2	2	0	2	0.266876
8	5	2	2	0.299399
7	5	2	2	0.402934
7	5	2	2	0.313164
11	6	2	4	0.300674
18	10	4	5	0.254292
19	11	5	0	0
1	1	0	1	0.264574
4	3	1	1	0.312639
6	4	1	3	1.11293
13	7	3	2	0.338113
9	5	2	2	0.277511
11	6	2	4	0.273328
17	9	4	3	0.510261
14	7	3	2	0.288741
10	6	2	4	0.441218
17	9	4	3	0.339673
16	8	3	5	0.265985
20	11	5	0	0
1	1	0	1	0.281958
4	3	1	1	0.803176
6	4	1	3	0.611549
13	7	3	2	0.306638
10	6	2	4	0.314589
18	10	4	5	0.653943
19	11	5	0	0
2	2	0	2	0
12	6	2	4	0.382264
17	9	4	3	0.30293
16	8	3	5	0.293392
20	11	5	0	0
2	2	0	2	0.262067
12	6	2	4	0.338108
17	9	4	3	0.306379
14	7	3	2	0.407018
10	6	2	4	0.52877
18	10	4	5	0.314504
19	11	5	0	0
1	1	0	1	0.612802
5	4	1	3	0.30764
15	8	3	5	0.414636
20	11	5	0	0.265275
1	1	0	1	0.252973
4	3	1	1	0.631494
6	4	1	3	0.671931
13	7	3	2	0.292978
10	6	2	4	0.296952
18	10	4	5	0.731417
19	11	5	0	0
2	2	0	2	0.251273
12	6	2	4	0.356122
18	10	4	5	0.264852
19	11	5	0	0.313009
1	1	0	1	0.34262
4	3	1	1	0.269805
6	4	1	3	1.13681
15	8	3	5	0.40095
20	11	5	0	0
2	2	0	2	0.274686
8	5	2	2	0.391744
11	6	2	4	0.474409
18	10	4	5	0.278533
19	11	5	0	0.253511
1	1	0	1	0.316456
4	3	1	1	0.281485
3	3	1	1	1.1407
6	4	1	3	0.372858
15	8	3	5	0.561298
20	11	5	0	0.26229
2	2	0	2	0.281357
12	6	2	4	0.32783
17	9	4	3	0.334345
16	8	3	5	0.305827
20	11	5	0	0
2	2	0	2	0.27014
8	5	2	2	0.393496
7	5	2	2	0.358657
11	6	2	4	0.402465
18	10	4	5	0.27326
19	11	5	0	0
2	2	0	2	0.265804
8	5	2	2	0.323869
7	5	2	2	0.510227
7	5	2	2	0.909899
7	5	2	2	0.479344
11	6	2	4	0.360353
18	10	4	5	0.272985
19	11	5	0	0
1	1	0	1	0.288131
4	3	1	1	0.523649
6	4	1	3	1.07208
13	7	3	2	0.328972
9	5	2	2	0.313637
7	5	2	2	0.414015
7	5	2	2	0.335648
7	5	2	2	0.262435
11	6	2	4	0.640477
18	10	4	5	0.256725
19	11	5	0	0
1	1	0	1	0.269352
5	4	1	3	0
15	8	3	5	0.258844
20	11	5	0	0
2	2	0	2	0.588131
12	6	2	4	0.35426
18	10	4	5	0.335222
19	11	5	0	0.262288
2	2	0	2	0.35036
12	6	2	4	0.429401
18	10	4	5	0
19	11	5	0	0.306174
2	2	0	2	0.376642
8	5	2	2	0.335738
7	5	2	2	0.471823
7	5	2	2	0.342977
11	6	2	4	0.276986
18	10	4	5	0
19	11	5	0	0
2	2	0	2	0.295218
12	6	2	4	0.379193
17	9	4	3	0.573928
14	7	3	2	0.461085
9	5	2	2	0.520276
11	6	2	4	0.357455
18	10	4	5	0.328101
19	11	5	0	0
2	2	0	2	0.267268
8	5	2	2	0.357718
7	5	2	2	0.416805
7	5	2	2	0.344664
7	5	2	2	0.406143
7	5	2	2	0.301934
11	6	2	4	0.3569
18	10	4	5	0.257544
19	11	5	0	0
1	1	0	1	0.270735
4	3	1	1	0.559116
6	4	1	3	1.0508
13	7	3	2	0.328597
9	5	2	2	0.309733
11	6	2	4	0.264268
17	9	4	3	0.584639
14	7	3	2	0.288082
9	5	2	2	0.441083
11	6	2	4	0.357902
18	10	4	5	0.352308
19	11	5	0	0
1	1	0	1	0.294363
4	3	1	1	0.25774
6	4	1	3	1.13508
15	8	3	5	0.382261
20	11	5	0	0
1	1	0	1	0.297945
4	3	1	1	0.556909
3	3	1	1	0.598833
6	4	1	3	0.329048
13	7	3	2	0.26108
9	5	2	2	0.278815
7	5	2	2	0.670138
7	5	2	2	0.302952
11	6	2	4	0.578208
17	9	4	3	0.566667
16	8	3	5	0.294608
20	11	5	0	0
1	1	0	1	0.294846
5	4	1	3	0
15	8	3	5	0.378771
20	11	5	0	0
1	1	0	1	0
5	4	1	3	0
15	8	3	5	0
20	11	5	0	0
1	1	0	1	0
5	4	1	3	0
13	7	3	2	0.562888
9	5	2	2	0.462788
7	5	2	2	0.363333
11	6	2	4	0.355294
18	10	4	5	0
19	11	5	0	0
1	1	0	1	0.254317
4	3	1	1	0.324675
3	3	1	1	1.11016
3	3	1	1	0.420252
6	4	1	3	0
13	7	3	2	0.250617
10	6	2	4	0.282604
18	10	4	5	0.617721
19	11	5	0	0
2	2	0	2	0.295262
12	6	2	4	0.373169
17	9	4	3	0.394674
16	8	3	5	0.287767
20	11	5	0	0
1	1	0	1	0.304858
5	4	1	3	0
15	8	3	5	0.373359
20	11	5	0	0
1	1	0	1	0
4	3	1	1	0.604717
6	4	1	3	0.663232
15	8	3	5	0.368994
20	11	5	0	0.262286
1	1	0	1	0.283678
5	4	1	3	0.266826
15	8	3	5	0.346053
20	11	5	0	0
2	2	0	2	0.638353
12	6	2	4	0.349842
17	9	4	3	0.420157
14	7	3	2	0.41591
10	6	2	4	0.560138
17	9	4	3	0.389168
16	8	3	5	0.256087
20	11	5	0	0
2	2	0	2	0.305476
12	6	2	4	0.341696
17	9	4	3	0.387819
16	8	3	5	0.305967
20	11	5	0	0
2	2	0	2	0.299707
8	5	2	2	0.36644
11	6	2	4	0.539884
17	9	4	3	0.361964
14	7	3	2	0.563488
10	6	2	4	0.427021
18	10	4	5	0.378272
19	11	5	0	0
2	2	0	2	0.254027
12	6	2	4	0.367596
17	9	4	3	0.333841
14	7	3	2	0.374135
9	5	2	2	0.51986
11	6	2	4	0.365729
17	9	4	3	0.279963
16	8	3	5	0.262396
20	11	5	0	0
1	1	0	1	0.329175
5	4	1	3	0
15	8	3	5	0.354554
20	11	5	0	0
2	2	0	2	0.325733
12	6	2	4	0.335714
18	10	4	5	0.414597
19	11	5	0	0.259601
1	1	0	1	0.336138
4	3	1	1	0.266191
3	3	1	1	1.15436
3	3	1	1	0.443871
6	4	1	3	0
13	7	3	2	0.268001
10	6	2	4	0.268903
17	9	4	3	0.481574
14	7	3	2	0.294534
10	6	2	4	0.406725
17	9	4	3	0.367575
14	7	3	2	0.293865
10	6	2	4	0.429303
18	10	4	5	0.353073
19	11	5	0	0
2	2	0	2	0
8	5	2	2	0.399993
11	6	2	4	0.386796
17	9	4	3	0.537748
14	7	3	2	0.341668
10	6	2	4	0.493975
18	10	4	5	0.301601
19	11	5	0	0
2	2	0	2	0
8	5	2	2	0.409545
11	6	2	4	0.374084
18	10	4	5	0
19	11	5	0	0.258336
2	2	0	2	0.319229
8	5	2	2	0.429706
7	5	2	2	0.499042
11	6	2	4	0.364616
18	10	4	5	0.265108
19	11	5	0	0
2	2	0	2	0.268159
12	6	2	4	0.369214
17	9	4	3	0.566373
16	8	3	5	0.361038
20	11	5	0	0
2	2	0	2	0.254243
12	6	2	4	0.304878
17	9	4	3	0.379067
16	8	3	5	0.293239
20	11	5	0	0
1	1	0	1	0.63708
5	4	1	3	0
13	7	3	2	0.445682
10	6	2	4	0.975903
17	9	4	3	0.637499
14	7	3	2	0.285579
9	5	2	2	0.750992
7	5	2	2	0.395777
7	5	2	2	0.432748
7	5	2	2	0.366807
11	6	2	4	0.396803
18	10	4	5	0.284143
19	11	5	0	0
2	2	0	2	0
12	6	2	4	0.36211
17	9	4	3	0.533253
16	8	3	5	0.353446
20	11	5	0	0
2	2	0	2	0
8	5	2	2	0.417581
11	6	2	4	0.47531
18	10	4	5	0.263235
19	11	5	0	0
2	2	0	2	0.264232
12	6	2	4	0.362408
18	10	4	5	0
19	11	5	0	0.321098
1	1	0	1	0.391614
5	4	1	3	0.283391
13	7	3	2	0.676914
9	5	2	2	0.631288
7	5	2	2	0.555248
7	5	2	2	0.456225
11	6	2	4	0.275065
18	10	4	5	0.273659
19	11	5	0	0
1	1	0	1	0.320782
5	4	1	3	0.264811
15	8	3	5	0.260764
20	11	5	0	0
1	1	0	1	0.262383
5	4	1	3	0
13	7	3	2	0.5393
10	6	2	4	0.844882
18	10	4	5	0.849157
19	11	5	0	0
2	2	0	2	0
12	6	2	4	0.321469
17	9	4	3	0.575731
14	7	3	2	0.351959
9	5	2	2	0.553122
7	5	2	2	0.325761
11	6	2	4	0.292953
18	10	4	5	0
19	11	5	0	0
2	2	0	2	0.271511
8	5	2	2	0.34533
7	5	2	2	0.518168
7	5	2	2	0.916122
11	6	2	4	0.260735
18	10	4	5	0
19	11	5	0	0
1	1	0	1	0.309506
5	4	1	3	0.270271
15	8	3	5	0.349728
20	11	5	0	0
2	2	0	2	0.558617
8	5	2	2	0.397941
11	6	2	4	0.416634
18	10	4	5	0
19	11	5	0	0
1	1	0	1	0.322617
4	3	1	1	0.275451
3	3	1	1	1.19201
3	3	1	1	0.56498
6	4	1	3	0
13	7	3	2	0
9	5	2	2	0.572265
11	6	2	4	0
17	9	4	3	0.565094
14	7	3	2	0.262655
10	6	2	4	0.369447
18	10	4	5	0.316125
19	11	5	0	0
1	1	0	1	0.62172
4	3	1	1	0.291464
3	3	1	1	1.17441
3	3	1	1	0.522609
6	4	1	3	0
13	7	3	2	0
10	6	2	4	0
18	10	4	5	0.517775
19	11	5	0	0
1	1	0	1	0.374779
5	4	1	3	0.311531
13	7	3	2	0.543187
10	6	2	4	0.768508
17	9	4	3	0.833449
16	8	3	5	0.277533
20	11	5	0	0
2	2	0	2	0.279867
12	6	2	4	0.293648
18	10	4	5	0.28279
19	11	5	0	0.267475
1	1	0	1	0.340913
5	4	1	3	0.325284
15	8	3	5	0.425936
20	11	5	0	0.256734
2	2	0	2	0.325853
8	5	2	2	0.41441
11	6	2	4	0.400915
18	10	4	5	0
19	11	5	0	0
2	2	0	2	0.321501
8	5	2	2	0.407893
7	5	2	2	0.477202
11	6	2	4	0.344659
17	9	4	3	0.589006
16	8	3	5	0.278906
20	11	5	0	0
2	2	0	2	0.265671
8	5	2	2	0.405568
7	5	2	2	0.370769
11	6	2	4	0.340759
17	9	4	3	0.318827
16	8	3	5	0.313533
20	11	5	0	0
2	2	0	2	0.267228
8	5	2	2	0.39419
11	6	2	4	0.458359
17	9	4	3	0.328836
14	7	3	2	0.271368
9	5	2	2	0.523821
7	5	2	2	0.363359
11	6	2	4	0.299424
18	10	4	5	0
19	11	5	0	0.252027
1	1	0	1	0.307451
4	3	1	1	0.341028
3	3	1	1	1.11868
3	3	1	1	0.460952
6	4	1	3	0
13	7	3	2	0
10	6	2	4	0
18	10	4	5	0.536397
19	11	5	0	0
2	2	0	2	0
8	5	2	2	0.37838
7	5	2	2	0.445539
11	6	2	4	0.400886
17	9	4	3	0.316569
16	8	3	5	0.266911
20	11	5	0	0
2	2	0	2	0.251238
8	5	2	2	0.388726
7	5	2	2	0.3537
11	6	2	4	0.399559
17	9	4	3	0.313937
16	8	3	5	0.315662
20	11	5	0	0
1	1	0	1	0.352797
4	3	1	1	0.744795
3	3	1	1	0.687685
6	4	1	3	0.308827
13	7	3	2	0
10	6	2	4	0.270549
18	10	4	5	0.551249
19	11	5	0	0
2	2	0	2	0
8	5	2	2	0.372068
11	6	2	4	0.369395
17	9	4	3	0.54661
14	7	3	2	0.364099
10	6	2	4	0.455853
18	10	4	5	0.287387
19	11	5	0	0
2	2	0	2	0
8	5	2	2	0.375445
11	6	2	4	0.360615
17	9	4	3	0.545969
14	7	3	2	0.356837
10	6	2	4	0.441676
18	10	4	5	0.281815
19	11	5	0	0
1	1	0	1	0.651342
4	3	1	1	0.271122
3	3	1	1	1.14756
3	3	1	1	0.470154
6	4	1	3	0
13	7	3	2	0
9	5	2	2	0.598413
7	5	2	2	0.761623
7	5	2	2	0.364179
7	5	2	2	0.286303
7	5	2	2	0
11	6	2	4	0.669252
17	9	4	3	0.297003
14	7	3	2	0.345763
10	6	2	4	0.388817
17	9	4	3	0.346128
16	8	3	5	0.260603
20	11	5	0	0
2	2	0	2	0
12	6	2	4	0.3526
18	10	4	5	0.327663
19	11	5	0	0.283149
2	2	0	2	0.296639
12	6	2	4	0.444257
18	10	4	5	0
19	11	5	0	0.335564
2	2	0	2	0.320376
8	5	2	2	0.353951
11	6	2	4	0.367768
18	10	4	5	0.342548
19	11	5	0	0
1	1	0	1	0.334493
4	3	1	1	0.294749
6	4	1	3	1.12929
15	8	3	5	0.39296
20	11	5	0	0.255843
2	2	0	2	0
12	6	2	4	0.338197
17	9	4	3	0.322523
16	8	3	5	0.329515
20	11	5	0	0
1	1	0	1	0.642028
4	3	1	1	0.714443
3	3	1	1	0.636895
6	4	1	3	0.300858
15	8	3	5	0.547461
20	11	5	0	0.264659
1	1	0	1	0.593563
5	4	1	3	0.259775
13	7	3	2	0.461902
10	6	2	4	0.507297
17	9	4	3	0.640942
16	8	3	5	0.251843
20	11	5	0	0
1	1	0	1	0.604706
4	3	1	1	0.495921
3	3	1	1	0.53629
3	3	1	1	0.340116
6	4	1	3	0
15	8	3	5	0.290452
20	11	5	0	0.273312
1	1	0	1	0.598696
4	3	1	1	0.553551
3	3	1	1	0.468972
6	4	1	3	0.396122
15	8	3	5	0.287372
20	11	5	0	0.277461
1	1	0	1	0.343505
5	4	1	3	0.328555
13	7	3	2	0.436969
10	6	2	4	0.515973
17	9	4	3	0.66154
16	8	3	5	0
20	11	5	0	0
2	2	0	2	0.260228
12	6	2	4	0.336867
18	10	4	5	0.314277
19	11	5	0	0.283663
2	2	0	2	0.318806
8	5	2	2	0.412888
11	6	2	4	0.369356
18	10	4	5	0.303207
19	11	5	0	0.260713
2	2	0	2	0.307229
8	5	2	2	0.417946
7	5	2	2	0.468313
7	5	2	2	0.374445
11	6	2	4	0.2602
17	9	4	3	0.556581
16	8	3	5	0
20	11	5	0	0
2	2	0	2	0
12	6	2	4	0.32963
17	9	4	3	0.319927
16	8	3	5	0.271498
20	11	5	0	0
2	2	0	2	0
12	6	2	4	0.32728
18	10	4	5	0.315138
19	11	5	0	0.271965
1	1	0	1	0.356875
4	3	1	1	0
3	3	1	1	1.10159
6	4	1	3	0.432079
13	7	3	2	0.267877
10	6	2	4	0.255763
18	10	4	5	0.470008
19	11	5	0	0
2	2	0	2	0
8	5	2	2	0.41448
7	5	2	2	0.483271
11	6	2	4	0.402085
18	10	4	5	0.265546
19	11	5	0	0
2	2	0	2	0.254218
12	6	2	4	0.382788
18	10	4	5	0
19	11	5	0	0.332351
1	1	0	1	0.392105
5	4	1	3	0.599205
15	8	3	5	0.427427
20	11	5	0	0.276553
1	1	0	1	0.296838
4	3	1	1	0.319503
6	4	1	3	0.723027
15	8	3	5	0.326276
20	11	5	0	0.271465
2	2	0	2	0.259757
8	5	2	2	0.441109
11	6	2	4	0.460721
17	9	4	3	0.379049
14	7	3	2	0.343676
10	6	2	4	0.338997
17	9	4	3	0.372135
14	7	3	2	0.584371
10	6	2	4	0.367719
18	10	4	5	0.324742
19	11	5	0	0
1	1	0	1	0.686267
4	3	1	1	0
6	4	1	3	1.14043
15	8	3	5	0.318483
20	11	5	0	0.252248
2	2	0	2	0.254287
12	6	2	4	0.329918
18	10	4	5	0.270532
19	11	5	0	0.260841
2	2	0	2	0.306918
12	6	2	4	0.381849
18	10	4	5	0
19	11	5	0	0.316233
1	1	0	1	0.407749
4	3	1	1	0
3	3	1	1	1.11999
6	4	1	3	0.432864
13	7	3	2	0.276852
10	6	2	4	0
17	9	4	3	0.452372
16	8	3	5	0
20	11	5	0	0
1	1	0	1	0.390657
5	4	1	3	0.258443
15	8	3	5	0.291155
20	11	5	0	0.262017
2	2	0	2	0.305193
8	5	2	2	0.44265
7	5	2	2	0.418266
7	5	2	2	0.32162
11	6	2	4	0.292631
18	10	4	5	0.258508
19	11	5	0	0
1	1	0	1	0.342055
5	4	1	3	0.512544
15	8	3	5	0
20	11	5	0	0
2	2	0	2	0.294403
8	5	2	2	0.449683
7	5	2	2	0.404312
7	5	2	2	0.333781
11	6	2	4	0.286223
18	10	4	5	0.255226
19	11	5	0	0
2	2	0	2	0.265349
8	5	2	2	0.352122
7	5	2	2	0.535415
11	6	2	4	0.98395
17	9	4	3	0.576228
16	8	3	5	0
20	11	5	0	0
1	1	0	1	0.349036
5	4	1	3	0.263839
13	7	3	2	0.4633
9	5	2	2	0.448554
11	6	2	4	0.287247
18	10	4	5	0.493852
19	11	5	0	0
1	1	0	1	0.357314
4	3	1	1	0
3	3	1	1	1.12417
3	3	1	1	0.375492
6	4	1	3	0.257334
13	7	3	2	0.284727
10	6	2	4	0
17	9	4	3	0.510705
14	7	3	2	0.580305
10	6	2	4	0.351121
17	9	4	3	0.390641
16	8	3	5	0
20	11	5	0	0
2	2	0	2	0.259592
12	6	2	4	0.33875
18	10	4	5	0.309401
19	11	5	0	0.266884
1	1	0	1	0.351366
5	4	1	3	0.629748
13	7	3	2	0.503775
10	6	2	4	0.78161
18	10	4	5	0.849624
19	11	5	0	0
2	2	0	2	0
12	6	2	4	0.346142
18	10	4	5	0
19	11	5	0	0.304348
1	1	0	1	0.388274
5	4	1	3	0.56152
13	7	3	2	0.653619
9	5	2	2	0.672037
7	5	2	2	0.548152
7	5	2	2	0.455906
11	6	2	4	0.270573
17	9	4	3	0.585614
16	8	3	5	0.282783
20	11	5	0	0
1	1	0	1	0.37102
4	3	1	1	0.694333
3	3	1	1	0.609232
6	4	1	3	0.291981
13	7	3	2	0.25022
9	5	2	2	0.346178
11	6	2	4	0.254993
18	10	4	5	0.473517
19	11	5	0	0
1	1	0	1	0.354611
5	4	1	3	0.594486
13	7	3	2	0.511343
9	5	2	2	0.601617
11	6	2	4	0.272979
18	10	4	5	0.509236
19	11	5	0	0
2	2	0	2	0.291391
12	6	2	4	0.348898
17	9	4	3	0.617504
14	7	3	2	0.38358
10	6	2	4	0.411309
17	9	4	3	0.354969
16	8	3	5	0.251088
20	11	5	0	0
1	1	0	1	0.346144
5	4	1	3	0
15	8	3	5	0.371759
20	11	5	0	0.259178
2	2	0	2	0.32373
8	5	2	2	0.391821
11	6	2	4	0.447522
18	10	4	5	0.254713
19	11	5	0	0
1	1	0	1	0.336098
4	3	1	1	0.26985
6	4	1	3	1.12506
15	8	3	5	0.44832
20	11	5	0	0
1	1	0	1	0.353483
5	4	1	3	0.267994
15	8	3	5	0.338225
20	11	5	0	0.2583
1	1	0	1	0.276515
4	3	1	1	0.599861
3	3	1	1	0.660374
3	3	1	1	0.345513
3	3	1	1	0.597546
6	4	1	3	0.254994
15	8	3	5	0.292357
20	11	5	0	0.259246
2	2	0	2	0.286747
8	5	2	2	0.399217
7	5	2	2	0.347122
7	5	2	2	0.308298
7	5	2	2	0.346944
7	5	2	2	0.264936
11	6	2	4	0.401991
17	9	4	3	0.559394
16	8	3	5	0
20	11	5	0	0
2	2	0	2	0.283797
8	5	2	2	0.354126
11	6	2	4	0.530351
17	9	4	3	0.370028
14	7	3	2	0.609298
10	6	2	4	0.38091
17	9	4	3	0.401456
14	7	3	2	0.576931
10	6	2	4	0.408732
17	9	4	3	0.384176
14	7	3	2	0.565419
9	5	2	2	0.604676
7	5	2	2	0.345916
7	5	2	2	0.422756
7	5	2	2	0.372219
11	6	2	4	0.446669
18	10	4	5	0.260881
19	11	5	0	0
2	2	0	2	0.271841
12	6	2	4	0.44016
17	9	4	3	0.54397
16	8	3	5	0.321932
20	11	5	0	0
2	2	0	2	0.253943
8	5	2	2	0.358831
11	6	2	4	0.53624
18	10	4	5	0.284677
19	11	5	0	0.250381
1	1	0	1	0.30843
4	3	1	1	0.255842
6	4	1	3	1.13143
15	8	3	5	0.41199
20	11	5	0	0.251015
2	2	0	2	0.25898
8	5	2	2	0.378769
7	5	2	2	0.332192
11	6	2	4	0.455054
18	10	4	5	0.262443
19	11	5	0	0
2	2	0	2	0.264988
12	6	2	4	0.422411
18	10	4	5	0
19	11	5	0	0.327885
2	2	0	2	0.360651
8	5	2	2	0.342373
7	5	2	2	0.486888
7	5	2	2	0.935185
7	5	2	2	0.461137
7	5	2	2	0.328243
11	6	2	4	0.3731
17	9	4	3	0.294708
14	7	3	2	0.400404
10	6	2	4	0.395639
18	10	4	5	0.349326
19	11	5	0	0
1	1	0	1	0.598119
4	3	1	1	0
6	4	1	3	1.14366
15	8	3	5	0.346102
20	11	5	0	0
1	1	0	1	0.315172
5	4	1	3	0.285124
13	7	3	2	0.413837
9	5	2	2	0.379497
7	5	2	2	0.403218
7	5	2	2	0.344809
7	5	2	2	0.287624
7	5	2	2	0
11	6	2	4	0.724904
18	10	4	5	0.252603
19	11	5	0	0
1	1	0	1	0.256722
4	3	1	1	0.532877
3	3	1	1	1.04074
3	3	1	1	0.375891
6	4	1	3	0
15	8	3	5	0.293703
20	11	5	0	0.261944
2	2	0	2	0.269141
8	5	2	2	0.324729
7	5	2	2	0.283702
7	5	2	2	0.25291
7	5	2	2	0.284813
7	5	2	2	0
7	5	2	2	0
11	6	2	4	0.732816
17	9	4	3	0.271576
16	8	3	5	0
20	11	5	0	0
2	2	0	2	0.266104
8	5	2	2	0.295567
11	6	2	4	0.616901
17	9	4	3	0.3562
14	7	3	2	0.598646
10	6	2	4	0.423205
17	9	4	3	0.383105
16	8	3	5	0
20	11	5	0	0
1	1	0	1	0.527584
4	3	1	1	0.453162
3	3	1	1	0.490492
6	4	1	3	0.315813
15	8	3	5	0.275587
20	11	5	0	0.262059
1	1	0	1	0.269296
5	4	1	3	0.324883
15	8	3	5	0.2792
20	11	5	0	0.269058
2	2	0	2	0.582252
12	6	2	4	0.441783
18	10	4	5	0.397516
19	11	5	0	0.264906
1	1	0	1	0.277283
4	3	1	1	0
6	4	1	3	1.14536
15	8	3	5	0.307355
20	11	5	0	0
1	1	0	1	0.290981
4	3	1	1	0.439906
6	4	1	3	0.620567
15	8	3	5	0.364087
20	11	5	0	0
2	2	0	2	0.275188
12	6	2	4	0.428976
17	9	4	3	0.363522
16	8	3	5	0.259655
20	11	5	0	0
1	1	0	1	0.311214
4	3	1	1	0.591655
6	4	1	3	0.717499
15	8	3	5	0.289252
20	11	5	0	0.250567
2	2	0	2	0.270449
12	6	2	4	0.434212
18	10	4	5	0.342865
19	11	5	0	0.25493
2	2	0	2	0.332469
8	5	2	2	0.343933
7	5	2	2	0.387278
11	6	2	4	0.448903
17	9	4	3	0.532126
14	7	3	2	0.612016
10	6	2	4	0.454355
17	9	4	3	0.390768
14	7	3	2	0.599996
10	6	2	4	0.435456
17	9	4	3	0.371282
16	8	3	5	0
20	11	5	0	0
1	1	0	1	0.559752
5	4	1	3	0.269217
15	8	3	5	0.286617
20	11	5	0	0.256684
1	1	0	1	0.254523
5	4	1	3	0.299459
13	7	3	2	0.628161
10	6	2	4	0.90198
17	9	4	3	0.760444
16	8	3	5	0
20	11	5	0	0
2	2	0	2	0.258736
8	5	2	2	0.361126
11	6	2	4	0.547567
18	10	4	5	0.294565
19	11	5	0	0
2	2	0	2	0.295233
12	6	2	4	0.499529
17	9	4	3	0.535627
14	7	3	2	0.541743
9	5	2	2	0.55778
7	5	2	2	0.293831
7	5	2	2	0.426828
7	5	2	2	0.394813
7	5	2	2	0.28428
7	5	2	2	0.280047
7	5	2	2	0.269267
7	5	2	2	0.268306
11	6	2	4	0.48132
17	9	4	3	0.268495
16	8	3	5	0
20	11	5	0	0
1	1	0	1	0.542919
4	3	1	1	0.644438
6	4	1	3	0.712755
13	7	3	2	0.341659
9	5	2	2	0.288853
7	5	2	2	0.356377
11	6	2	4	0.39822
18	10	4	5	0.265713
19	11	5	0	0
1	1	0	1	0.268193
5	4	1	3	0.539852
13	7	3	2	0.598667
10	6	2	4	0.702132
17	9	4	3	0.698563
14	7	3	2	0.556282
9	5	2	2	0.614999
11	6	2	4	0.444505
18	10	4	5	0.439201
19	11	5	0	0
2	2	0	2	0.25214
8	5	2	2	0.308342
7	5	2	2	0.365022
7	5	2	2	0.297316
7	5	2	2	0.354627
7	5	2	2	0.264053
11	6	2	4	0.448923
17	9	4	3	0.269271
16	8	3	5	0.275104
20	11	5	0	0
2	2	0	2	0.259413
12	6	2	4	0.424341
18	10	4	5	0.390758
19	11	5	0	0.261207
1	1	0	1	0.269902
5	4	1	3	0.376255
15	8	3	5	0.342902
20	11	5	0	0.250527
2	2	0	2	0.56794
8	5	2	2	0.317712
7	5	2	2	0.291954
11	6	2	4	0.730234
17	9	4	3	0.270543
14	7	3	2	0.36372
10	6	2	4	0.429155
17	9	4	3	0.330335
14	7	3	2	0.540046
10	6	2	4	0.411532
18	10	4	5	0.419048
19	11	5	0	0
2	2	0	2	0
12	6	2	4	0.442908
17	9	4	3	0.294725
14	7	3	2	0.376296
10	6	2	4	0.487087
17	9	4	3	0.28765
16	8	3	5	0.253219
20	11	5	0	0
1	1	0	1	0.576108
4	3	1	1	0.783186
3	3	1	1	0.591884
6	4	1	3	0.294731
15	8	3	5	0.542064
20	11	5	0	0.256245
1	1	0	1	0.55411
4	3	1	1	0.571624
3	3	1	1	0.543327
6	4	1	3	0.357518
13	7	3	2	0.269172
9	5	2	2	0.301856
11	6	2	4	0.293924
17	9	4	3	0.486349
16	8	3	5	0.253139
20	11	5	0	0
2	2	0	2	0
8	5	2	2	0.343117
7	5	2	2	0.313908
7	5	2	2	0.250857
7	5	2	2	0.297458
11	6	2	4	0.804843
17	9	4	3	0.268244
14	7	3	2	0.383068
10	6	2	4	0.43573
18	10	4	5	0.411896
19	11	5	0	0
1	1	0	1	0.607509
5	4	1	3	0.60603
15	8	3	5	0.367458
20	11	5	0	0.270507
1	1	0	1	0
4	3	1	1	0.593909
6	4	1	3	0.679071
15	8	3	5	0.361661
20	11	5	0	0.275771
1	1	0	1	0.54481
5	4	1	3	0.278098
13	7	3	2	0.405728
9	5	2	2	0.365467
7	5	2	2	0.382479
7	5	2	2	0.328782
7	5	2	2	0.273162
7	5	2	2	0
7	5	2	2	0
11	6	2	4	0.841406
18	10	4	5	0.287297
19	11	5	0	0
1	1	0	1	0.262815
5	4	1	3	0.318794
13	7	3	2	0.570821
10	6	2	4	0.707613
17	9	4	3	0.683296
16	8	3	5	0.262091
20	11	5	0	0
1	1	0	1	0.273765
5	4	1	3	0
15	8	3	5	0.36956
20	11	5	0	0.252668
1	1	0	1	0
4	3	1	1	0.349534
3	3	1	1	0.714602
6	4	1	3	0.294284
13	7	3	2	0
9	5	2	2	0.281874
7	5	2	2	0.337538
7	5	2	2	0.286501
7	5	2	2	0
11	6	2	4	0.790593
17	9	4	3	0.25453
16	8	3	5	0.278425
20	11	5	0	0
2	2	0	2	0.284984
12	6	2	4	0.463288
17	9	4	3	0.33753
14	7	3	2	0.429973
10	6	2	4	0.583063
18	10	4	5	0.404904
19	11	5	0	0
2	2	0	2	0
8	5	2	2	0.304022
7	5	2	2	0.354527
11	6	2	4	0.8368
17	9	4	3	0.261123
16	8	3	5	0.263952
20	11	5	0	0
1	1	0	1	0.279232
4	3	1	1	0.50986
3	3	1	1	0.579902
6	4	1	3	0.296388
13	7	3	2	0
10	6	2	4	0.311174
17	9	4	3	0.408309
16	8	3	5	0
20	11	5	0	0
2	2	0	2	0.259651
8	5	2	2	0.326776
11	6	2	4	0.638162
17	9	4	3	0.310153
16	8	3	5	0
20	11	5	0	0
1	1	0	1	0.291072
5	4	1	3	0.257463
13	7	3	2	0.441625
9	5	2	2	0.376419
11	6	2	4	0.393546
17	9	4	3	0.489803
16	8	3	5	0.253525
20	11	5	0	0
2	2	0	2	0.253454
12	6	2	4	0.441707
17	9	4	3	0.30154
14	7	3	2	0.444123
10	6	2	4	0.555016
17	9	4	3	0.276545
14	7	3	2	0.544566
10	6	2	4	0.434102
17	9	4	3	0.294431
14	7	3	2	0.285365
9	5	2	2	0.52618
7	5	2	2	0.320912
11	6	2	4	0.967676
18	10	4	5	0.285473
19	11	5	0	0.266002
1	1	0	1	0.538081
5	4	1	3	0.268057
15	8	3	5	0.272296
20	11	5	0	0
2	2	0	2	0.548928
12	6	2	4	0.43829
18	10	4	5	0.396592
19	11	5	0	0.270411
1	1	0	1	0.306353
5	4	1	3	0.358185
15	8	3	5	0.377571
20	11	5	0	0.252751
2	2	0	2	0.292001
8	5	2	2	0.363865
11	6	2	4	0.565973
18	10	4	5	0.306072
19	11	5	0	0
1	1	0	1	0.308607
5	4	1	3	0.293874
13	7	3	2	0.531213
10	6	2	4	0.888139
18	10	4	5	0.899971
19	11	5	0	0
1	1	0	1	0.612757
4	3	1	1	0.278771
6	4	1	3	1.13634
13	7	3	2	0.28824
10	6	2	4	0.275026
17	9	4	3	0.427341
14	7	3	2	0.257019
9	5	2	2	0.555874
11	6	2	4	0.425636
17	9	4	3	0.298031
14	7	3	2	0.274046
10	6	2	4	0.430069
17	9	4	3	0.32395
16	8	3	5	0.277348
20	11	5	0	0
