1	1	0	1	0.305171
5	4	1	3	0.693483
15	8	3	5	0.548654
20	11	5	0	0
1	1	0	1	0
5	4	1	3	0.494251
13	7	3	2	0.436025
10	6	2	4	0.871492
17	9	4	3	0.843748
14	7	3	2	0.466769
10	6	2	4	0.257782
18	10	4	5	0.276706
19	11	5	0	0
2	2	0	2	0.624989
8	5	2	2	0.354832
11	6	2	4	0.28127
18	10	4	5	0
19	11	5	0	0.25853
1	1	0	1	0.301276
5	4	1	3	0.97966
15	8	3	5	0.567105
20	11	5	0	0
2	2	0	2	0.560419
8	5	2	2	0.585916
7	5	2	2	0.444727
11	6	2	4	0.546146
17	9	4	3	1.05903
16	8	3	5	0.393684
20	11	5	0	0
1	1	0	1	0
4	3	1	1	0.970242
6	4	1	3	0.292418
15	8	3	5	0.330626
20	11	5	0	0
2	2	0	2	0.655571
12	6	2	4	0
17	9	4	3	0.544723
14	7	3	2	0.447291
10	6	2	4	0.528784
17	9	4	3	0.657008
16	8	3	5	0.33582
20	11	5	0	0
1	1	0	1	0.271132
5	4	1	3	0.953562
13	7	3	2	0.42721
10	6	2	4	0.874399
18	10	4	5	0.264212
19	11	5	0	0
2	2	0	2	0.54931
8	5	2	2	0.422899
11	6	2	4	0.456099
17	9	4	3	0.574559
14	7	3	2	0.382636
10	6	2	4	0.291083
17	9	4	3	0.662982
16	8	3	5	0.358833
20	11	5	0	0
2	2	0	2	0.278166
12	6	2	4	0
17	9	4	3	0.536137
16	8	3	5	0.38786
20	11	5	0	0
2	2	0	2	0.345055
12	6	2	4	0
17	9	4	3	0.313555
16	8	3	5	0.378521
20	11	5	0	0
1	1	0	1	0.30587
5	4	1	3	0.428264
15	8	3	5	0.488539
20	11	5	0	0
1	1	0	1	0.284092
5	4	1	3	0.958511
13	7	3	2	0.421835
9	5	2	2	0.916451
11	6	2	4	0.560415
18	10	4	5	0
19	11	5	0	0
1	1	0	1	0.381954
5	4	1	3	0.473318
15	8	3	5	0.602405
20	11	5	0	0
1	1	0	1	0.255013
5	4	1	3	0.446646
15	8	3	5	0.476195
20	11	5	0	0
1	1	0	1	0.265674
5	4	1	3	0.436364
13	7	3	2	0.403724
9	5	2	2	0.905366
7	5	2	2	0
7	5	2	2	0.556998
11	6	2	4	0.31464
17	9	4	3	0.754357
16	8	3	5	0.369369
20	11	5	0	0
1	1	0	1	0
4	3	1	1	0.97135
3	3	1	1	0.338704
6	4	1	3	0.539767
15	8	3	5	0.308643
20	11	5	0	0
2	2	0	2	0.679168
8	5	2	2	0.569807
11	6	2	4	0.334177
17	9	4	3	0.265496
16	8	3	5	0.343332
20	11	5	0	0
1	1	0	1	0
5	4	1	3	0.940657
13	7	3	2	0.419762
10	6	2	4	0.898491
18	10	4	5	0.39419
19	11	5	0	0
2	2	0	2	0.615564
8	5	2	2	0.393657
11	6	2	4	0.518607
18	10	4	5	0
19	11	5	0	0
2	2	0	2	0.273608
8	5	2	2	0.536735
11	6	2	4	0.414323
18	10	4	5	0.517293
19	11	5	0	0
2	2	0	2	0.270328
12	6	2	4	0.354717
18	10	4	5	0
19	11	5	0	0
1	1	0	1	0.553188
5	4	1	3	0.968027
13	7	3	2	0.433855
9	5	2	2	0.882014
7	5	2	2	0
7	5	2	2	0.568357
7	5	2	2	0.368059
11	6	2	4	0
17	9	4	3	0.681612
14	7	3	2	0.326934
10	6	2	4	0.525527
18	10	4	5	0
19	11	5	0	0
2	2	0	2	0.625106
12	6	2	4	0
18	10	4	5	0.392483
19	11	5	0	0
1	1	0	1	0.299949
4	3	1	1	0.512397
3	3	1	1	0.589638
3	3	1	1	0.306778
6	4	1	3	0.325312
15	8	3	5	0.369496
20	11	5	0	0
2	2	0	2	0.318969
12	6	2	4	0
18	10	4	5	0.29179
19	11	5	0	0
1	1	0	1	0.562076
5	4	1	3	0.961285
15	8	3	5	0.543558
20	11	5	0	0
1	1	0	1	0
4	3	1	1	0.55561
3	3	1	1	0.33084
3	3	1	1	0.464624
6	4	1	3	0.319651
15	8	3	5	0.335779
20	11	5	0	0
1	1	0	1	0
4	3	1	1	0.962871
6	4	1	3	0.269085
15	8	3	5	0.297648
20	11	5	0	0
1	1	0	1	0
5	4	1	3	1.29353
13	7	3	2	0.504153
10	6	2	4	0.772049
17	9	4	3	0.806971
16	8	3	5	0.3172
20	11	5	0	0
1	1	0	1	0
4	3	1	1	0.457424
3	3	1	1	0.308721
3	3	1	1	0.387332
3	3	1	1	0.276786
6	4	1	3	0.335943
13	7	3	2	0.502597
9	5	2	2	0.280986
11	6	2	4	0.417108
18	10	4	5	0
19	11	5	0	0
1	1	0	1	0.27691
5	4	1	3	0.505855
13	7	3	2	0.489788
9	5	2	2	0.849148
11	6	2	4	0.576828
17	9	4	3	0.899653
16	8	3	5	0.330193
20	11	5	0	0
1	1	0	1	0
4	3	1	1	0.466442
3	3	1	1	0.304993
3	3	1	1	0.392502
3	3	1	1	0.286429
6	4	1	3	0.351014
15	8	3	5	0.29954
20	11	5	0	0
2	2	0	2	0.615773
12	6	2	4	0
17	9	4	3	0.44163
16	8	3	5	0.315178
20	11	5	0	0.258151
2	2	0	2	0.403099
12	6	2	4	0
17	9	4	3	0.358364
14	7	3	2	0.522549
10	6	2	4	0.528874
18	10	4	5	0
19	11	5	0	0
1	1	0	1	0
5	4	1	3	0.491489
13	7	3	2	0.523299
10	6	2	4	0.786787
18	10	4	5	0.932744
19	11	5	0	0
2	2	0	2	0.983506
12	6	2	4	0.278457
17	9	4	3	0.581823
14	7	3	2	0.489459
9	5	2	2	0.509313
11	6	2	4	0.326028
17	9	4	3	0.362775
14	7	3	2	0.419871
10	6	2	4	0.281154
18	10	4	5	0
19	11	5	0	0
1	1	0	1	0
4	3	1	1	0.417599
6	4	1	3	0.284294
13	7	3	2	0.41574
10	6	2	4	0
17	9	4	3	1.15935
14	7	3	2	0.485211
9	5	2	2	0.552274
7	5	2	2	0.507007
11	6	2	4	0.302837
18	10	4	5	0
19	11	5	0	0
2	2	0	2	0
12	6	2	4	0.285015
17	9	4	3	0.525594
14	7	3	2	0.446704
9	5	2	2	0.507115
11	6	2	4	0.315477
17	9	4	3	0.341553
14	7	3	2	0.393434
10	6	2	4	0.274061
18	10	4	5	0
19	11	5	0	0
1	1	0	1	0
4	3	1	1	0.475839
6	4	1	3	0.278772
13	7	3	2	0.402147
9	5	2	2	0.53425
7	5	2	2	0.423034
7	5	2	2	0.589595
11	6	2	4	0.331302
17	9	4	3	0.69491
14	7	3	2	0.323597
10	6	2	4	0.481451
18	10	4	5	0
19	11	5	0	0
2	2	0	2	0.601507
12	6	2	4	0
17	9	4	3	0.406596
14	7	3	2	0.433151
9	5	2	2	0.50623
11	6	2	4	0.318148
18	10	4	5	0.358045
19	11	5	0	0
2	2	0	2	0.250792
12	6	2	4	0.310868
17	9	4	3	0.539905
16	8	3	5	0.440961
20	11	5	0	0.264156
1	1	0	1	0.292192
4	3	1	1	0.543365
6	4	1	3	0.305409
13	7	3	2	0.450111
10	6	2	4	0.254154
18	10	4	5	1.01264
19	11	5	0	0
1	1	0	1	0.336511
4	3	1	1	0.493852
6	4	1	3	0.287475
13	7	3	2	0.394786
9	5	2	2	0.540579
7	5	2	2	0.428567
11	6	2	4	0
17	9	4	3	0.405234
14	7	3	2	0.323718
10	6	2	4	0.470409
17	9	4	3	0.61138
16	8	3	5	0.413593
20	11	5	0	0
1	1	0	1	0.28219
5	4	1	3	0.440974
15	8	3	5	0.580532
20	11	5	0	0
1	1	0	1	0.268804
4	3	1	1	0.612198
6	4	1	3	0.284331
15	8	3	5	0.383172
20	11	5	0	0
1	1	0	1	0
5	4	1	3	0.969987
13	7	3	2	0.459741
9	5	2	2	0.879354
7	5	2	2	0
11	6	2	4	0
18	10	4	5	0
19	11	5	0	0.258572
2	2	0	2	0
12	6	2	4	0.28736
18	10	4	5	0.280625
19	11	5	0	0
2	2	0	2	0
8	5	2	2	0.506904
11	6	2	4	0.358926
17	9	4	3	0.254899
14	7	3	2	0.398893
10	6	2	4	0.272619
17	9	4	3	0.641978
16	8	3	5	0.392403
20	11	5	0	0
2	2	0	2	0.273901
8	5	2	2	0.64462
7	5	2	2	0.548912
11	6	2	4	0.300024
17	9	4	3	0.888672
14	7	3	2	0.326281
10	6	2	4	0.475719
18	10	4	5	0
19	11	5	0	0
2	2	0	2	0.577431
8	5	2	2	0.639338
11	6	2	4	0.29554
18	10	4	5	0.270786
19	11	5	0	0.259979
2	2	0	2	0
12	6	2	4	0.344487
17	9	4	3	0.269799
14	7	3	2	0.443898
9	5	2	2	0.269261
7	5	2	2	0.474615
11	6	2	4	0.433497
18	10	4	5	0
19	11	5	0	0
2	2	0	2	0
12	6	2	4	0.289068
17	9	4	3	0.286754
16	8	3	5	0.459983
20	11	5	0	0
1	1	0	1	0.294205
4	3	1	1	0.554925
6	4	1	3	0.318333
13	7	3	2	0.465923
10	6	2	4	0.250244
17	9	4	3	1.13802
16	8	3	5	0.428648
20	11	5	0	0
2	2	0	2	0.2652
8	5	2	2	0.652221
11	6	2	4	0.340397
18	10	4	5	0.274413
19	11	5	0	0
1	1	0	1	0.605779
4	3	1	1	0.97465
3	3	1	1	1.01885
6	4	1	3	0.330057
13	7	3	2	0.562638
10	6	2	4	0.250789
18	10	4	5	0.996036
19	11	5	0	0
2	2	0	2	0.469409
8	5	2	2	0.458509
7	5	2	2	0.695656
7	5	2	2	0.289396
11	6	2	4	0.40654
17	9	4	3	0.753974
14	7	3	2	0.341975
9	5	2	2	0.396223
7	5	2	2	0.347674
7	5	2	2	0.314109
11	6	2	4	0.30942
18	10	4	5	0
19	11	5	0	0
1	1	0	1	0
5	4	1	3	0.532335
13	7	3	2	0.505638
9	5	2	2	0.858402
11	6	2	4	0.573923
18	10	4	5	0
19	11	5	0	0
2	2	0	2	0.468337
8	5	2	2	0.587691
11	6	2	4	0.480172
18	10	4	5	0.250677
19	11	5	0	0.255795
1	1	0	1	0.334663
4	3	1	1	0.984085
6	4	1	3	0.811604
15	8	3	5	0.464568
20	11	5	0	0
1	1	0	1	0
4	3	1	1	1.47011
6	4	1	3	0.256944
13	7	3	2	0.463195
10	6	2	4	0.254973
18	10	4	5	1.04888
19	11	5	0	0
1	1	0	1	0.305315
5	4	1	3	0.496323
15	8	3	5	0.759395
20	11	5	0	0
1	1	0	1	0
5	4	1	3	0.464353
13	7	3	2	0.417821
10	6	2	4	0.868914
18	10	4	5	0.366089
19	11	5	0	0
1	1	0	1	0.449755
4	3	1	1	0.463431
3	3	1	1	0.464754
3	3	1	1	0.507547
6	4	1	3	0.301767
15	8	3	5	0.417466
20	11	5	0	0
2	2	0	2	0.600647
12	6	2	4	0
18	10	4	5	0.273107
19	11	5	0	0
2	2	0	2	0
8	5	2	2	0.593252
11	6	2	4	0.332437
18	10	4	5	0.255298
19	11	5	0	0
1	1	0	1	0.313963
4	3	1	1	0.969816
3	3	1	1	0.994704
3	3	1	1	0.279588
6	4	1	3	0.353025
15	8	3	5	0.376627
20	11	5	0	0
2	2	0	2	0.312433
12	6	2	4	0
18	10	4	5	0
19	11	5	0	0
1	1	0	1	0.561795
4	3	1	1	0.457053
3	3	1	1	0.609458
6	4	1	3	0.377003
15	8	3	5	0.344968
20	11	5	0	0
1	1	0	1	0
4	3	1	1	0.640723
6	4	1	3	0.286057
15	8	3	5	0.322017
20	11	5	0	0
1	1	0	1	0
5	4	1	3	1.06552
13	7	3	2	0.517334
10	6	2	4	0.706387
17	9	4	3	0.753324
16	8	3	5	0.341042
20	11	5	0	0
1	1	0	1	0
4	3	1	1	0.454839
3	3	1	1	0.332652
3	3	1	1	0.419325
3	3	1	1	0.297235
6	4	1	3	0.344429
13	7	3	2	0.512084
10	6	2	4	0
18	10	4	5	0.949073
19	11	5	0	0
1	1	0	1	0.311178
4	3	1	1	0.37848
6	4	1	3	0.311203
15	8	3	5	0.3224
20	11	5	0	0
1	1	0	1	0
5	4	1	3	0.998311
13	7	3	2	0.499178
10	6	2	4	0.742907
18	10	4	5	0.284016
19	11	5	0	0
2	2	0	2	0.619574
8	5	2	2	0.428641
7	5	2	2	0.652522
7	5	2	2	0.277765
11	6	2	4	0.391472
18	10	4	5	0
19	11	5	0	0
2	2	0	2	0.272173
12	6	2	4	0.251102
17	9	4	3	0.403388
16	8	3	5	0.35852
20	11	5	0	0.260065
2	2	0	2	0.394834
8	5	2	2	0.632628
11	6	2	4	0.305496
18	10	4	5	0
19	11	5	0	0
1	1	0	1	0.300224
4	3	1	1	0.515302
6	4	1	3	0.543714
15	8	3	5	0.355318
20	11	5	0	0
2	2	0	2	0.640133
12	6	2	4	0
17	9	4	3	0.410905
16	8	3	5	0.354652
20	11	5	0	0.262533
2	2	0	2	0.391215
8	5	2	2	0.636925
7	5	2	2	0.504626
11	6	2	4	0.263571
18	10	4	5	0
19	11	5	0	0
1	1	0	1	0.628988
4	3	1	1	0.428843
3	3	1	1	0.430706
3	3	1	1	0.296538
6	4	1	3	0.368206
15	8	3	5	0.328045
20	11	5	0	0
1	1	0	1	0
5	4	1	3	0.983728
13	7	3	2	0.534078
10	6	2	4	0.721409
17	9	4	3	0.808557
14	7	3	2	0.520534
10	6	2	4	0
18	10	4	5	0.291353
19	11	5	0	0
2	2	0	2	0.601968
12	6	2	4	0.252655
17	9	4	3	0.429934
16	8	3	5	0.354114
20	11	5	0	0.255703
1	1	0	1	0.287834
5	4	1	3	0.466841
15	8	3	5	0.472198
20	11	5	0	0
2	2	0	2	0.282135
8	5	2	2	0.612305
11	6	2	4	0.297958
17	9	4	3	0.565019
14	7	3	2	0.425887
10	6	2	4	0.266119
17	9	4	3	0.636207
16	8	3	5	0.320227
20	11	5	0	0
1	1	0	1	0.276936
4	3	1	1	0.943624
6	4	1	3	0.320078
15	8	3	5	0.311608
20	11	5	0	0
1	1	0	1	0
5	4	1	3	1.04385
15	8	3	5	0.555315
20	11	5	0	0
1	1	0	1	0.263329
4	3	1	1	0.463347
3	3	1	1	0.298795
6	4	1	3	0.620535
13	7	3	2	0.612379
10	6	2	4	0
17	9	4	3	0.838932
14	7	3	2	0.486112
10	6	2	4	0
18	10	4	5	0.302265
19	11	5	0	0
1	1	0	1	0
5	4	1	3	0.490357
15	8	3	5	0.568545
20	11	5	0	0
1	1	0	1	0
5	4	1	3	0.462805
13	7	3	2	0.425878
9	5	2	2	0.920705
7	5	2	2	0
11	6	2	4	0
17	9	4	3	0.383922
16	8	3	5	0.390622
20	11	5	0	0
1	1	0	1	0.277294
5	4	1	3	0.438235
13	7	3	2	0.431987
9	5	2	2	0.912868
7	5	2	2	0
7	5	2	2	0.563868
11	6	2	4	0.329374
17	9	4	3	0.765196
16	8	3	5	0.36494
20	11	5	0	0
1	1	0	1	0
5	4	1	3	0.947096
15	8	3	5	0.478468
20	11	5	0	0
2	2	0	2	0.559118
12	6	2	4	0
17	9	4	3	0.32394
14	7	3	2	0.442258
9	5	2	2	0
11	6	2	4	0.376667
17	9	4	3	0.359231
14	7	3	2	0.387976
9	5	2	2	0
7	5	2	2	0.411845
7	5	2	2	0.476227
7	5	2	2	0.388191
7	5	2	2	0.501261
11	6	2	4	0
17	9	4	3	0.379241
14	7	3	2	0.331936
10	6	2	4	0.596245
18	10	4	5	0
19	11	5	0	0
2	2	0	2	0.635607
12	6	2	4	0.275804
17	9	4	3	0.38002
16	8	3	5	0.39785
20	11	5	0	0
1	1	0	1	0.257501
4	3	1	1	0.480515
6	4	1	3	0.308147
13	7	3	2	0.453252
9	5	2	2	0.258967
7	5	2	2	0.373695
7	5	2	2	0.259141
7	5	2	2	0.374959
11	6	2	4	0
17	9	4	3	0.378398
14	7	3	2	0.331248
10	6	2	4	0.593304
17	9	4	3	0.551519
14	7	3	2	0.38006
9	5	2	2	0.252533
7	5	2	2	0.40771
11	6	2	4	0.607181
18	10	4	5	0
19	11	5	0	0
2	2	0	2	0
8	5	2	2	0.471216
7	5	2	2	0.447568
7	5	2	2	0
7	5	2	2	0.407565
7	5	2	2	0.312714
7	5	2	2	0
7	5	2	2	0
11	6	2	4	0.510651
17	9	4	3	0.674275
16	8	3	5	0.447792
20	11	5	0	0
2	2	0	2	0.581961
8	5	2	2	0.250612
7	5	2	2	0.384096
7	5	2	2	0
11	6	2	4	0.39097
18	10	4	5	0
19	11	5	0	0
1	1	0	1	0.268451
4	3	1	1	0.948885
6	4	1	3	0.342547
13	7	3	2	0.524074
9	5	2	2	0
7	5	2	2	0.338124
7	5	2	2	0
11	6	2	4	0.402351
18	10	4	5	0
19	11	5	0	0
1	1	0	1	0.265826
4	3	1	1	0.942873
6	4	1	3	0.304966
15	8	3	5	0.430567
20	11	5	0	0
1	1	0	1	0
5	4	1	3	1.19115
13	7	3	2	0.51133
9	5	2	2	0.792379
7	5	2	2	0
7	5	2	2	0
7	5	2	2	0.315826
11	6	2	4	0.573006
17	9	4	3	0.605439
16	8	3	5	0.460443
20	11	5	0	0
2	2	0	2	0.66261
12	6	2	4	0.563485
18	10	4	5	0.445379
19	11	5	0	0
1	1	0	1	0.293519
4	3	1	1	0.964598
3	3	1	1	0.688257
6	4	1	3	0.371664
15	8	3	5	0.381471
20	11	5	0	0
1	1	0	1	0
4	3	1	1	0.664082
3	3	1	1	0.34818
3	3	1	1	0.503324
6	4	1	3	0.339908
15	8	3	5	0.366221
20	11	5	0	0
1	1	0	1	0
4	3	1	1	1.06768
3	3	1	1	0.292775
3	3	1	1	0.354436
3	3	1	1	0.350907
3	3	1	1	0.422182
3	3	1	1	0.449242
6	4	1	3	0.678528
13	7	3	2	0.600651
9	5	2	2	0.268748
11	6	2	4	0.790007
17	9	4	3	0.570055
16	8	3	5	0.306971
20	11	5	0	0
2	2	0	2	0.64486
12	6	2	4	0.540694
17	9	4	3	0.302621
14	7	3	2	0.516598
9	5	2	2	0
7	5	2	2	0.320461
11	6	2	4	0.673867
18	10	4	5	0
19	11	5	0	0
2	2	0	2	0.516034
12	6	2	4	0.42753
17	9	4	3	0.299396
14	7	3	2	0.505386
10	6	2	4	0.664321
17	9	4	3	0.302387
14	7	3	2	0.411312
10	6	2	4	0.627355
18	10	4	5	0.282438
19	11	5	0	0
2	2	0	2	0.641224
12	6	2	4	0.380119
17	9	4	3	0.377774
16	8	3	5	0.378932
20	11	5	0	0.253472
1	1	0	1	0
5	4	1	3	0.480805
13	7	3	2	0.483904
10	6	2	4	0.923769
17	9	4	3	0.7381
14	7	3	2	0.497944
10	6	2	4	0.573331
17	9	4	3	0.339097
16	8	3	5	0.342731
20	11	5	0	0
1	1	0	1	0.273995
5	4	1	3	0.49638
13	7	3	2	0.440885
9	5	2	2	0.870854
7	5	2	2	0
7	5	2	2	0
7	5	2	2	0.332829
11	6	2	4	0.525194
18	10	4	5	0.268198
19	11	5	0	0
1	1	0	1	0.266657
4	3	1	1	0.428883
3	3	1	1	0.393263
3	3	1	1	0.34235
3	3	1	1	0.333183
6	4	1	3	0.313233
15	8	3	5	0.376778
20	11	5	0	0
2	2	0	2	0.364769
12	6	2	4	0.270975
17	9	4	3	0.349905
16	8	3	5	0.376449
20	11	5	0	0.266964
1	1	0	1	0
4	3	1	1	0.429387
3	3	1	1	0.342748
3	3	1	1	0.439775
3	3	1	1	0.282062
6	4	1	3	0.49097
15	8	3	5	0.334642
20	11	5	0	0
1	1	0	1	0
4	3	1	1	1.00532
6	4	1	3	0.288468
15	8	3	5	0.290746
20	11	5	0	0
2	2	0	2	0.692371
12	6	2	4	0.272992
18	10	4	5	0.447375
19	11	5	0	0
2	2	0	2	0.27298
8	5	2	2	0.339996
11	6	2	4	0.522116
18	10	4	5	0.641695
19	11	5	0	0
2	2	0	2	0.288708
12	6	2	4	0.446029
18	10	4	5	0.314602
19	11	5	0	0
1	1	0	1	0.299222
4	3	1	1	0.386888
6	4	1	3	0.561022
15	8	3	5	0.327878
20	11	5	0	0
1	1	0	1	0
5	4	1	3	1.19279
13	7	3	2	0.567544
9	5	2	2	0.850651
7	5	2	2	0
11	6	2	4	0.257635
17	9	4	3	0.356496
16	8	3	5	0.370886
20	11	5	0	0
1	1	0	1	0
4	3	1	1	0.425572
3	3	1	1	0.302048
3	3	1	1	0.400528
3	3	1	1	0.27522
3	3	1	1	0.389833
6	4	1	3	0.325896
15	8	3	5	0.31135
20	11	5	0	0
2	2	0	2	0.642637
8	5	2	2	0.299809
7	5	2	2	0.316696
7	5	2	2	0
11	6	2	4	0.474168
18	10	4	5	0
19	11	5	0	0
2	2	0	2	0.530138
8	5	2	2	0.36914
7	5	2	2	0.559366
7	5	2	2	0
7	5	2	2	0.403374
7	5	2	2	0.312009
7	5	2	2	0
7	5	2	2	0
11	6	2	4	0.55963
18	10	4	5	0
19	11	5	0	0
1	1	0	1	0.252526
4	3	1	1	0.372169
3	3	1	1	0.335033
6	4	1	3	0.54059
13	7	3	2	0.707065
10	6	2	4	0.640108
18	10	4	5	1.14743
19	11	5	0	0
1	1	0	1	0.273539
5	4	1	3	0.598366
13	7	3	2	0.612255
10	6	2	4	0.883027
17	9	4	3	1.19556
14	7	3	2	0.545247
10	6	2	4	0.585684
18	10	4	5	0.310392
19	11	5	0	0
2	2	0	2	0.657967
8	5	2	2	0.303539
7	5	2	2	0.350887
7	5	2	2	0
11	6	2	4	0.436413
18	10	4	5	0
19	11	5	0	0
1	1	0	1	0
5	4	1	3	0.63297
15	8	3	5	0.612723
20	11	5	0	0
2	2	0	2	0.630481
8	5	2	2	0.255313
11	6	2	4	0.439455
18	10	4	5	0.279635
19	11	5	0	0
1	1	0	1	0.296147
5	4	1	3	0.758057
13	7	3	2	0.513474
10	6	2	4	0.861283
17	9	4	3	0.856729
16	8	3	5	0.37275
20	11	5	0	0
2	2	0	2	0.583445
8	5	2	2	0.518268
7	5	2	2	0.384967
7	5	2	2	0
7	5	2	2	0.371822
11	6	2	4	0.552127
17	9	4	3	0.629939
14	7	3	2	0.400762
9	5	2	2	0.308729
11	6	2	4	0.613621
17	9	4	3	0.37552
16	8	3	5	0.378577
20	11	5	0	0
2	2	0	2	0.609296
8	5	2	2	0
7	5	2	2	0.359073
7	5	2	2	0
11	6	2	4	0.38157
18	10	4	5	0
19	11	5	0	0
2	2	0	2	0.291313
8	5	2	2	0.335389
11	6	2	4	0.979644
18	10	4	5	0.609857
19	11	5	0	0.25021
2	2	0	2	0.313526
8	5	2	2	0.447559
11	6	2	4	0.972201
17	9	4	3	0
14	7	3	2	0.499194
9	5	2	2	0
11	6	2	4	0.416933
17	9	4	3	0.325442
16	8	3	5	0.429494
20	11	5	0	0
1	1	0	1	0
5	4	1	3	0.974521
15	8	3	5	0.569736
20	11	5	0	0
1	1	0	1	0.258212
4	3	1	1	0.982572
6	4	1	3	0.344873
13	7	3	2	0.51491
10	6	2	4	0.576015
18	10	4	5	1.14124
19	11	5	0	0
2	2	0	2	0.81408
12	6	2	4	0.340593
17	9	4	3	0.470939
14	7	3	2	0.511273
9	5	2	2	0
11	6	2	4	0.415717
18	10	4	5	0.470338
19	11	5	0	0
2	2	0	2	0.309774
12	6	2	4	0.396531
18	10	4	5	0.276902
19	11	5	0	0
2	2	0	2	0.286283
12	6	2	4	0.250562
17	9	4	3	0.329981
16	8	3	5	0.428018
20	11	5	0	0.250205
2	2	0	2	0.603876
8	5	2	2	0.551913
7	5	2	2	0.391481
7	5	2	2	0
7	5	2	2	0.377894
7	5	2	2	0.259573
11	6	2	4	0.264451
17	9	4	3	0.384372
16	8	3	5	0.43948
20	11	5	0	0
1	1	0	1	0
4	3	1	1	0.976489
3	3	1	1	0.375185
3	3	1	1	0.49641
3	3	1	1	0.340073
3	3	1	1	0.486412
6	4	1	3	0.344425
15	8	3	5	0.381528
20	11	5	0	0
2	2	0	2	0.619656
8	5	2	2	0.522283
11	6	2	4	0.325468
17	9	4	3	0
14	7	3	2	0.514927
9	5	2	2	0
11	6	2	4	0.401569
17	9	4	3	0.299255
14	7	3	2	0.491772
9	5	2	2	0
11	6	2	4	0.395311
17	9	4	3	0.295226
14	7	3	2	0.480358
9	5	2	2	0
7	5	2	2	0.311236
7	5	2	2	0.36969
11	6	2	4	0.321177
17	9	4	3	0.368824
14	7	3	2	0.426237
10	6	2	4	0.560524
18	10	4	5	0.292722
19	11	5	0	0
1	1	0	1	0
4	3	1	1	0.472828
6	4	1	3	0.340539
15	8	3	5	0.392474
20	11	5	0	0
2	2	0	2	0.348985
12	6	2	4	0.508102
17	9	4	3	0
14	7	3	2	0.513285
9	5	2	2	0
7	5	2	2	0.327901
11	6	2	4	0.575089
17	9	4	3	0.625838
14	7	3	2	0.375109
10	6	2	4	0.71468
17	9	4	3	0.276567
16	8	3	5	0.394744
20	11	5	0	0
1	1	0	1	0.309088
4	3	1	1	0.954846
6	4	1	3	0.350637
13	7	3	2	0.54542
10	6	2	4	0.568935
17	9	4	3	1.11719
16	8	3	5	0.401232
20	11	5	0	0
1	1	0	1	0.311791
5	4	1	3	0.969644
15	8	3	5	0.970107
20	11	5	0	0
1	1	0	1	0.290844
4	3	1	1	0.976555
3	3	1	1	0.352497
3	3	1	1	0.485975
3	3	1	1	0.320153
3	3	1	1	0.440032
6	4	1	3	0.347855
13	7	3	2	0.617173
9	5	2	2	0.255258
11	6	2	4	0.74144
18	10	4	5	0.29915
19	11	5	0	0
2	2	0	2	0.296545
8	5	2	2	0.420996
11	6	2	4	0.539141
17	9	4	3	0
14	7	3	2	0.462281
10	6	2	4	0.614095
17	9	4	3	0.288003
16	8	3	5	0.340381
20	11	5	0	0
1	1	0	1	0.310081
4	3	1	1	0.95611
6	4	1	3	0.337805
13	7	3	2	0.518199
10	6	2	4	0.555401
17	9	4	3	1.10609
16	8	3	5	0.361841
20	11	5	0	0
1	1	0	1	0.307613
4	3	1	1	0.946424
3	3	1	1	0.329644
3	3	1	1	0.41238
6	4	1	3	0.338885
13	7	3	2	0.488811
9	5	2	2	0
7	5	2	2	0.323545
7	5	2	2	0.257749
7	5	2	2	0.316452
11	6	2	4	0.276045
18	10	4	5	0.304192
19	11	5	0	0
1	1	0	1	0.28567
5	4	1	3	0.600027
13	7	3	2	0.514768
10	6	2	4	0.852381
18	10	4	5	0.673789
19	11	5	0	0
1	1	0	1	0.388821
5	4	1	3	0.508989
13	7	3	2	0.527398
9	5	2	2	0.756721
11	6	2	4	0.688018
18	10	4	5	0
19	11	5	0	0
1	1	0	1	0.293306
4	3	1	1	0.942251
6	4	1	3	0.299717
15	8	3	5	0.366215
20	11	5	0	0
2	2	0	2	0.668666
12	6	2	4	0
18	10	4	5	0.394561
19	11	5	0	0
2	2	0	2	0.285541
12	6	2	4	0.297863
18	10	4	5	0.342175
19	11	5	0	0
2	2	0	2	0.285506
8	5	2	2	0.522511
7	5	2	2	0.477185
11	6	2	4	0.654622
18	10	4	5	0
19	11	5	0	0
2	2	0	2	0
8	5	2	2	0.447769
7	5	2	2	0.384769
11	6	2	4	0.69835
17	9	4	3	0.796176
14	7	3	2	0.363246
10	6	2	4	0.498187
17	9	4	3	0.539337
16	8	3	5	0.384838
20	11	5	0	0
2	2	0	2	0.321928
8	5	2	2	0.546113
7	5	2	2	0.389493
11	6	2	4	0.633535
17	9	4	3	0.779333
14	7	3	2	0.365787
9	5	2	2	0.318037
7	5	2	2	0.263851
11	6	2	4	0.624107
17	9	4	3	0.798554
14	7	3	2	0.367371
9	5	2	2	0.306775
7	5	2	2	0.261563
7	5	2	2	0
7	5	2	2	0.464295
11	6	2	4	0.56949
17	9	4	3	0.370712
14	7	3	2	0.3798
9	5	2	2	0.306786
7	5	2	2	0
7	5	2	2	0
11	6	2	4	0.403747
17	9	4	3	0.37764
16	8	3	5	0.497955
20	11	5	0	0
2	2	0	2	0.319023
8	5	2	2	0
7	5	2	2	0.340079
7	5	2	2	0
11	6	2	4	0.365011
17	9	4	3	0.61179
16	8	3	5	0.483228
20	11	5	0	0
1	1	0	1	0.264324
4	3	1	1	0.98445
3	3	1	1	0.413059
3	3	1	1	0.531315
3	3	1	1	0.365922
3	3	1	1	0.497003
3	3	1	1	0.420948
3	3	1	1	0.687927
6	4	1	3	0.83392
13	7	3	2	0.639524
10	6	2	4	0.433705
17	9	4	3	0.640925
14	7	3	2	0.606593
10	6	2	4	0.593828
17	9	4	3	0.327541
14	7	3	2	0.438234
10	6	2	4	0.606936
17	9	4	3	0.29293
14	7	3	2	0.432002
10	6	2	4	0.59776
17	9	4	3	0.324197
16	8	3	5	0.3675
20	11	5	0	0
2	2	0	2	0.323113
12	6	2	4	0.520037
18	10	4	5	0.686108
19	11	5	0	0
1	1	0	1	0.350585
5	4	1	3	0.990249
15	8	3	5	0.612835
20	11	5	0	0
1	1	0	1	0.287317
5	4	1	3	0.579546
13	7	3	2	0.503612
10	6	2	4	0.90626
18	10	4	5	0.568426
19	11	5	0	0
2	2	0	2	0.497797
8	5	2	2	0.341315
11	6	2	4	0.621057
17	9	4	3	0
16	8	3	5	0.450879
20	11	5	0	0.26129
2	2	0	2	0.526056
8	5	2	2	0.254372
11	6	2	4	0.438968
18	10	4	5	0.338268
19	11	5	0	0.259681
2	2	0	2	0.294584
12	6	2	4	0.421515
17	9	4	3	0
16	8	3	5	0.42139
20	11	5	0	0.268062
1	1	0	1	0
4	3	1	1	0.485585
3	3	1	1	0.373377
3	3	1	1	0.475495
3	3	1	1	0.302531
3	3	1	1	0.50363
6	4	1	3	0.329719
15	8	3	5	0.378338
20	11	5	0	0
1	1	0	1	0.281732
4	3	1	1	1.03193
6	4	1	3	0.306069
15	8	3	5	0.314406
20	11	5	0	0
1	1	0	1	0
5	4	1	3	1.20698
15	8	3	5	0.576975
20	11	5	0	0
1	1	0	1	0.295945
5	4	1	3	0.579618
13	7	3	2	0.514136
10	6	2	4	0.901486
18	10	4	5	0.544609
19	11	5	0	0
1	1	0	1	0.409362
4	3	1	1	0.361386
6	4	1	3	0.343267
13	7	3	2	0.470257
9	5	2	2	0
7	5	2	2	0.339208
7	5	2	2	0.272393
7	5	2	2	0.345047
11	6	2	4	0.533786
18	10	4	5	0.329424
19	11	5	0	0
1	1	0	1	0.285906
4	3	1	1	0.391341
3	3	1	1	0.355954
6	4	1	3	0.502845
15	8	3	5	0.329257
20	11	5	0	0
2	2	0	2	0.703094
8	5	2	2	0
7	5	2	2	0.332745
7	5	2	2	0
11	6	2	4	0.42287
17	9	4	3	0.636112
14	7	3	2	0.374362
10	6	2	4	0.537169
18	10	4	5	0.523384
19	11	5	0	0
1	1	0	1	0
4	3	1	1	0.422174
6	4	1	3	0.329424
15	8	3	5	0.358698
20	11	5	0	0
2	2	0	2	0.604825
12	6	2	4	0.515206
17	9	4	3	0
14	7	3	2	0.488612
10	6	2	4	0.57961
17	9	4	3	0.25952
14	7	3	2	0.403411
9	5	2	2	0
11	6	2	4	0.419101
17	9	4	3	0.302965
14	7	3	2	0.427597
10	6	2	4	0.597292
17	9	4	3	0.270478
14	7	3	2	0.389102
9	5	2	2	0
7	5	2	2	0.35145
11	6	2	4	0.631201
18	10	4	5	0
19	11	5	0	0.258162
1	1	0	1	0.604819
4	3	1	1	0.947858
6	4	1	3	0.426404
13	7	3	2	0.540619
9	5	2	2	0
7	5	2	2	0.353573
11	6	2	4	0.304404
17	9	4	3	0.361179
14	7	3	2	0.342418
9	5	2	2	0.321783
11	6	2	4	0.336234
17	9	4	3	0.293191
14	7	3	2	0.372532
9	5	2	2	0
7	5	2	2	0.301095
11	6	2	4	0.577991
18	10	4	5	0
19	11	5	0	0.254695
1	1	0	1	0.286209
4	3	1	1	0.946093
6	4	1	3	0.344373
13	7	3	2	0.492475
10	6	2	4	0.575821
18	10	4	5	1.19209
19	11	5	0	0
1	1	0	1	0.253721
5	4	1	3	0.542142
13	7	3	2	0.492949
10	6	2	4	0.84361
18	10	4	5	1.07041
19	11	5	0	0
1	1	0	1	0.426196
4	3	1	1	0.466484
6	4	1	3	0.299325
15	8	3	5	0.420603
20	11	5	0	0
2	2	0	2	0.628286
8	5	2	2	0.256992
11	6	2	4	0.338359
17	9	4	3	0
16	8	3	5	0.472657
20	11	5	0	0
2	2	0	2	0.581229
8	5	2	2	0.267426
7	5	2	2	0.370273
7	5	2	2	0
11	6	2	4	0.317621
17	9	4	3	0.640184
14	7	3	2	0.334627
9	5	2	2	0.300526
11	6	2	4	0.321184
17	9	4	3	0.286007
16	8	3	5	0.463094
20	11	5	0	0
1	1	0	1	0
5	4	1	3	0.50341
13	7	3	2	0.459862
9	5	2	2	0.861434
11	6	2	4	0.684283
17	9	4	3	0.703022
16	8	3	5	0.43851
20	11	5	0	0
1	1	0	1	0.254954
4	3	1	1	0.553121
3	3	1	1	0.413392
3	3	1	1	0.503335
6	4	1	3	0.326932
13	7	3	2	0.451333
9	5	2	2	0
11	6	2	4	0.549694
17	9	4	3	0.32692
16	8	3	5	0.442284
20	11	5	0	0
2	2	0	2	0.584153
8	5	2	2	0
11	6	2	4	0.43706
18	10	4	5	0.587957
19	11	5	0	0.261146
2	2	0	2	0.307512
8	5	2	2	0.407918
7	5	2	2	0.509651
7	5	2	2	0
11	6	2	4	0.416333
18	10	4	5	0
19	11	5	0	0
1	1	0	1	0.287925
5	4	1	3	0.973042
13	7	3	2	0.503655
10	6	2	4	0.846455
17	9	4	3	1.07362
16	8	3	5	0.421901
20	11	5	0	0
1	1	0	1	0.298304
4	3	1	1	0.972584
6	4	1	3	0.324578
13	7	3	2	0.467748
10	6	2	4	0.555329
18	10	4	5	1.13915
19	11	5	0	0
1	1	0	1	0.256015
4	3	1	1	0.475562
6	4	1	3	0.311369
13	7	3	2	0.397877
10	6	2	4	0.553855
17	9	4	3	1.09875
14	7	3	2	0.464452
9	5	2	2	0
11	6	2	4	0.38853
17	9	4	3	0.27184
16	8	3	5	0.466702
20	11	5	0	0
2	2	0	2	0.580967
12	6	2	4	0.268415
18	10	4	5	0.640309
19	11	5	0	0
1	1	0	1	0.328296
5	4	1	3	0.980789
13	7	3	2	0.433488
10	6	2	4	0.830982
17	9	4	3	0.61222
14	7	3	2	0.439514
10	6	2	4	0.268787
18	10	4	5	0.370961
19	11	5	0	0
2	2	0	2	0.584614
12	6	2	4	0.302862
18	10	4	5	0.432821
19	11	5	0	0
1	1	0	1	0.320538
4	3	1	1	0.974489
6	4	1	3	0.434753
13	7	3	2	0.462485
9	5	2	2	0.255215
11	6	2	4	0.535761
17	9	4	3	0.369676
16	8	3	5	0.485897
20	11	5	0	0
2	2	0	2	0.569316
8	5	2	2	0.543754
7	5	2	2	0.406223
11	6	2	4	0.580584
18	10	4	5	0
19	11	5	0	0
2	2	0	2	0
12	6	2	4	0.381465
17	9	4	3	0
14	7	3	2	0.412959
9	5	2	2	0.252606
11	6	2	4	0.330482
18	10	4	5	0.629348
19	11	5	0	0
2	2	0	2	0.288511
12	6	2	4	0.365365
17	9	4	3	0
16	8	3	5	0.46232
20	11	5	0	0.263176
1	1	0	1	0.250539
5	4	1	3	0.460373
13	7	3	2	0.439859
10	6	2	4	0.845766
18	10	4	5	0.416348
19	11	5	0	0
1	1	0	1	0.410346
5	4	1	3	0.486534
15	8	3	5	0.832611
20	11	5	0	0
2	2	0	2	0.312298
8	5	2	2	0.302616
7	5	2	2	0.40152
11	6	2	4	0.566107
17	9	4	3	0.765917
14	7	3	2	0.324473
9	5	2	2	0.333452
7	5	2	2	0.280908
11	6	2	4	0.315708
18	10	4	5	0
19	11	5	0	0
2	2	0	2	0.320747
8	5	2	2	0.555076
7	5	2	2	0.598242
11	6	2	4	0.647324
18	10	4	5	0
19	11	5	0	0
2	2	0	2	0
12	6	2	4	0.407075
18	10	4	5	0.343554
19	11	5	0	0
1	1	0	1	0.33781
4	3	1	1	0.957924
3	3	1	1	0.791138
6	4	1	3	0.368931
15	8	3	5	0.424715
20	11	5	0	0
1	1	0	1	0
4	3	1	1	0.722485
3	3	1	1	0.374048
3	3	1	1	0.526284
3	3	1	1	0.348712
6	4	1	3	0.48567
13	7	3	2	0.513584
9	5	2	2	0.288988
7	5	2	2	0.317133
7	5	2	2	0.296465
11	6	2	4	0.323675
18	10	4	5	0.259742
19	11	5	0	0
2	2	0	2	0.288599
8	5	2	2	0.293041
11	6	2	4	0.398272
17	9	4	3	0
14	7	3	2	0.443999
9	5	2	2	0
11	6	2	4	0.314192
18	10	4	5	0.391582
19	11	5	0	0
1	1	0	1	0.278543
4	3	1	1	0.954985
6	4	1	3	0.40925
13	7	3	2	0.505926
10	6	2	4	0.505826
18	10	4	5	1.16842
19	11	5	0	0
2	2	0	2	0.584886
8	5	2	2	0.346543
11	6	2	4	0.459763
18	10	4	5	0.279173
19	11	5	0	0.271012
2	2	0	2	0.290652
12	6	2	4	0.360216
18	10	4	5	0.331009
19	11	5	0	0
1	1	0	1	0.308253
5	4	1	3	0.992196
15	8	3	5	0.692434
20	11	5	0	0
1	1	0	1	0.252096
5	4	1	3	0.54854
15	8	3	5	0.61057
20	11	5	0	0
1	1	0	1	0.260804
5	4	1	3	0.530352
15	8	3	5	0.59157
20	11	5	0	0
2	2	0	2	0.313977
12	6	2	4	0.260072
18	10	4	5	0.286826
19	11	5	0	0
2	2	0	2	0.257633
12	6	2	4	0.268611
18	10	4	5	0.288455
19	11	5	0	0
2	2	0	2	0.252055
12	6	2	4	0
17	9	4	3	0.318546
16	8	3	5	0.413634
20	11	5	0	0
2	2	0	2	0.346112
8	5	2	2	0.610734
7	5	2	2	0.470093
7	5	2	2	0
11	6	2	4	0
18	10	4	5	0
19	11	5	0	0
2	2	0	2	0
12	6	2	4	0.265315
18	10	4	5	0.302663
19	11	5	0	0
1	1	0	1	0.567967
5	4	1	3	0.98995
13	7	3	2	0.483357
10	6	2	4	0.713493
18	10	4	5	0.388204
19	11	5	0	0
2	2	0	2	0.625021
12	6	2	4	0.271645
17	9	4	3	0.453813
16	8	3	5	0.425999
20	11	5	0	0
2	2	0	2	0.319501
8	5	2	2	0.628514
11	6	2	4	0.292766
18	10	4	5	0.293812
19	11	5	0	0
2	2	0	2	0.250524
12	6	2	4	0.301472
17	9	4	3	0.270032
16	8	3	5	0.429363
20	11	5	0	0
2	2	0	2	0.329403
8	5	2	2	0.63664
7	5	2	2	0.498031
11	6	2	4	0
17	9	4	3	0.801706
14	7	3	2	0.36617
10	6	2	4	0.383328
18	10	4	5	0.259218
19	11	5	0	0
1	1	0	1	0
4	3	1	1	0.489686
6	4	1	3	0.319007
15	8	3	5	0.410097
20	11	5	0	0
1	1	0	1	0.259692
5	4	1	3	1.03245
15	8	3	5	0.688751
20	11	5	0	0
1	1	0	1	0.28734
5	4	1	3	0.550976
15	8	3	5	0.578397
20	11	5	0	0
1	1	0	1	0.274012
5	4	1	3	0.534231
13	7	3	2	0.464639
9	5	2	2	0.92164
11	6	2	4	0.553936
18	10	4	5	0
19	11	5	0	0
2	2	0	2	0.461861
8	5	2	2	0.60019
11	6	2	4	0.486114
18	10	4	5	0.261139
19	11	5	0	0
2	2	0	2	0.252271
12	6	2	4	0.336107
17	9	4	3	0.271713
14	7	3	2	0.458311
9	5	2	2	0.537968
11	6	2	4	0.295817
17	9	4	3	0.278852
16	8	3	5	0.441
20	11	5	0	0
1	1	0	1	0.280032
5	4	1	3	0.963542
13	7	3	2	0.462754
10	6	2	4	0.839118
18	10	4	5	0.356688
19	11	5	0	0
2	2	0	2	0.572834
8	5	2	2	0.416131
7	5	2	2	0.644702
7	5	2	2	0.273589
11	6	2	4	0.389636
18	10	4	5	0
19	11	5	0	0
1	1	0	1	0.555764
4	3	1	1	0.497922
3	3	1	1	0.444804
6	4	1	3	0.465055
15	8	3	5	0.388551
20	11	5	0	0
2	2	0	2	0.667229
8	5	2	2	0.587871
7	5	2	2	0.41636
7	5	2	2	0
11	6	2	4	0.296166
17	9	4	3	0.706172
16	8	3	5	0.424744
20	11	5	0	0
1	1	0	1	0
5	4	1	3	0.975595
13	7	3	2	0.479182
10	6	2	4	0.847831
17	9	4	3	0.656401
14	7	3	2	0.49791
9	5	2	2	0.536499
7	5	2	2	0.414546
11	6	2	4	0.308832
17	9	4	3	0.684328
16	8	3	5	0.435547
20	11	5	0	0
2	2	0	2	0.28642
12	6	2	4	0
18	10	4	5	0.560191
19	11	5	0	0
2	2	0	2	0.258001
8	5	2	2	0.45565
7	5	2	2	0.542242
11	6	2	4	0.590995
18	10	4	5	0
19	11	5	0	0
1	1	0	1	0.624934
5	4	1	3	0.994409
13	7	3	2	0.487155
10	6	2	4	0.717534
18	10	4	5	0.725684
19	11	5	0	0
2	2	0	2	0.59671
8	5	2	2	0.367996
11	6	2	4	0.439149
18	10	4	5	0.276685
19	11	5	0	0
2	2	0	2	0.275682
12	6	2	4	0.34519
17	9	4	3	0.312845
16	8	3	5	0.46165
20	11	5	0	0
1	1	0	1	0.275171
4	3	1	1	0.534372
6	4	1	3	0.343578
15	8	3	5	0.384821
20	11	5	0	0
1	1	0	1	0
4	3	1	1	1.42964
6	4	1	3	0.27795
15	8	3	5	0.378434
20	11	5	0	0
1	1	0	1	0
5	4	1	3	1.47427
15	8	3	5	0.690746
20	11	5	0	0
1	1	0	1	0.278436
4	3	1	1	0.538749
3	3	1	1	0.353643
3	3	1	1	0.482382
3	3	1	1	0.321454
3	3	1	1	0.42511
3	3	1	1	0.383337
6	4	1	3	0.599908
15	8	3	5	0.359936
20	11	5	0	0
1	1	0	1	0
4	3	1	1	0.494844
6	4	1	3	0.325036
15	8	3	5	0.304812
20	11	5	0	0
2	2	0	2	0.650371
8	5	2	2	0.571253
11	6	2	4	0.273105
18	10	4	5	0.601223
19	11	5	0	0
2	2	0	2	0.266558
12	6	2	4	0.378509
18	10	4	5	0.265048
19	11	5	0	0
2	2	0	2	0
12	6	2	4	0.288966
18	10	4	5	0.27345
19	11	5	0	0
2	2	0	2	0
8	5	2	2	0.58456
7	5	2	2	0.602797
7	5	2	2	0
7	5	2	2	0.502777
7	5	2	2	0.64166
11	6	2	4	0
18	10	4	5	0.264092
19	11	5	0	0
2	2	0	2	0.273418
8	5	2	2	0.571811
11	6	2	4	0.374248
18	10	4	5	0.524998
19	11	5	0	0
1	1	0	1	0.322518
4	3	1	1	0.963922
6	4	1	3	0.955192
15	8	3	5	0.369006
20	11	5	0	0
2	2	0	2	0.611508
12	6	2	4	0
17	9	4	3	0.372238
14	7	3	2	0.51525
10	6	2	4	0.254051
18	10	4	5	0
19	11	5	0	0
2	2	0	2	0.597632
12	6	2	4	0.276373
18	10	4	5	0.38268
19	11	5	0	0
1	1	0	1	0.572411
5	4	1	3	0.985851
13	7	3	2	0.519417
9	5	2	2	0.904963
7	5	2	2	0.252753
11	6	2	4	0
18	10	4	5	0.280261
19	11	5	0	0
1	1	0	1	0.578773
5	4	1	3	0.675787
15	8	3	5	0.613193
20	11	5	0	0
2	2	0	2	0.565609
12	6	2	4	0
17	9	4	3	0.299528
16	8	3	5	0.383388
20	11	5	0	0
1	1	0	1	0.289987
5	4	1	3	0.493066
15	8	3	5	0.512686
20	11	5	0	0
2	2	0	2	0.287046
8	5	2	2	0.579678
11	6	2	4	0.30101
18	10	4	5	0.250061
19	11	5	0	0
1	1	0	1	0.561873
5	4	1	3	0.755962
15	8	3	5	0.563319
20	11	5	0	0
1	1	0	1	0
4	3	1	1	0.523013
3	3	1	1	0.328462
6	4	1	3	0.665665
13	7	3	2	0.624602
9	5	2	2	0.532822
11	6	2	4	0.34334
18	10	4	5	0
19	11	5	0	0
2	2	0	2	0.276829
8	5	2	2	0.508605
11	6	2	4	0.399913
18	10	4	5	0.266459
19	11	5	0	0
1	1	0	1	0.30063
4	3	1	1	0.963299
3	3	1	1	0.935627
6	4	1	3	0.367186
13	7	3	2	0.592376
9	5	2	2	0.542623
7	5	2	2	0.354061
11	6	2	4	0.250181
18	10	4	5	0
19	11	5	0	0
2	2	0	2	0.533137
12	6	2	4	0.301144
17	9	4	3	0.39515
14	7	3	2	0.472844
10	6	2	4	0
18	10	4	5	0
19	11	5	0	0
2	2	0	2	0.633109
8	5	2	2	0.369459
7	5	2	2	0.466092
7	5	2	2	0
11	6	2	4	0.302685
18	10	4	5	0
19	11	5	0	0
1	1	0	1	0.289735
4	3	1	1	0.940686
3	3	1	1	0.399366
6	4	1	3	0.473417
15	8	3	5	0.350226
20	11	5	0	0
1	1	0	1	0
4	3	1	1	0.655277
6	4	1	3	0.298061
15	8	3	5	0.329316
20	11	5	0	0
1	1	0	1	0
5	4	1	3	1.37016
13	7	3	2	0.525941
10	6	2	4	0.726988
17	9	4	3	0.76574
14	7	3	2	0.473244
10	6	2	4	0
18	10	4	5	0.287051
19	11	5	0	0
1	1	0	1	0
5	4	1	3	0.520584
15	8	3	5	0.645736
20	11	5	0	0
2	2	0	2	0.588936
8	5	2	2	0.566769
7	5	2	2	0.459347
7	5	2	2	0.258216
7	5	2	2	0.528022
7	5	2	2	0.553245
7	5	2	2	0.552949
11	6	2	4	0
17	9	4	3	0.706677
16	8	3	5	0.41505
20	11	5	0	0
1	1	0	1	0
4	3	1	1	0.967043
3	3	1	1	0.353101
3	3	1	1	0.451821
6	4	1	3	0.347566
15	8	3	5	0.354228
20	11	5	0	0
2	2	0	2	0.645805
12	6	2	4	0
18	10	4	5	0.35306
19	11	5	0	0
2	2	0	2	0
12	6	2	4	0.298871
17	9	4	3	0.366618
16	8	3	5	0.366925
20	11	5	0	0
1	1	0	1	0.269764
5	4	1	3	0.495181
13	7	3	2	0.49032
9	5	2	2	0.909291
7	5	2	2	0
11	6	2	4	0
18	10	4	5	0.253215
19	11	5	0	0
1	1	0	1	0.540291
4	3	1	1	0.466008
6	4	1	3	0.456012
13	7	3	2	0.54612
9	5	2	2	0.270774
7	5	2	2	0.402367
7	5	2	2	0.275929
7	5	2	2	0.344409
7	5	2	2	0.527151
11	6	2	4	0
17	9	4	3	0.693809
16	8	3	5	0.405255
20	11	5	0	0
1	1	0	1	0
4	3	1	1	0.964749
6	4	1	3	0.321629
13	7	3	2	0.478381
10	6	2	4	0.283269
18	10	4	5	1.13986
19	11	5	0	0
1	1	0	1	0.273925
4	3	1	1	0.423397
3	3	1	1	0.379101
3	3	1	1	0.43204
3	3	1	1	0.313339
3	3	1	1	0.442744
6	4	1	3	0.368584
15	8	3	5	0.346414
20	11	5	0	0
2	2	0	2	0.698614
12	6	2	4	0
18	10	4	5	0.288251
19	11	5	0	0
1	1	0	1	0.274681
5	4	1	3	0.634847
15	8	3	5	0.527813
20	11	5	0	0
1	1	0	1	0
4	3	1	1	0.471922
6	4	1	3	0.328465
13	7	3	2	0.478032
9	5	2	2	0.265181
11	6	2	4	0.547543
17	9	4	3	0.64642
16	8	3	5	0.36278
20	11	5	0	0
2	2	0	2	0.688907
12	6	2	4	0
17	9	4	3	0.368369
14	7	3	2	0.490391
9	5	2	2	0
7	5	2	2	0.363218
11	6	2	4	0.502142
17	9	4	3	0.749424
16	8	3	5	0.34086
20	11	5	0	0
1	1	0	1	0
4	3	1	1	0.950937
3	3	1	1	0.316678
3	3	1	1	0.394993
6	4	1	3	0.3554
13	7	3	2	0.489222
9	5	2	2	0.260959
7	5	2	2	0.34448
11	6	2	4	0.295147
18	10	4	5	0.281206
19	11	5	0	0
2	2	0	2	0.267489
8	5	2	2	0.418503
11	6	2	4	0.379475
18	10	4	5	0.328012
19	11	5	0	0
1	1	0	1	0.285333
5	4	1	3	0.989519
15	8	3	5	0.517324
20	11	5	0	0
1	1	0	1	0
5	4	1	3	0.545601
15	8	3	5	0.472419
20	11	5	0	0
1	1	0	1	0
5	4	1	3	0.523975
13	7	3	2	0.458402
10	6	2	4	0.892114
17	9	4	3	0.844435
16	8	3	5	0.331838
20	11	5	0	0
2	2	0	2	0.599127
12	6	2	4	0
17	9	4	3	0.317902
14	7	3	2	0.471855
9	5	2	2	0
11	6	2	4	0.380973
18	10	4	5	0.38289
19	11	5	0	0
2	2	0	2	0.566142
12	6	2	4	0.389577
18	10	4	5	0.268063
19	11	5	0	0
1	1	0	1	0.275772
5	4	1	3	0.589488
13	7	3	2	0.466144
9	5	2	2	0.883646
11	6	2	4	0.608155
17	9	4	3	0.955354
14	7	3	2	0.422052
9	5	2	2	0
7	5	2	2	0.371209
11	6	2	4	0.486844
18	10	4	5	0
19	11	5	0	0
2	2	0	2	0.282994
8	5	2	2	0.390917
11	6	2	4	0.411167
17	9	4	3	0.281644
16	8	3	5	0.416697
20	11	5	0	0
2	2	0	2	0.642734
8	5	2	2	0.544514
11	6	2	4	0.369695
17	9	4	3	0.553053
14	7	3	2	0.395807
9	5	2	2	0.25614
7	5	2	2	0.358204
7	5	2	2	0.424282
7	5	2	2	0.348767
7	5	2	2	0.258798
7	5	2	2	0.259088
11	6	2	4	0.26561
18	10	4	5	0
19	11	5	0	0
2	2	0	2	0.515879
12	6	2	4	0.373968
18	10	4	5	0.320839
19	11	5	0	0
1	1	0	1	0.290593
4	3	1	1	0.954985
6	4	1	3	0.875635
15	8	3	5	0.401509
20	11	5	0	0
2	2	0	2	0.697176
12	6	2	4	0
17	9	4	3	0.395052
16	8	3	5	0.409072
20	11	5	0	0
2	2	0	2	0.66045
12	6	2	4	0
18	10	4	5	0.354426
19	11	5	0	0
1	1	0	1	0.287798
4	3	1	1	0.953988
6	4	1	3	0.814952
13	7	3	2	0.558414
9	5	2	2	0.260571
7	5	2	2	0.384293
7	5	2	2	0.268039
7	5	2	2	0.336491
7	5	2	2	0.520543
11	6	2	4	0.259021
17	9	4	3	0.677496
14	7	3	2	0.351944
9	5	2	2	0.329079
11	6	2	4	0.310584
17	9	4	3	0.400162
16	8	3	5	0.377366
20	11	5	0	0
2	2	0	2	0.603944
12	6	2	4	0
18	10	4	5	0.341693
19	11	5	0	0
1	1	0	1	0.290214
4	3	1	1	0.960853
3	3	1	1	0.630466
3	3	1	1	0.282439
6	4	1	3	0.359562
15	8	3	5	0.364747
20	11	5	0	0
1	1	0	1	0
4	3	1	1	0.637104
3	3	1	1	0.290833
3	3	1	1	0.337511
6	4	1	3	0.38461
15	8	3	5	0.335507
20	11	5	0	0
1	1	0	1	0
4	3	1	1	0.908311
3	3	1	1	0.273687
3	3	1	1	0.334137
3	3	1	1	0.304852
3	3	1	1	0.376862
6	4	1	3	0.432991
15	8	3	5	0.30628
20	11	5	0	0
2	2	0	2	0.679636
12	6	2	4	0
18	10	4	5	0.310964
19	11	5	0	0
1	1	0	1	0.284019
5	4	1	3	0.673261
13	7	3	2	0.538127
9	5	2	2	0.857984
11	6	2	4	0.641319
17	9	4	3	0.878512
14	7	3	2	0.480923
10	6	2	4	0.573336
17	9	4	3	0.58645
14	7	3	2	0.417559
9	5	2	2	0
7	5	2	2	0.380944
7	5	2	2	0
7	5	2	2	0.447704
7	5	2	2	0
11	6	2	4	0.267025
17	9	4	3	0.623384
16	8	3	5	0.379763
20	11	5	0	0
1	1	0	1	0
5	4	1	3	0.971412
13	7	3	2	0.492554
9	5	2	2	0.860126
11	6	2	4	0.68675
18	10	4	5	0
19	11	5	0	0
2	2	0	2	0.52831
8	5	2	2	0.252204
7	5	2	2	0.54714
11	6	2	4	0.789384
17	9	4	3	0.813448
16	8	3	5	0.385006
20	11	5	0	0
1	1	0	1	0
5	4	1	3	0.973696
13	7	3	2	0.489697
9	5	2	2	0.849184
11	6	2	4	0.68419
18	10	4	5	0
19	11	5	0	0
1	1	0	1	0.283275
4	3	1	1	0.928558
3	3	1	1	0.341634
6	4	1	3	0.522174
15	8	3	5	0.329307
20	11	5	0	0
2	2	0	2	0.770374
12	6	2	4	0.257676
18	10	4	5	0.297122
19	11	5	0	0
2	2	0	2	0.285691
12	6	2	4	0.319589
17	9	4	3	0.329058
16	8	3	5	0.36713
20	11	5	0	0.253927
2	2	0	2	0.647838
8	5	2	2	0.53504
7	5	2	2	0.39208
11	6	2	4	0.631235
18	10	4	5	0
19	11	5	0	0
1	1	0	1	0.571542
5	4	1	3	0.987715
13	7	3	2	0.498568
10	6	2	4	0.848089
17	9	4	3	1.08499
16	8	3	5	0.354484
20	11	5	0	0
1	1	0	1	0.263049
5	4	1	3	0.968377
15	8	3	5	0.512043
20	11	5	0	0
1	1	0	1	0
4	3	1	1	0.966523
6	4	1	3	0.319677
15	8	3	5	0.318521
20	11	5	0	0
1	1	0	1	0
4	3	1	1	1.01125
6	4	1	3	0.270903
15	8	3	5	0.308795
20	11	5	0	0
2	2	0	2	0.718515
12	6	2	4	0
18	10	4	5	0.382248
19	11	5	0	0
1	1	0	1	0.285186
4	3	1	1	0.410693
6	4	1	3	0.530293
13	7	3	2	0.536852
10	6	2	4	0.557812
18	10	4	5	1.1913
19	11	5	0	0
2	2	0	2	0.714583
12	6	2	4	0.310728
18	10	4	5	0.508804
19	11	5	0	0
2	2	0	2	0.273091
8	5	2	2	0.502384
7	5	2	2	0.575903
11	6	2	4	0.627493
17	9	4	3	0.944731
14	7	3	2	0.341267
9	5	2	2	0.304233
11	6	2	4	0.293849
18	10	4	5	0.411429
19	11	5	0	0
2	2	0	2	0.289263
8	5	2	2	0.417125
11	6	2	4	0.358858
17	9	4	3	0.256136
14	7	3	2	0.445787
9	5	2	2	0
7	5	2	2	0.353421
7	5	2	2	0.425166
11	6	2	4	0.269792
18	10	4	5	0.262958
19	11	5	0	0
2	2	0	2	0.561769
8	5	2	2	0.303877
11	6	2	4	0.414956
18	10	4	5	0.527236
19	11	5	0	0
2	2	0	2	0.288509
8	5	2	2	0.505303
11	6	2	4	0.431153
18	10	4	5	0.281796
19	11	5	0	0
2	2	0	2	0.287846
12	6	2	4	0.372188
18	10	4	5	0
19	11	5	0	0
1	1	0	1	0.295075
4	3	1	1	0.936344
3	3	1	1	0.599092
3	3	1	1	0.285652
6	4	1	3	0.372389
15	8	3	5	0.374219
20	11	5	0	0
1	1	0	1	0
4	3	1	1	0.631716
6	4	1	3	0.298971
13	7	3	2	0.528251
9	5	2	2	0.251332
7	5	2	2	0.395261
11	6	2	4	0.273686
18	10	4	5	0.269278
19	11	5	0	0
2	2	0	2	0.261694
8	5	2	2	0.367194
11	6	2	4	0.350421
17	9	4	3	0.272298
14	7	3	2	0.470978
10	6	2	4	0.561866
17	9	4	3	0.655508
16	8	3	5	0.35672
20	11	5	0	0
1	1	0	1	0.262931
4	3	1	1	0.964141
3	3	1	1	0.35737
6	4	1	3	0.627459
15	8	3	5	0.330624
20	11	5	0	0
2	2	0	2	0.728137
8	5	2	2	0.555344
7	5	2	2	0.384019
11	6	2	4	0.592636
18	10	4	5	0
19	11	5	0	0
2	2	0	2	0
12	6	2	4	0.369167
17	9	4	3	0.260924
16	8	3	5	0.389049
20	11	5	0	0
1	1	0	1	0.254941
5	4	1	3	0.521122
15	8	3	5	0.514773
20	11	5	0	0
2	2	0	2	0.310904
8	5	2	2	0.545883
7	5	2	2	0.408186
7	5	2	2	0
11	6	2	4	0.310431
18	10	4	5	0
19	11	5	0	0
2	2	0	2	0.257544
8	5	2	2	0.370938
11	6	2	4	0.443065
17	9	4	3	0
16	8	3	5	0.401109
20	11	5	0	0
2	2	0	2	0.584617
8	5	2	2	0.547001
7	5	2	2	0.413738
7	5	2	2	0
7	5	2	2	0.395627
11	6	2	4	0.252421
17	9	4	3	0.658555
14	7	3	2	0.410177
9	5	2	2	0.327186
7	5	2	2	0.273049
11	6	2	4	0.364505
18	10	4	5	0
19	11	5	0	0
2	2	0	2	0.347482
8	5	2	2	0.272235
7	5	2	2	0.56437
7	5	2	2	0
7	5	2	2	0.953368
11	6	2	4	0.269515
18	10	4	5	0.287881
19	11	5	0	0
1	1	0	1	0.261862
5	4	1	3	0.984247
15	8	3	5	0.682276
20	11	5	0	0
2	2	0	2	0.591884
8	5	2	2	0.261998
11	6	2	4	0.371779
17	9	4	3	0
14	7	3	2	0.486544
9	5	2	2	0
11	6	2	4	0.361624
18	10	4	5	0.458374
19	11	5	0	0
2	2	0	2	0.303291
12	6	2	4	0.423051
17	9	4	3	0.257665
16	8	3	5	0.432384
20	11	5	0	0
1	1	0	1	0
5	4	1	3	0.962702
13	7	3	2	0.532909
9	5	2	2	0.861224
7	5	2	2	0
11	6	2	4	0.268469
18	10	4	5	0.286754
19	11	5	0	0
1	1	0	1	0.327526
5	4	1	3	0.698636
15	8	3	5	0.662634
20	11	5	0	0
1	1	0	1	0
5	4	1	3	0.57662
15	8	3	5	0.560121
20	11	5	0	0
1	1	0	1	0
4	3	1	1	0.593822
3	3	1	1	0.367689
6	4	1	3	0.68928
15	8	3	5	0.342324
20	11	5	0	0
1	1	0	1	0
4	3	1	1	0.696959
6	4	1	3	0.308599
15	8	3	5	0.340224
20	11	5	0	0
2	2	0	2	0.700232
8	5	2	2	0
7	5	2	2	0.310764
11	6	2	4	0.674732
18	10	4	5	0
19	11	5	0	0
2	2	0	2	0
8	5	2	2	0.431688
7	5	2	2	0.385944
11	6	2	4	0.716312
18	10	4	5	0
19	11	5	0	0
1	1	0	1	0.555216
4	3	1	1	0.97422
6	4	1	3	0.501539
15	8	3	5	0.378992
20	11	5	0	0
2	2	0	2	0.690753
12	6	2	4	0.251729
17	9	4	3	0.362975
14	7	3	2	0.52538
9	5	2	2	0
7	5	2	2	0.334976
7	5	2	2	0.413938
11	6	2	4	0.288436
17	9	4	3	0.375514
14	7	3	2	0.411737
9	5	2	2	0.305019
7	5	2	2	0.261092
7	5	2	2	0
7	5	2	2	0.446471
11	6	2	4	0.572694
18	10	4	5	0.256302
19	11	5	0	0
2	2	0	2	0.323037
12	6	2	4	0.310287
17	9	4	3	0.361751
16	8	3	5	0.432175
20	11	5	0	0
1	1	0	1	0
5	4	1	3	0.527367
15	8	3	5	0.549787
20	11	5	0	0
2	2	0	2	0.330758
8	5	2	2	0
11	6	2	4	0.397337
18	10	4	5	0.531353
19	11	5	0	0
2	2	0	2	0.304692
8	5	2	2	0.37643
11	6	2	4	0.42751
17	9	4	3	0
16	8	3	5	0.429477
20	11	5	0	0
1	1	0	1	0
5	4	1	3	0.979486
13	7	3	2	0.533421
9	5	2	2	0.85473
7	5	2	2	0
7	5	2	2	0.254428
11	6	2	4	0.370838
18	10	4	5	0
19	11	5	0	0
1	1	0	1	0.277515
4	3	1	1	0.940148
3	3	1	1	0.395215
6	4	1	3	0.497564
13	7	3	2	0.683874
9	5	2	2	0
7	5	2	2	0.264273
7	5	2	2	0
7	5	2	2	0.287294
11	6	2	4	0.53515
18	10	4	5	0
19	11	5	0	0
2	2	0	2	0.321257
8	5	2	2	0
11	6	2	4	0.488453
18	10	4	5	0.329144
19	11	5	0	0
1	1	0	1	0.313185
4	3	1	1	0.977975
6	4	1	3	0.930005
13	7	3	2	0.601499
10	6	2	4	0.640648
17	9	4	3	1.22719
14	7	3	2	0.546709
9	5	2	2	0
7	5	2	2	0.325629
11	6	2	4	0.650007
17	9	4	3	0.728778
14	7	3	2	0.354084
10	6	2	4	0.76547
17	9	4	3	0.357784
14	7	3	2	0.417345
9	5	2	2	0
7	5	2	2	0.315892
7	5	2	2	0
11	6	2	4	0.372177
18	10	4	5	0
19	11	5	0	0
2	2	0	2	0.555408
8	5	2	2	0.326172
7	5	2	2	0.385772
11	6	2	4	0.728929
17	9	4	3	0.881722
16	8	3	5	0.462523
20	11	5	0	0
2	2	0	2	0.61443
12	6	2	4	0.553493
18	10	4	5	0.396783
19	11	5	0	0
1	1	0	1	0.31597
5	4	1	3	0.988163
13	7	3	2	0.489986
9	5	2	2	0.811884
7	5	2	2	0
7	5	2	2	0.253498
7	5	2	2	0.287296
11	6	2	4	0.529609
18	10	4	5	0.250911
19	11	5	0	0
1	1	0	1	0.259234
4	3	1	1	0.959034
6	4	1	3	0.321163
15	8	3	5	0.44592
20	11	5	0	0
2	2	0	2	0.673124
12	6	2	4	0.541766
18	10	4	5	0.468037
19	11	5	0	0
1	1	0	1	0.299198
4	3	1	1	0.965886
3	3	1	1	0.681834
6	4	1	3	0.39559
15	8	3	5	0.386501
20	11	5	0	0
2	2	0	2	0.750964
8	5	2	2	0.250993
11	6	2	4	0.361402
18	10	4	5	0.311002
19	11	5	0	0
1	1	0	1	0.313418
5	4	1	3	0.769328
15	8	3	5	0.621373
20	11	5	0	0
2	2	0	2	0.60428
8	5	2	2	0.256371
7	5	2	2	0.327569
7	5	2	2	0
7	5	2	2	0.369972
11	6	2	4	0.552601
18	10	4	5	0
19	11	5	0	0
2	2	0	2	0.59087
12	6	2	4	0.563963
18	10	4	5	0.423106
19	11	5	0	0
1	1	0	1	0.292782
4	3	1	1	0.973866
6	4	1	3	0.524996
15	8	3	5	0.416932
20	11	5	0	0
1	1	0	1	0
5	4	1	3	1.24412
15	8	3	5	0.655798
20	11	5	0	0
2	2	0	2	0.597788
12	6	2	4	0.292695
18	10	4	5	0.360974
19	11	5	0	0
2	2	0	2	0.288862
12	6	2	4	0.340306
17	9	4	3	0.354653
16	8	3	5	0.405028
20	11	5	0	0
2	2	0	2	0.65339
12	6	2	4	0.252464
18	10	4	5	0.35753
19	11	5	0	0
2	2	0	2	0.277932
12	6	2	4	0.364247
18	10	4	5	0.306473
19	11	5	0	0
1	1	0	1	0.304975
4	3	1	1	0.484938
6	4	1	3	0.886853
15	8	3	5	0.376199
20	11	5	0	0
2	2	0	2	0.657677
12	6	2	4	0
18	10	4	5	0.384864
19	11	5	0	0
1	1	0	1	0.542816
4	3	1	1	0.941501
6	4	1	3	0.547365
15	8	3	5	0.36528
20	11	5	0	0
1	1	0	1	0
5	4	1	3	1.44165
15	8	3	5	0.589086
20	11	5	0	0
2	2	0	2	0.564332
12	6	2	4	0
18	10	4	5	0.310365
19	11	5	0	0
1	1	0	1	0.537743
4	3	1	1	0.439622
6	4	1	3	0.525998
13	7	3	2	0.576479
10	6	2	4	0.287729
18	10	4	5	1.19388
19	11	5	0	0
2	2	0	2	0.73001
12	6	2	4	0.284955
18	10	4	5	0.448584
19	11	5	0	0
2	2	0	2	0.251711
12	6	2	4	0.315204
18	10	4	5	0.269739
19	11	5	0	0
1	1	0	1	0.542019
5	4	1	3	0.984786
13	7	3	2	0.476804
9	5	2	2	0.885983
7	5	2	2	0
7	5	2	2	0.576988
7	5	2	2	0.410801
7	5	2	2	0.596987
7	5	2	2	0.558218
11	6	2	4	0
17	9	4	3	0.721999
14	7	3	2	0.345446
10	6	2	4	0.529514
17	9	4	3	0.660534
16	8	3	5	0.361735
20	11	5	0	0
2	2	0	2	0.302335
12	6	2	4	0
18	10	4	5	0.269723
19	11	5	0	0
1	1	0	1	0.28813
5	4	1	3	0.980864
15	8	3	5	0.548089
20	11	5	0	0
2	2	0	2	0.562722
12	6	2	4	0
18	10	4	5	0.27463
19	11	5	0	0
1	1	0	1	0.537096
4	3	1	1	0.953897
3	3	1	1	0.856425
3	3	1	1	0.271625
3	3	1	1	0.337619
6	4	1	3	0.305181
15	8	3	5	0.318968
20	11	5	0	0
2	2	0	2	0.608572
12	6	2	4	0
18	10	4	5	0.345939
19	11	5	0	0
1	1	0	1	0.55606
4	3	1	1	0.423731
6	4	1	3	0.521308
15	8	3	5	0.331338
20	11	5	0	0
2	2	0	2	0.648691
12	6	2	4	0
17	9	4	3	0.436268
16	8	3	5	0.34648
20	11	5	0	0
1	1	0	1	0.29057
4	3	1	1	0.411473
3	3	1	1	0.322371
6	4	1	3	0.630971
15	8	3	5	0.274119
20	11	5	0	0
2	2	0	2	0.697953
8	5	2	2	0.621608
11	6	2	4	0.298703
18	10	4	5	0
19	11	5	0	0
2	2	0	2	0.25448
12	6	2	4	0.310748
17	9	4	3	0.585292
16	8	3	5	0.335821
20	11	5	0	0
1	1	0	1	0.301499
5	4	1	3	0.492998
13	7	3	2	0.492266
9	5	2	2	0.908517
11	6	2	4	0.569085
17	9	4	3	0.986923
14	7	3	2	0.455344
9	5	2	2	0.254298
11	6	2	4	0.313683
18	10	4	5	0.33771
19	11	5	0	0
2	2	0	2	0.257709
12	6	2	4	0.318882
17	9	4	3	0.577572
14	7	3	2	0.473249
10	6	2	4	0.262858
18	10	4	5	0
19	11	5	0	0
1	1	0	1	0
4	3	1	1	0.420375
3	3	1	1	0.355476
3	3	1	1	0.41314
6	4	1	3	0.356259
13	7	3	2	0.507101
9	5	2	2	0.54456
11	6	2	4	0.522623
17	9	4	3	0.681561
14	7	3	2	0.441817
9	5	2	2	0.252107
11	6	2	4	0.293542
18	10	4	5	0.333652
19	11	5	0	0
2	2	0	2	0.253882
12	6	2	4	0.314968
17	9	4	3	0.579067
16	8	3	5	0.375724
20	11	5	0	0
1	1	0	1	0.293713
4	3	1	1	0.451482
6	4	1	3	0.333643
15	8	3	5	0.315945
20	11	5	0	0
1	1	0	1	0
5	4	1	3	1.11442
15	8	3	5	0.569803
20	11	5	0	0
2	2	0	2	0.283574
12	6	2	4	0
18	10	4	5	0.272787
19	11	5	0	0
1	1	0	1	0.583174
4	3	1	1	0.424445
3	3	1	1	0.539801
6	4	1	3	0.382661
13	7	3	2	0.618244
9	5	2	2	0.269851
11	6	2	4	0.366284
18	10	4	5	0
19	11	5	0	0
2	2	0	2	0.277089
12	6	2	4	0.274761
18	10	4	5	0
19	11	5	0	0
1	1	0	1	0.575968
4	3	1	1	0.493902
3	3	1	1	0.622481
6	4	1	3	0.611034
13	7	3	2	0.607127
10	6	2	4	0
18	10	4	5	0.897256
19	11	5	0	0
1	1	0	1	0.305475
5	4	1	3	0.525713
13	7	3	2	0.518438
9	5	2	2	0.868462
11	6	2	4	0.528921
18	10	4	5	0
19	11	5	0	0
2	2	0	2	0.604759
8	5	2	2	0.662205
11	6	2	4	0.469384
17	9	4	3	0.627437
16	8	3	5	0.405249
20	11	5	0	0
2	2	0	2	0.336204
8	5	2	2	0.668924
7	5	2	2	0.509686
7	5	2	2	0.260919
7	5	2	2	0.727477
11	6	2	4	0
18	10	4	5	0
19	11	5	0	0
1	1	0	1	0.500969
5	4	1	3	0.589959
13	7	3	2	0.514026
9	5	2	2	0.859387
7	5	2	2	0
11	6	2	4	0
17	9	4	3	0.680201
14	7	3	2	0.360889
10	6	2	4	0.550629
18	10	4	5	0
19	11	5	0	0
2	2	0	2	0.641005
8	5	2	2	0.629218
7	5	2	2	0.404915
7	5	2	2	0
7	5	2	2	0.529403
11	6	2	4	0
18	10	4	5	0
19	11	5	0	0
1	1	0	1	0
5	4	1	3	0.968893
13	7	3	2	0.49848
10	6	2	4	0.802141
18	10	4	5	0.801542
19	11	5	0	0
1	1	0	1	0.915346
5	4	1	3	0.470961
15	8	3	5	0.756266
20	11	5	0	0
2	2	0	2	0.575545
8	5	2	2	0.590059
11	6	2	4	0.305421
17	9	4	3	0.598523
16	8	3	5	0.416866
20	11	5	0	0
1	1	0	1	0
5	4	1	3	0.9623
13	7	3	2	0.439772
10	6	2	4	0.882461
17	9	4	3	0.829595
16	8	3	5	0.40933
20	11	5	0	0
1	1	0	1	0.255885
4	3	1	1	0.977609
3	3	1	1	0.396009
3	3	1	1	0.481184
6	4	1	3	0.310539
13	7	3	2	0.449786
10	6	2	4	0.264117
17	9	4	3	1.20142
16	8	3	5	0.423335
20	11	5	0	0
1	1	0	1	0.266133
4	3	1	1	0.964621
3	3	1	1	0.360356
6	4	1	3	0.55555
15	8	3	5	0.325718
20	11	5	0	0
2	2	0	2	0.707728
8	5	2	2	0.590524
11	6	2	4	0.298909
18	10	4	5	0
19	11	5	0	0
