0.270024
0.642333
0.739936
0.424654
0
0
0.386198
0
0
0
0.63729
0.604861
0.405336
0
0
0.307549
0.582941
0.503079
0.341629
0.475401
0.73602
0.897672
0
0.28619
0.270548
0.265671
0.261256
0.25642
0.251672
0
0.625152
0.253784
0.410916
0
0.283035
0.49559
0.382009
0.416453
0
0.635097
0.622736
0.331015
0
0.570409
0.491494
0.348213
0
0
0.62474
0.302615
0.384107
0
0.622899
0.439962
0.387982
0.36916
0
0
0
0.275249
0.424571
0
0.569648
0.968547
0.342933
0
0
0.294014
0.278295
0.369785
0
0
0
0.28629
0.31198
0.412863
0.525509
0.546227
0
0.616942
0
0.526304
0.736522
0.900509
0.800452
0
0.621793
0.939635
0.563221
0
0.254997
0.717772
0.519824
0.346514
0.351927
0.605773
0.566002
0
0.55896
0.605987
0.363166
0
0
0.268379
0.279905
0.48241
0
0
0.59465
0.946741
0.337594
0
0.783834
0.484487
0.344297
0.378602
0.915388
0
0.535976
0.609567
0.354584
0
0.53029
0.400893
0.394571
0.609843
0.36051
0
0.567497
0.963746
0.361588
0.573692
0.387773
0.296745
0
0.291585
0.410812
0.356802
0
0
0.691893
0.585784
0.297844
0.345412
0.29394
0.56361
0
0
0.72442
0.490448
0.484789
0.407779
0.495167
0.418767
0.27026
0
0.538392
0.96463
0.315741
0
0.265057
0.373038
0.363571
0.540545
0.411521
0.272956
0
0.294446
0.625306
0
0
0.288172
0
0.307302
0.401362
0.416857
0.672284
0.368124
0
0.269173
0.355486
0.312812
0.339651
0.250318
0.32619
0.347071
0.397734
0.396494
0.336109
0.851119
0
0
0.434683
0.546546
0.773587
0.384291
0.25598
0.32128
0.317107
0.35383
0
0.310714
0.479722
0
0
0.532913
0
0.307397
0.376837
0.331078
0.303752
0.38677
0.611719
0.362312
0
0.256766
0.521807
0.339759
0.353138
0.357368
0
0.308632
0.46591
0.59457
0.362619
0
0.276297
0.650407
0.681877
0.410018
0.526819
0.965678
0
0.336801
0
0.27959
0.637554
0
0
0.269366
0.662473
0
0
0.266988
0
0.265011
0.401291
0.382053
0.512962
0.362398
0
0.304054
0.530051
0.334084
0
0.301144
0.512178
0.463215
0.324888
0.263335
0.460069
0.651031
0.840513
0.595879
0.250584
0
0
0.661478
0.67327
0.414348
0.448528
0.362217
0.383429
0.604286
0.336457
0.414449
0
0.333693
0.528274
0.329368
0.374105
0.347317
0.333461
0.519998
0
0.260568
0
0.538651
0.412262
0.32625
0.275643
0.294136
0.285731
0.391741
0.525895
0.467444
0.836439
0.274394
0
0
0
0.253779
0.542656
0
0.257147
0.695343
0.277488
0
0.262298
0
0.273874
0.466894
0
0.28008
0.948415
0.368099
0.389456
0.314704
0.943649
0
0
0.634993
0.38573
0.415621
0.555637
0.576008
0.699535
0
0
0
0
0.349385
0.345307
0.386192
0.256049
0
0
0
0.257452
0.39538
0
0.556832
0.979581
0.637452
0
0.493063
0.431432
0.365364
0.282068
0
0.291247
0.498585
0.300543
0
0.422594
0
0
0.258433
0.334411
0.429227
0.258928
0
0
0.611033
0
0
0.56162
0.481445
0.467631
0
0
0.287468
0.27847
0.26468
0
0.537853
0.950933
0.370154
0.465607
0.279319
0
0
0.625753
0.260217
0
0
0.587894
0.413718
0.421969
0.605975
0.858836
0.298749
0.62307
0.426745
0.610828
0
0
0.611041
0.461471
0.470577
0
0
0.363991
0
0
0.559552
0.555314
0
0.376099
0.390218
0
0
0.436431
0
0
0.275713
0
0.252892
0
0.271451
0.940497
0.446132
0
0.308042
0.439605
0.457199
0.377473
0.376205
0.3809
0.310256
0.56925
0.490091
0
0.277121
0.468284
0.422752
0
0.287305
0.409265
0.689217
0.305784
0.384291
0.352164
0.448791
0.401342
0.407809
0.416136
0.316056
0
0.277382
0.265478
0.37442
0.410996
0
0
0
0.597841
0
0
0.262701
0.590291
0.410205
0.439033
0.601437
0.864387
0.301212
0
0
0.593325
0.962709
0.261775
0.392481
0.369194
0.377254
0.301962
0.323298
0.321103
0.316963
0.369334
0.61579
0.4357
0
0.308181
0.266603
0.35188
0.417794
0.410496
0
0
0.533288
0.950917
0.390175
0
0.265581
0.373895
0.359609
0.512779
0.399676
0.430365
0.370919
0.268532
0
0.53924
0.950397
0.328188
0.364757
0.293982
0
0.374553
0
0.302648
0.478807
0.366919
0
0.528692
0.339601
0.326596
0.417889
0.312367
0.394484
0.395166
0.746319
0
0
0.614778
0
0
0.266643
0.500165
0.619053
0.726343
0.375678
0.338333
0.276678
0
0.386577
0
0.263847
0.56723
0
0
0.279705
0.483538
0
0.424772
0.252741
0.339223
0.357141
0.443028
0.381911
0.424225
0.300037
0
0.547045
0.953594
0.38622
0
0.252032
0.351517
0.399399
0
0.540278
0.286733
0.356081
0.325625
0.715552
0.462166
0
0.2627
0.430514
0.3286
0.383066
0.329502
0.274193
0
0.284432
0.41411
0.382117
0.352284
0.514403
0.363871
0.333856
0.550606
0.45566
0.327913
0
0
0.276343
0.613154
0
0
0.283877
0
0
0.391814
0
0.540751
0.584291
0.655431
0.377636
0.529544
0.829538
0.314425
0.637155
0.416855
0.627568
0.652897
0
0.419193
0
0.304346
0.540111
0.454349
0
0.468956
0.41837
0.319819
0.271395
0
0.283413
0.41482
0.379101
0.345854
0.514699
0.273909
0
0
0
0.260663
0.37895
0
0
0
0.603378
0.404193
0.359403
0.383081
0.61874
0.484234
0
0.313504
0.263089
0.296425
0.310079
0
0.26812
0.97034
0.614306
0
0.287482
0.414649
0.688509
0.312194
0.275882
0.343699
0
0
0.306443
0.607385
0
0
0.263387
0.597916
0.401948
0.435705
0
0
0.301
0
0
0.336419
0.456696
0.251645
0.398898
0.257448
0.288374
0
0
0.293039
0
0.542814
0.965766
0.375427
0
0.254313
0.318396
0.354966
0.374596
0.357516
0.331598
0
0
0.557979
0.954102
0.292578
0.377697
0.250077
0.375747
0.325337
0.672501
0.796916
0.41883
0.254234
0.298197
0.267976
0
0.390382
0.375735
0.375846
0
0
0
0
0
0.376688
0
0
0
0.637212
0.450381
0.390201
0.685849
0.403032
0
0.282561
0.585362
0.373659
0.394578
0.288862
0
0.314714
0.402919
0
0
0
0
0
0.412315
0.523586
0
0.58121
0.463042
0.376711
0.444591
0.436046
0.307566
0
0
0
0
0.355392
0
0.517885
0.952951
0.566651
0
0.509643
0.480529
0.396016
0.410021
0.483686
0.334513
0.382009
0.37783
0.690655
0.269325
0
0.350999
0
0.596358
0.563303
0.339929
0.40916
0.414643
0.292089
0.315928
0.352738
0
0
0
0.596876
0
0
0.296035
0.49773
0.40722
0
0.265404
0.296698
0.264589
0.260499
0
0.522238
0.950461
0.390589
0
0.264176
0.387665
0.668463
0.420694
0
0
0.278254
0.611975
0.394255
0.638257
0.465043
0
0.270827
0.292943
0.268298
0.36892
0.490356
0
0.592222
0.456598
0.369517
0.383822
0
0.38421
0.370684
0.405401
0
0.351418
0.356708
0.383318
0
0.260642
0.309034
0.33542
0.354384
0
0
0.584695
0.946283
0.278666
0.358065
0
0.296876
0.604761
0
0
0.321236
0.607075
0.669562
0.436858
0.590525
0.864239
0.294812
0
0
0.590417
0.944791
0.268009
0.436088
0.441118
0.310312
0
0
0.629719
0.255532
0
0.295304
0.502784
0.400917
0.430222
0.261404
0
0.334095
0
0
0.27567
0.612037
0.3855
0
0
0
0.576647
0.690879
0.410962
0
0
0.284411
0
0.272861
0
0
0.557834
0.265368
0
0.253515
0.570474
0.260751
0
0.254647
0
0
0.357881
0
0
0.515312
0.417466
0.397948
0
0.629785
0.456743
0.369905
0.442746
0.386571
0.402659
0.303858
0
0.577977
0.411463
0.376165
0
0.251468
0
0
0.250641
0
0.795147
0.55568
0.288599
0.493403
0.279074
0.503989
0.469653
0.45294
0
0
0.334893
0.38109
0.277914
0
0
0.607797
0.687827
0.462279
0.67554
0.444655
0.618088
0
0
0.263404
0
0
0.363027
0.52534
0.416564
0.499191
0
0
0.320923
0
0.612195
0.4291
0.36477
0.365401
0
0.297439
0.266177
0
0
0.26337
0.283295
0
0.43513
0.383717
0.340305
0
0
0.637505
0.972288
0.390487
0.494707
0
0.750144
0
0
0.296515
0
0.392416
0.486616
0
0.603206
0.528918
0.327684
0
0
0.409891
0
0
0.350267
0.419209
0
0.374549
0
0.306921
0.265886
0
0
0.321511
0.304361
0
0
0.2689
0.276948
0
0
0.262981
0.273426
0.806422
0.311065
0.677725
0.474646
0.775333
0.950328
0.572183
0.361107
0.347551
0.343152
0.316748
0.639513
0.409113
0
0.282016
0.396276
0.379262
0
0.254364
0.719633
0.599626
0.28938
0.463488
0.30252
0.490605
0.339437
0
0.301069
0
0.635101
0.449812
0.379511
0
0
0
0
0
0.394743
0.447448
0
0.593848
0.604091
0.397626
0.482771
0.281572
0
0
0
0.654038
0.516908
0.353192
0.300293
0.341086
0.61211
0.378753
0
0.276494
0.367863
0.349782
0.798113
0.477543
0.475927
0.320533
0
0.62425
0.952583
0.465144
0.801879
0.381842
0.252795
0.297536
0.292612
0.838571
0.366808
0
0
0.295763
0
0.287504
0
0.532958
0.40898
0.250418
0.457355
0.44878
0.304822
0
0.632867
0.94219
0.379669
0.324135
0
0.40383
0.276363
0.599253
0
0.771873
0.491146
0.412252
0.29368
0
0.608346
0.428687
0.412904
0
0
0.733053
0.488423
0.306985
0.419997
0.250619
0.483171
0
0
0
0.874454
0.54948
0.377457
0.267252
0
0.252028
0
0
0.288442
0
0.267879
0
0.258213
0.561854
0
0
0.317068
0.589317
0.442088
0.460907
0.46131
0
0
0.520611
0.567911
0.358467
0.43132
0.264428
0.771944
0
0.294759
0.607306
0.301464
0
0.316863
0.394693
0.386712
0.44622
0.257069
0
0.560705
0.564377
0.301171
0
0.285331
0.374922
0.361479
0.426264
0
0
0.299692
0.457443
0.285987
0.377151
0.368842
0.257352
0
0.267961
0
0.655823
0.352951
0
0
0.255147
0.423933
0.559187
0
0.720122
0.412513
0.352793
0.250703
0
0.273885
0.579639
0
0
0.337817
0.251101
0.697225
0.46235
0.38999
0.35294
0.343196
0
0
0.25998
0.426848
0.314254
0.756776
0.379291
0.265156
0.363396
0.281616
0.533009
0
0
0
0
0
0.790389
0.487304
0.358568
0
0.373677
0
0.32882
0.251395
0
0.55251
0.389903
0
0.516134
0.269772
0.373122
0.358565
0
0
0.257799
0.557482
0.295213
0
0.350385
0.294584
0.358541
0.350469
0.359475
0.346271
0
0
0.537856
0.589036
0.767978
0.468609
0.428395
0
0
0.281138
0.940338
0.27033
0.406664
0.381476
0.394172
0.312182
0.352369
0.718564
0.349452
0
0
0.335772
0.308329
0
0
0
0
0
0
0
0
0
0
0
0.8455
0.537941
0.341161
0.37044
0.322126
0
0
0.556696
0.604404
0.823383
0.477417
0.552388
0.50433
0.279184
0.328956
0.466963
0
0
0.270822
0
0
0.36456
0
0.26659
0.630029
0.306216
0
0.343177
0.377795
0.757433
0.420575
0.560089
0.841971
0.332713
0
0
0.277442
0
0
0.50847
0.400965
0.374013
0
0
0.278333
0.974501
0.321467
0
0.288082
0.31784
0.561148
0
0
0
0.885298
0.517213
0.316151
0.375558
0.264894
0.494848
0.290696
0.264776
0.393763
0.579546
0
0
0.29829
0.548256
0.298036
0
0.35038
0.284007
0.352086
0.34107
0.356628
0.316425
0.368977
0.724641
0.32905
0
0
0.590783
0.2665
0
0
0.489044
0.400821
0.502146
0.282305
0
0.268516
0.656589
0
0
0.26348
0.52654
0.313712
0
0.35141
0.38766
0.762878
0.340482
0
0.256776
0.381357
0.388838
0.314515
0
0.385487
0
0.574887
0.36977
0
0
0.287997
0.401169
0.295332
0.460582
0.364656
0.36695
0.325631
0
0
0
0.414161
0.274373
0.318769
0.25156
0.324385
0.370373
0.345809
0
0.292906
0.35922
0.325477
0
0.256498
0.304212
0.543685
0
0
0.779414
0.537555
0.416593
0.290349
0
0.291266
0
0.587047
0.408985
0.351969
0.310631
0.32765
0.384925
0
0
0
0.412124
0.293636
0.311132
0.252152
0.29664
0.373731
0.45714
0.355812
0.312348
0.288198
0.299613
0.390743
0.771816
0.488051
0.791397
0
0
0.587369
0.719776
0
0
0
0.390527
0.255925
0.335521
0.257872
0.291869
0.358399
0.437238
0.518554
0.283569
0
0
0.546187
0.326594
0
0.662062
0.66203
0
0
0
0.408897
0
0.344028
0.252951
0.467907
0.610231
0
0
0.318617
0.374034
0.251486
0.333429
0.252165
0.29874
0.351006
0.361425
0
0.455829
0.37621
0
0
0.647985
0
0
0.348192
0
0
0.517511
0.322055
0
0.395632
0.260211
0.29413
0.927681
0.356474
0.35027
0
0
0.56179
0
0.354124
0.425708
0.771725
0.446971
0.515445
0
0
0.254489
0.964522
0.339061
0
0.259227
0.360854
0.402444
0.384814
0.338274
0.300408
0.378965
0
0
0.6046
0
0
0.581402
0.504204
0
0.560226
0
0.359475
0.379213
0.407506
0.880687
0.450345
0.658101
0.841111
0.571442
0.726301
0.452716
0.613217
0.79678
0
0.404273
0
0
0
0.962029
0.351884
0
0.519231
0.504335
0.270485
0.291557
0.315248
0.383206
0
0.638115
0.697455
0
0
0
0.440064
0.25064
0.452798
0.450075
0.291822
0
0.543216
0
0.259974
0.34001
0
0.631171
0.610458
0.743335
0.399192
0.440479
0
0
0
0.971918
0.260723
0.427972
0.399595
0.267065
0
0.279638
0
0.594001
0.396194
0
0
0.573836
0.585221
0
0
0.271044
0.443428
0
0.42234
0.366592
0
0.284296
0.285099
0.37875
0
0
0.250615
0.976411
0.362575
0
0.484229
0.452367
0.358401
0.881481
0.3178
0
0.584155
0.518141
0
0
0.357673
0.42848
0.384026
0
0.371776
0.334754
0.792055
0.413627
0
0.263447
0.261028
0.873501
0.373694
0.608263
0.423048
0.275438
0.363132
0
0.26115
0.266222
0.612722
0.361747
0
0
0.277163
0.501845
0.263664
0.430571
0.3814
0.55158
0.443453
0.447237
0.776874
0.324652
0.337649
0.363178
0
0
0
0.942186
0.372222
0.398168
0.260268
0.253557
0.268974
0.376152
0.732182
0.431112
0
0.271158
0.494749
0.32091
0.429891
0.649366
0.386169
0.402891
0.468884
0
0.400538
0
0.275422
0.546445
0
0
0.312305
0
0
0.356954
0
0.560326
0.565172
0
0
0.271063
0.504476
0
0.4248
0.260228
0.355147
0.255816
0
0.261893
0
0.532413
0.307728
0.716322
0.373537
0.386866
0.729438
0.347031
0.738454
0
0.272858
0.394198
0
0
0.274001
0
0.588411
0.344185
0.507143
0.624805
0.304773
0.612731
0.477051
0
0.266617
0.500529
0.368539
0
0
0.413876
0.353495
0.450151
0.263171
0
0
0
0
0.327862
0
0
0.97121
0
0.390543
0.398939
0.392013
0.304373
0.600635
0.483087
0
0.310599
0.279999
0.363673
0.374445
0.697517
0.385166
0.638859
0.594936
0
0.265319
0.561922
0.459631
0.3108
0
0
0.263189
0.600737
0.703117
0.495246
0
0.261848
0.305166
0
0
0.294551
0.465253
0.438407
0
0.300921
0.349314
0.3735
0.407693
0.261016
0
0.397508
0
0.301785
0.490884
0.326748
0.460117
0.261097
0
0.550395
0.98448
0.58879
0
0.295512
0.259289
0.289042
0.282781
0.265363
0.264998
0.270749
0.512895
0.481281
0.384066
0.276397
0
0.549968
0.544084
0.469365
0
0
0.717569
0.485742
0.351282
0.374594
0.303822
0.357812
0.648902
0.387263
0
0.572321
0.321769
0
0
0.361253
0.384884
0.253671
0.355846
0.266975
0.335936
0
0
0.460168
0.347882
0.38147
0.689397
0.379591
0.551025
0.252838
0
0.536166
0.9627
0.351037
0
0.27634
0.363455
0.382125
0.403581
0.258563
0
0.276542
0.470802
0.295745
0.252975
0.266199
0.428541
0.253704
0
0.513283
0.97507
0.254148
0.39158
0.355605
0.254942
0
0.373399
0
0.275194
0
0.349228
0.382105
0
0
0
0.470622
0.361245
0.377447
0.352864
0.328136
0.586231
0.405826
0.691584
0
0
0.2674
0.444863
0.41239
0
0.255817
0.321616
0.416695
0
0
0.397491
0.671484
0
0.266496
0
0
0.552666
0.463299
0.309721
0.337192
0.308846
0.380531
0
0
0.564672
0
0
0.352515
0
0.598638
0
0
0.440161
0.344597
0.381709
0
0
0.516501
0
0.345117
0.442064
0
0
0
0.482091
0.376749
0.370348
0.26046
0.782647
0
0.560344
0.605613
0
0
0
0.445218
0.408228
0
0.260468
0.396336
0.469929
0.390363
0.258133
0.382211
0.582516
0
0
0.335879
0.268786
0.621095
0.370183
0
0
0.25913
0.485244
0.38067
0
0.325298
0.266108
0.362061
0.301674
0.764525
0.402174
0.578475
0.550836
0.559911
0
0.255486
0.538791
0
0.40179
0.256136
0.374379
0
0.573556
0.341488
0.748386
0.474977
0
0.584919
0.575304
0.926445
0.435937
0
0.281212
0
0.2646
0.264391
0
0.564255
0
0.608609
0.387071
0
0
0.523405
0
0.600959
0.436927
0.406217
0.737822
0.477374
0.65166
0.876257
0.260018
0.332735
0.298865
0.378249
0
0
0.284044
0
0
0.374461
0
0.566334
0.637846
0
0
0
0.482421
0.265795
0.465027
0.446603
0.290374
0
0.525466
0.976855
0.505753
0
0.555439
0.521846
0.275618
0.325958
0.335602
0.464911
0.358093
0.257891
0.356785
0
0.557671
0.362816
0.723299
0.431449
0.569784
0
0
0.250828
0.969225
0.321256
0
0.815836
0.503387
0.419589
0.5058
0.293733
0
0.30344
0.569848
0.897708
0.397602
0
0.289849
0.425678
0.329365
0.827818
0.467473
0.426924
0.473729
0.284573
0
0.264997
0.371841
0.347247
0.446986
0.424112
0.284375
0
0
0.641047
0
0
0.285851
0.603977
0.688168
0.381155
0
0.255223
0.269194
0.613666
0.438899
0.385734
0
0
0.519573
0.543859
0.400587
0.449966
0.446584
0.289611
0
0.277299
0.262923
0.362874
0.381658
0
0
0
0
0
0.349809
0
0.520882
0
0
0.327127
0
0.514009
0
0
0.319517
0
0.507334
0.558358
0.672201
0.419488
0.411894
0
0
0.584939
0.969947
0.352244
0
0.316998
0.373885
0.362072
0
0.298029
0.34875
0.446699
0.424155
0.420109
0.670119
0.312839
0.337355
0
0
0
0
0
0.315061
0
0.528208
0
0.644689
0.367184
0
0
0
0.568968
0
0
0.292168
0.577284
0
0
0.284609
0
0.688461
0.343419
0
0
0
0.291749
0.767577
0.420263
0
0
0.29642
0
0.598494
0.378815
0.575981
0.684963
0.282668
0.618681
0.45923
0.789606
0.615432
0.577128
0
0.585321
0.957778
0.395187
0.425854
0.694503
0.335831
0
0.287515
0.45069
0.368535
0
0.520917
0.457818
0.4173
0
0
0.294539
0.392025
0.256734
0
0.574056
0.975166
0.348009
0
0.259911
0
0
0.254409
0
0.805371
0.500461
0.394441
0
0
0.301624
0.566069
0.547894
0.292826
0.607718
0.403736
0
0.26484
0.379646
0.316238
0.359258
0.265043
0.307268
0.578468
0
0
0.341994
0.257985
0.643222
0.375908
0.665411
0.444292
0.538324
0
0
0.577265
0.964378
0.305567
0
0.821755
0.475569
0.392179
0.400795
0.304529
0.325443
0.353023
0.64317
0.381926
0
0.303754
0.271081
0.282053
0.294493
0
0.265561
0
0.610752
0.432707
0.352048
0.31787
0.358756
0.62233
0.386088
0
0.27011
0.367008
0.327397
0.349383
0.266702
0.291647
0
0.540683
0.366992
0.335277
0.297951
0.286051
0.372783
0.585843
0.486013
0.656545
0.846823
0
0.343314
0
0.313515
0.420814
0.379692
0.448615
0.328858
0.330592
0
0.315215
0.44489
0.429635
0
0.381366
0.545031
0.468387
0.847526
0.259476
0
0
0.772757
0.625087
0.417541
0.563278
0.368227
0.407428
0
0.325409
0.575646
0.32815
0
0.275059
0.378256
0.400125
0.815356
0.426394
0.52877
0.3952
0.298104
0
0.299588
0.660728
0.729195
0.403919
0
0.265553
0.649426
0.647448
0.404589
0
0.259323
0.639047
0.636969
0.396522
0
0.59058
0.418715
0.372645
0.433957
0.372023
0.328553
0
0.313225
0.510774
0.351511
0.379865
0.621845
0.307353
0
0.594267
0.97086
0.368125
0.401472
0.366793
0.317253
0.52731
0
0.25353
0
0.546875
0.425576
0.410219
0.617765
0.429607
0.78867
0
0
0.593976
0.478721
0
0.391735
0.275831
0.333722
0.331954
0.665823
0
0.746667
0.495047
0.295659
0.335969
0.307896
0.430099
0.405306
0.338162
0.342505
0.330455
0.515013
0
0.282638
0.563397
0.362927
0.350075
0.316775
0
0.28022
0.470596
0.359817
0.39022
0
0.319612
0.539502
0.329874
0
0.268623
0.374272
0.404553
0.767145
0.387194
0.319863
0.326128
0.259416
0.386795
0.544396
0.407462
0
0.337668
0.684912
0
0
0.312922
0.680082
0
0
0.268305
0.418889
0.55797
0
0
0.708502
0.596647
0.323778
0.329799
0.298726
0.543532
0
0.808317
0.469717
0.478417
0.348297
0
0
0.699965
0.252349
0
0.25375
0.54162
0.387229
0.384255
0.291676
0.801944
0
0.509785
0
0.252092
0.384755
0.471864
0
0.276317
0.581424
0
0
0.287156
0.531385
0.359679
0
0.280875
0.411788
0
0
0.267435
0.536499
0.386686
0.465043
0.278354
0
0.564453
0.965485
0.347361
0.40288
0.375798
0.307942
0
0
0.251971
0.482787
0.576806
0.767478
0.372483
0.356354
0.364775
0.29873
0.362431
0
0
0.529653
0.601981
0.69399
0.416039
0
0.272062
0.252762
0.339335
0.398569
0.348108
0.307628
0.370908
0
0
0.252348
0.95155
0.25853
0.379101
0.266045
0.339599
0.622252
0
0
0.364172
0
0
0.431565
0
0.55036
0
0
0.417484
0.357196
0.371345
0.682319
0.399675
0
0.302241
0.457119
0.346877
0.382175
0.263292
0.315849
0
0
0.424121
0.449974
0
0.259027
0.324417
0.714818
0.406465
0
0
0.272902
0.583453
0.429826
0.620125
0.426902
0
0.283294
0.374533
0.357815
0.42437
0.472497
0.40298
0.28548
0
0.290999
0.547661
0.300412
0
0
0.53194
0
0
0.2893
0.397193
0.281358
0.829646
0.425514
0.44358
0.406816
0.499368
0.364797
0.273413
0
0
0.681595
0
0
0.310113
0.523975
0.36756
0
0.267776
0.312305
0.2522
0.262044
0
0
0
0
0.378839
0.485129
0
0
0.290638
0
0.273753
0
0
0.559847
0.268138
0
0.330436
0.551967
0.398366
0.440686
0.269822
0
0.638149
0.965634
0.392806
0.789233
0.402279
0.457746
0.451121
0.30313
0.325775
0.616842
0.40491
0
0.269904
0.544866
0.327722
0
0.517143
0.366694
0.30566
0.391429
0.414267
0.416478
0.290412
0.312895
0.310697
0.350945
0
0
0
0
0
0.376562
0
0.522418
0.595748
0.647502
0.390643
0
0
0.323621
0.730929
0.410425
0
0
0.291861
0.603774
0.461901
0.337658
0.283165
0.348362
0.588546
0.494043
0.768525
0.906094
0.40326
0.476694
0.280235
0
0
0
0
0.427545
0
0
0.592193
0.2724
0
0
0
0
0.385627
0.373153
0.581361
0.629395
0.277172
0.296665
0.296404
0.29176
0.286913
0.282106
0.353469
0.555906
0.431984
0
0.280453
0.287772
0.277694
0.362356
0
0.53578
0.957458
0
0.404672
0.257493
