0	0	0.796588	2558	0	25.3471	25.04	22.2
0	1	0.676111	2581	0	25.477	23.44	21.35
0	2	0.640298	2583	0	25.5298	23.62	21.42
0	3	0.609308	2540	0	25.5894	23.64	21.44
0	4	0.577618	2468	0	25.6457	23.68	21.48
0	5	0.560562	2420	0	25.6918	23.99	21.66
0	6	0.540888	2380	0	25.7271	23.64	21.5
0	7	0.517952	2365	0	25.741	23.69	21.52
0	8	0.502463	2348	0	25.7702	23.5	21.45
0	9	0.491528	2334	0	25.8159	23.81	21.6
0	10	0.48242	2327	0	25.8387	24.22	21.83
0	11	0.47551	2331	0	25.8915	23.77	21.58
0	12	0.468525	2332	0	25.9133	23.78	21.59
0	13	0.461581	2322	0	25.9593	23.73	21.57
0	14	0.455474	2326	0	26.0093	23.77	21.6
0	15	0.449004	2335	0	26.0788	23.98	21.8
0	16	0.443814	2343	0	26.1481	23.91	21.68
0	17	0.438645	2342	0	26.2176	23.82	21.7
0	18	0.434314	2341	0	26.2961	23.79	21.71
0	19	0.42916	2332	0	26.3389	23.91	21.75
0	20	0.426099	2329	0	26.3889	24.24	21.95
0	21	0.4233	2326	0	26.4381	23.99	21.78
0	22	0.421329	2334	0	26.4977	23.99	21.84
0	23	0.419032	2338	0	26.5665	24.07	21.87
0	24	0.415683	2335	0	26.619	24.09	21.88
0	25	0.413006	2330	0	26.6639	24.49	22.14
0	26	0.410699	2335	0	26.7196	24.13	21.93
0	27	0.40834	2334	0	26.7513	24.11	21.92
0	28	0.405923	2333	0	26.7981	24.29	22.03
0	29	0.404041	2335	0	26.8491	24.24	22.01
0	30	0.402116	2333	0	26.8744	24.63	22.25
0	31	0.400194	2331	0	26.9237	24.35	22.09
0	32	0.399529	2332	0	26.9761	24.29	22.1
0	33	0.398541	2329	0	27.0403	24.81	22.35
0	34	0.397234	2329	0	27.0803	25.08	22.43
0	35	0.396037	2329	0	27.1366	25.26	22.57
0	36	0.39405	2324	0	27.1862	24.33	22.09
0	37	0.39319	2322	0	27.2522	24.2	22.09
0	38	0.392564	2326	0	27.3115	24.4	22.18
0	39	0.39083	2317	0	27.3796	24.35	22.18
0	40	0.389915	2316	0	27.427	24.08	22.08
0	41	0.389248	2316	0	27.4798	23.31	21.64
0	42	0.388402	2318	0	27.5355	23.49	21.81
0	43	0.38701	2317	0	27.5915	23.33	21.68
0	44	0.3855	2312	0	27.6461	23.36	21.7
0	45	0.384425	2310	0	27.6964	23.51	21.8
0	46	0.383591	2311	0	27.7488	23.44	21.75
0	47	0.382744	2308	0	27.7945	23.57	21.89
0	48	0.38282	2312	0	27.8523	23.53	21.86
0	49	0.381054	2302	0	27.9015	23.58	21.89
0	50	0.38072	2305	0	27.9415	23.76	22.04
0	51	0.379922	2304	0	27.9911	23.49	21.82
0	52	0.38042	2313	0	28.0403	23.62	21.95
0	53	0.378848	2302	0	28.0988	23.61	21.92
0	54	0.377828	2301	0	28.1695	23.65	21.97
0	55	0.377905	2309	0	28.2362	24	22.21
0	56	0.37666	2306	0	28.2954	23.74	22.05
0	57	0.375673	2309	0	28.3625	23.81	22.11
0	58	0.375141	2305	0	28.421	23.85	22.15
0	59	0.374071	2304	0	28.4659	23.75	22.05
0	60	0.374707	2315	0	28.5184	24.14	22.37
0	61	0.373681	2313	0	28.5769	23.83	22.14
0	62	0.372501	2313	0	28.6361	23.82	22.13
0	63	0.371544	2312	0	28.6993	23.88	22.19
0	64	0.370472	2308	0	28.7556	24.01	22.28
0	65	0.368868	2303	0	28.8131	24.15	22.4
0	66	0.368436	2304	0	28.8744	23.96	22.25
0	67	0.367659	2305	0	28.9493	24.11	22.38
0	68	0.366476	2302	0	29.0096	24.09	22.37
0	69	0.365427	2306	0	29.0806	24.1	22.38
0	70	0.364666	2302	0	29.1463	24.26	22.51
0	71	0.363647	2297	0	29.198	24.18	22.46
0	72	0.362677	2297	0	29.2708	24.21	22.47
0	73	0.361421	2294	0	29.3314	24.28	22.53
0	74	0.360095	2292	0	29.3914	24.26	22.55
0	75	0.358459	2290	0	29.4531	24.49	22.73
0	76	0.356967	2289	0	29.5077	24.26	22.53
0	77	0.355774	2286	0	29.5865	24.36	22.63
0	78	0.35453	2282	0	29.6443	20.21	22.59
0	79	0.353988	2279	0	29.7132	24.3	22.57
0	80	0.353506	2277	0	29.7809	24.6	22.81
0	81	0.352846	2275	0	29.8494	24.45	22.71
0	82	0.352493	2270	0	29.9308	24.55	22.79
0	83	0.351483	2263	0	30.0132	24.51	22.75
0	84	0.350509	2257	0	30.0874	24.56	22.82
0	85	0.349996	2250	0	30.1488	24.86	23.05
0	86	0.34962	2249	0	30.2076	24.59	22.82
0	87	0.348913	2249	0	30.2683	24.63	22.87
0	88	0.34926	2254	0	30.3264	24.63	22.88
0	89	0.348293	2256	0	30.3903	24.59	22.85
0	90	0.348658	2266	0	30.4567	25.12	23.28
0	91	0.348153	2265	0	30.5301	24.62	22.89
0	92	0.347633	2265	0	30.5872	24.72	22.96
0	93	0.347306	2262	0	30.6375	24.73	22.98
0	94	0.346845	2260	0	30.6932	24.74	22.98
0	95	0.347023	2259	0	30.7624	25.06	23.23
0	96	0.346834	2257	0	30.8095	24.92	23.14
0	97	0.346209	2254	0	30.8584	24.96	23.17
0	98	0.346232	2250	0	30.9344	24.89	23.13
0	99	0.34594	2247	0	30.9886	25.23	23.38
0	100	0.345801	2247	0	31.0382	25.22	23.4
0	101	0.34491	2245	0	31.0992	25.05	23.27
0	102	0.344768	2243	0	31.162	25.01	23.25
0	103	0.344747	2242	0	31.2198	25.19	23.38
0	104	0.344134	2237	0	31.2783	25.45	23.59
0	105	0.344256	2239	0	31.3375	25.2	23.42
0	106	0.343337	2233	0	31.386	25.16	23.38
0	107	0.343493	2231	0	31.4349	25.08	23.29
0	108	0.343133	2229	0	31.5016	24.97	23.2
0	109	0.342239	2224	0	31.568	25.45	23.6
0	110	0.342717	2221	0	31.6357	25.46	23.65
0	111	0.342643	2220	0	31.6996	25.53	23.72
0	112	0.34244	2218	0	31.7463	25.43	23.63
0	113	0.34131	2209	0	31.8013	25.2	23.43
0	114	0.340473	2204	0	31.8502	25.23	23.44
0	115	0.339985	2203	0	31.8851	25.22	23.45
0	116	0.339171	2199	0	31.9358	25.2	23.43
0	117	0.338842	2197	0	31.9608	25.21	23.43
0	118	0.338569	2196	0	32.0029	25.39	23.59
0	119	0.337914	2190	0	32.0781	25.32	23.54
0	120	0.337244	2187	0	32.1252	25.27	23.49
0	121	0.336996	2183	0	32.1787	25.33	23.56
0	122	0.336846	2177	0	32.2091	25.32	23.54
0	123	0.335827	2172	0	32.2294	25.58	23.76
0	124	0.335162	2171	0	32.2793	25.31	23.52
0	125	0.334787	2171	0	32.3054	25.46	23.66
0	126	0.33467	2165	0	32.3482	25.4	23.61
0	127	0.334673	2159	0	32.3903	25.46	23.67
0	128	0.335461	2160	0	32.4399	25.57	23.77
0	129	0.33526	2155	0	32.477	25.45	23.65
0	130	0.335338	2152	0	32.5066	25.59	23.8
0	131	0.334474	2147	0	32.5473	25.54	23.75
0	132	0.333398	2143	0	32.5915	25.61	23.81
0	133	0.333347	2141	0	32.63	25.69	23.86
0	134	0.333987	2139	0	32.639	25.62	23.82
0	135	0.333473	2136	0	32.6707	25.59	23.79
0	136	0.33307	2133	0	32.6861	25.54	23.75
0	137	0.332802	2127	0	32.7167	25.88	23.99
0	138	0.33313	2123	0	32.7517	25.66	23.85
0	139	0.333309	2122	0	32.7849	25.64	23.83
0	140	0.331673	2112	0	32.8195	25.75	23.93
0	141	0.330658	2110	0	32.8684	25.51	23.72
0	142	0.329692	2114	0	32.9126	25.85	24
0	143	0.329148	2113	0	32.939	25.85	24.01
0	144	0.327689	2106	0	32.975	25.72	23.89
0	145	0.327105	2109	0	33.0364	25.64	23.83
0	146	0.326533	2108	0	33.0756	25.74	23.92
0	147	0.326362	2109	0	33.1095	26.02	24.17
0	148	0.32587	2112	0	33.1541	25.79	23.98
0	149	0.325792	2116	0	33.1941	25.94	24.11
0	150	0.324747	2112	0	33.2405	25.89	24.07
0	151	0.325875	2119	0	33.2679	26.15	24.28
0	152	0.324948	2122	0	33.3075	25.92	24.09
0	153	0.324797	2126	0	33.3482	26.02	24.19
0	154	0.324155	2126	0	33.3949	25.96	24.14
0	155	0.323605	2120	0	33.4385	25.97	24.14
0	156	0.323442	2120	0	33.4834	26.2	24.34
0	157	0.323381	2130	0	33.5266	26.12	24.28
0	158	0.322027	2126	0	33.5683	26.16	24.31
0	159	0.321548	2133	0	33.6122	26.25	24.39
0	160	0.321554	2138	0	33.67	26.15	24.29
0	161	0.321435	2145	0	33.741	26.16	24.32
0	162	0.320992	2149	0	33.782	26.04	24.2
0	163	0.321044	2155	0	33.8434	26.35	24.5
0	164	0.320173	2164	0	33.8816	26.14	24.3
0	165	0.319946	2166	0	33.8944	26.51	24.62
0	166	0.320251	2172	0	33.9276	26.2	24.36
0	167	0.320712	2183	0	33.9493	26.19	24.34
0	168	0.320325	2186	0	33.9872	26.31	24.45
0	169	0.320109	2185	0	34.0321	26.27	24.42
0	170	0.320974	2189	0	34.0628	26.44	24.55
0	171	0.32091	2184	0	34.0838	26.28	24.44
0	172	0.320252	2181	0	34.0992	26.37	24.51
0	173	0.319691	2175	0	34.1359	26.36	24.49
0	174	0.319229	2175	0	34.1716	26.38	24.5
0	175	0.31933	2171	0	34.213	26.36	24.51
0	176	0.319308	2165	0	34.2526	26.38	24.53
0	177	0.320235	2164	0	34.2958	26.4	24.54
0	178	0.320568	2160	0	34.3692	26.49	24.62
0	179	0.320105	2159	0	34.4388	26.83	24.92
0	180	0.319241	2154	0	34.4806	26.57	24.69
0	181	0.319456	2152	0	34.5244	26.55	24.69
0	182	0.319729	2148	0	34.5919	26.62	24.75
0	183	0.321643	2154	0	34.6707	26.78	24.88
0	184	0.322645	2149	0	34.7164	26.65	24.75
0	185	0.322546	2140	0	34.7581	26.58	24.7
0	186	0.323335	2139	0	34.7842	26.79	24.9
0	187	0.323844	2135	0	34.8309	26.83	24.94
0	188	0.323699	2132	0	34.842	27.01	25.08
0	189	0.323002	2125	0	34.8819	26.81	24.94
0	190	0.323909	2125	0	34.9501	26.94	25.03
0	191	0.324343	2121	0	35.0178	26.84	24.96
0	192	0.324237	2114	0	35.0574	27.11	25.17
0	193	0.323394	2106	0	35.1184	27.03	25.12
0	194	0.323289	2099	0	35.163	27.05	25.15
0	195	0.322863	2095	0	35.2151	26.7	24.83
0	196	0.322935	2098	0	35.2679	26.95	25.05
0	197	0.322843	2096	0	35.3222	26.78	24.93
0	198	0.323825	2097	0	35.3764	26.79	24.91
0	199	0.324185	2095	0	35.4242	26.84	24.95