0.288893
0.380292
0.485592
0.258872
0
0
0
0.264631
0.362799
0.409589
0.6869
0.66733
0.290592
0
0.306491
0.632755
0.279231
0
0.710007
0.4737
0.418236
0.615639
0.281422
0.556099
0.578952
0.272921
0
0.332592
0.363888
0.365788
0
0.669347
0.258696
0
0.299571
0.418573
0.502295
0.290154
0.312884
0.345783
0.369436
0.331813
0.764332
0
0.342509
0
0.275256
0
0
0.256237
0.277659
0
0
0
0.274767
0
0
0.718031
0.485338
0.326491
0.300249
0.330702
0.366223
0.716854
0
0.309367
0.345246
0.386532
0
0
0.36429
0.258292
0
0.684903
0.475648
0.444257
0.52762
0.665672
0.414134
0.526867
0
0.322613
0.712343
0.410029
0.630925
0.260857
0
0.28384
0.40193
0.378312
0.764672
0.510422
0
0
0.401745
0
0
0
0.267718
0
0.250943
0
0.266914
0.717881
0.469937
0.252414
0.27878
0
0
0.258396
0.416326
0.360822
0.591407
0
0.296194
0.385465
0.456925
0.640846
0.681115
0.264976
0
0.324531
0.338437
0.373642
0.611351
0
0.298137
0.379282
0.370768
0
0.268771
0.283517
0.417677
0.669733
0.265971
0
0.427973
0
0.583868
0.340763
0.368949
0
0
0.352997
0.675557
0.397282
0.532287
0.256415
0.493544
0.537307
0.357353
0.293395
0
0.347224
0.990327
0.386767
0.550761
0.67527
0.420133
0.273454
0
0.298738
0.389279
0.472813
0.269271
0.271356
0.293678
0.38378
0.368987
0
0
0.317231
0.99293
0.374671
0.6165
0.780982
0.57115
0
0.350777
0.460631
0.487414
0.278142
0.282071
0.39612
0.323441
0
0.315148
0.494661
0.377223
0.626795
0.252008
0
0.420825
0
0.587914
0.30506
0.447807
0.475474
0
0
0.276417
0.269308
0
0
0.332759
0.498298
0.449178
0
0
0.320237
0.497562
0
0
0.610224
0.275914
0.501995
0
0
0.407677
0
0.606462
0.328859
0
0.518213
0.338306
0.323031
0.32471
0.345975
0
0
0.351972
0.695471
0.371171
0.540592
0.570737
0
0.296003
0.551355
0.325687
0.377521
0
0.300311
0.605183
0.40579
0.645097
0
0
0.348224
0.34889
0.436059
0
0.256724
0.340608
0
0
0.738376
0.408631
0.392502
0.607454
0.739504
0.396503
0.25537
0
0.288491
0
0.591806
0.30274
0.526836
0.518519
0.377418
0.310156
0.35951
0.364781
0.321904
0.977805
0.284479
0
0.72472
0.491295
0.266219
0
0.691286
0.547831
0.472149
0.590471
0.261995
0.657837
0.351065
0
0
0.306864
0.658753
0.421139
0
0
0.30353
0.397072
0.489347
0.264656
0.272021
0
0
0.257438
0.393715
0.445948
0
0.259044
0.276506
0.410789
0.536946
0.60349
0.405164
0.278927
0
0.287212
0.265917
0.570309
0.324048
0.452864
0.446104
0.295394
0.282315
0
0.325575
0.988722
0.391182
0.629915
0.2553
0
0.400116
0.627113
0.435441
0.283182
0.268371
0.30057
0.317787
0.304797
0.329105
0.877451
0.286449
0.339345
0.476968
0.563003
0.422232
0
0
0.508433
0.397183
0
0.523256
0.274872
0.402301
0.26893
0.717348
0.263877
0.3189
0
0
0.410584
0.453423
0
0.529184
0.262546
0.491749
0
0
0.715579
0.571158
0.289357
0
0
0.455802
0.446079
0
0.257718
0.335159
0.501048
0.634276
0.589939
0.562171
0.28734
0
0.268265
0.448452
0.3656
0.685746
0.587369
0
0
0.360349
0.546204
0.475549
0.262606
0.316917
0
0.280662
0.678173
0.282319
0.387262
0
0.25797
0.980278
0.41297
0.529295
0.546975
0.367563
0.476205
0.737521
0
0.275324
0.309468
0.283745
0.316676
0
0.429521
0.42195
0.27118
0.344821
0.432386
0.540707
0.259228
0.380508
0.4425
0.506699
0
0.314391
0.441646
0.378874
0.529263
0.375423
0.582775
0
0.301719
0.980519
0.482436
0
0
0.611418
0.261186
0
0.32118
0.298628
0
0
0
0.383083
0.392743
0.474288
0.371462
0.472683
0
0
0.298637
0.285537
0
0
0.259983
0.285997
0
0
0.45205
0.442712
0
0.298707
0
0.316312
0.507888
0.333289
0.595915
0.365708
0
0.402878
0
0.3537
0.457085
0.429547
0
0.255632
0
0.318085
0.398177
0.39578
0
0
0
0.683383
0.559191
0.614347
0.650672
0.469917
0.272505
0.312364
0.332208
0.331059
0.321246
0.374129
0.757197
0.58547
0.346073
0.403271
0.319082
0.631595
0
0.551634
0.993482
0.434312
0.454358
0.408515
0.591967
0
0.265835
0.992065
0.416248
0.705381
0.289126
0
0.264021
0.383121
0.476577
0
0
0
0.664796
0
0
0.256358
0.474653
0.35843
0
0
0.700505
0.592963
0.472988
0.351315
0.276388
0
0.29696
0.264376
0.29965
0.283995
0
0
0.595011
0.31861
0.693622
0.545593
0.567716
0.522691
0.47743
0.592241
0
0.284544
0.690488
0.382938
0.674649
0
0
0.315803
0.329953
0.431437
0
0
0
0.256756
0.421724
0.30519
0.700202
0
0
0.311415
0.362583
0
0.62331
0.50701
0
0
0.287696
0.559716
0.364155
0
0.515998
0.284489
0.468115
0
0
0
0.302661
0.686867
0.281842
0.432885
0.425274
0
0
0.315942
0.627436
0.443579
0
0.29756
0.451118
0.501011
0.392698
0.438819
0
0.26238
0
0.650857
0.471287
0.278854
0.332762
0
0.266238
0.578686
0.377429
0.65069
0
0.28801
0.392116
0.408793
0
0.571197
0.654235
0
0
0.309172
0.357062
0.458347
0.711522
0.285102
0
0.335711
0
0.277266
0
0.640409
0.617512
0.445238
0.652286
0.262833
0
0.349853
0
0.307247
0.292213
0
0.41553
0.366217
0.289694
0.37478
0.507442
0.531594
0.382399
0.31888
0.455772
0.710255
0
0.262263
0.400174
0.456035
0.315306
0.730978
0
0.630486
0.570892
0.408355
0
0
0.318414
0.434852
0.632311
0
0.348972
0.575761
0.41488
0
0
0.690206
0.58335
0.590661
0.665246
0.462008
0
0
0
0.262976
0.442252
0.339893
0
0.713364
0
0
0.280243
0.394376
0.461053
0.368757
0.274527
0.300714
0.261741
0.254841
0.395388
0.431602
0.56922
0
0.290186
0.336933
0.575408
0
0
0.444805
0.468534
0.275613
0
0.288337
0.278501
0.30167
0.254898
0
0.397895
0.390842
0.297584
0
0
0.508358
0.439821
0.518239
0
0.361484
0.956996
0.577802
0.552183
0
0.288304
0.428532
0.467869
0.341013
0.268445
0.461411
0.447719
0.485019
0.319606
0.581822
0
0.614696
0.994115
0.454015
0.663519
0.267973
0
0.335792
0
0.311443
0.369369
0.507842
0.496932
0.364524
0.299337
0.343323
0.389641
0.83989
0.582405
0.379185
0.439633
0.275362
0.339536
0
0.266184
0.526246
0.36371
0
0.544707
0.267456
0.390943
0.649604
0.552843
0.603935
0.609572
0.417889
0.255962
0.295006
0.456865
0.802736
0.578046
0.458431
0.512326
0
0.289804
0.26839
0.288413
0
0
0.271186
0.285872
0.267434
0
0.260855
0.536733
0.318828
0
0.699227
0.250258
0
0.29471
0.416842
0.39044
0.618299
0
0.291287
0.397803
0.350017
0
0
0.474923
0.270472
0
0
0.281671
0.282092
0
0
0.268453
0.280926
0
0.645056
0.597202
0.448379
0.671986
0.262972
0
0.339259
0
0.265211
0
0
0
0.309678
0.338482
0.526029
0.494019
0
0
0.649967
0.996274
0.363838
0
0
0.339193
0.514558
0.312522
0.295914
0.394845
0
0.273516
0.359086
0.386361
0.557334
0
0.318411
0.370064
0.460272
0.694889
0.633594
0.540696
0.584967
0
0
0.328646
0.313129
0.40186
0.646049
0.255634
0
0.340404
0.349524
0.398644
0
0.529094
0.291284
0.433753
0.616776
0.287506
0.554799
0.616866
0.521408
0.552238
0
0
0.363402
0.695471
0.474491
0.298118
0.416306
0
0.380826
0.51075
0.387713
0.588882
0.774678
0.255421
0.41789
0.475454
0.340187
0.397321
0.3696
0
0.355768
0.971991
0.444133
0.600448
0.550561
0.27056
0
0
0.31869
0
0
0
0.256512
0.715967
0.414924
0.566514
0
0.470548
0.50952
0.351969
0.259566
0.518376
0
0.256037
0.403573
0.371152
0.53328
0.615381
0.400717
0.261425
0.454263
0.369724
0.268944
0.384735
0.441008
0.318561
0.255253
0.471934
0.556432
0.318392
0
0
0.508619
0.33068
0.707886
0
0.325721
0.341682
0.377387
0.645771
0.477877
0
0.302593
0.588221
0.395976
0.621966
0.568862
0.594333
0.528794
0
0.268354
0.418644
0.38476
0
0.627258
0.278758
0
0.317569
0.343132
0
0.552314
0.373959
0.374946
0.281838
0.255274
0.514888
0.48585
0
0.290475
0.32703
0.479109
0.268496
0.545256
0
0.267499
0.386243
0.354296
0.685585
0.594605
0
0
0.276148
0.505937
0.451315
0.583961
0
0.267706
0.449711
0.323904
0.645842
0
0.267755
0.348035
0.407471
0.465135
0.3212
0.274383
0.421287
0
0
0.487006
0.314029
0.662043
0.612443
0
0
0.279243
0.469142
0.418607
0.54998
0
0.364923
0.324138
0.544122
0
0.265715
0.273828
0.537021
0.28791
0.459497
0.572059
0
0
0.324982
0.992563
0.34565
0.687948
0.525658
0.529886
0
0.346175
0.469651
0.466064
0.683769
0
0.325092
0.527211
0.408364
0
0
0
0
0.652512
0.273426
0
0.292463
0.349699
0.422193
0.70251
0.670225
0.528839
0.368359
0.434292
0.310392
0.269936
0.497997
0.383666
0
0.324814
0.347129
0.463076
0.28669
0
0.316056
0.954979
0.390823
0
0.652178
0.278302
0
0.348232
0.33186
0
0
0
0
0.413254
0.344732
0.547864
0
0.353985
0.366455
0.41801
0.383356
0.470805
0
0.285497
0.27538
0.291507
0.585679
0.462119
0.448329
0.323556
0.447207
0.264666
0
0
0.715999
0.38369
0.458303
0.646813
0
0.312533
0.485116
0.364637
0.640952
0.258099
0
0.28141
0.33141
0.367817
0.551343
0
0.343172
0.364772
0.421394
0.295785
0
0.322497
0.539483
0.420347
0.686309
0.519001
0.565398
0.289661
0.298312
0
0.370678
0.58608
0.280948
0.354137
0.430749
0.459977
0.299855
0.252407
0
0
0
0.344369
0.351058
0.516501
0
0.287903
0.370115
0.327852
0
0.284937
0.310445
0.542643
0
0.30339
0.760183
0.566852
0.569974
0.549714
0.254199
0
0.335856
0.250345
0.26275
0
0.611486
0.563727
0.396492
0.695269
0.454271
0.250534
0
0.332123
0.312135
0.345493
0.56047
0
0.307361
0.354205
0.346385
0
0.272689
0.527425
0.358139
0
0.265464
0.529767
0.396896
0.554276
0.374108
0.276022
0.341864
0.536833
0
0
0.315474
0.413093
0.40967
0
0
0
0.664404
0
0
0.343542
0.393504
0.428633
0.297352
0
0.319456
0.303538
0
0
0.351507
0.577601
0.335905
0
0.26223
0.540269
0.356304
0
0.263586
0
0.386032
0
0
0
0
0
0
0.734807
0
0
0.301657
0.415755
0.307302
0
0.266494
0.586817
0.319934
0
0.303945
0.31558
0.472872
0.356661
0.351175
0.34273
0.273841
0.829931
0.393918
0.453437
0
0
0
0.301269
0.292067
0.29245
0
0
0
0.786495
0
0
0.353581
0.392604
0.459309
0.274517
0.512178
0.29266
0
0
0
0.341274
0.470592
0.431536
0
0.359533
0.38179
0.448567
0
0
0
0.312079
0.448199
0.52472
0
0
0
0.302926
0.507216
0
0
0.257477
0.651982
0.565173
0.789645
0.321009
0
0.406388
0.359809
0.490047
0.26545
0.613387
0.459406
0.352946
0.266824
0.371727
0
0.345822
0.442366
0.490801
0.752049
0
0.335108
0.830828
0.53496
0.727281
0.302482
0
0.393903
0.25359
0.289408
0
0
0.470249
0.420556
0.275309
0.439107
0.488434
0.959971
0.342673
0.306751
0.351373
0.425513
0.837277
0.652269
0.44974
0
0
0
0.296032
0.34933
0.312808
0
0.759978
0
0
0.287909
0.391564
0.460339
0.270513
0.512437
0.660175
0
0.336933
0.513448
0.354071
0
0.776802
0.635785
0.605639
0.401387
0
0.394832
0.543816
0.269813
0
0
0.291209
0.485749
0.41525
0.545419
0.421644
0
0.390985
0.555174
0.263152
0
0.332148
0.271431
0.281009
0
0
0.436128
0.470733
0.306444
0.285617
0.314661
0.337578
0.331808
0.310804
0.303475
0.443526
0.454197
0
0.294838
0.29184
0.263681
0.395199
0.459779
0.256909
0
0.286002
0.429034
0.557159
0.473002
0
0.310477
0.356222
0.440915
0
0.253648
0
0.272802
0.414771
0.312152
0.695845
0.583171
0.612684
0.443297
0.576479
0
0.287522
0.516656
0.398299
0.675067
0
0
0.297823
0.348091
0.466684
0.586564
0
0.306881
0.364026
0.522817
0
0.55049
0.571834
0
0
0.291404
0.519557
0.356876
0
0.250832
0.259592
0.548742
0.712798
0.566236
0
0
0.368196
0
0.29005
0.364807
0.473895
0.464292
0.332447
0.582151
0
0.278022
0.298029
0.26583
0
0
0.430657
0.449133
0.303291
0.455347
0.347732
0
0.337016
0.580568
0.399001
0
0
0
0
0.715482
0.594394
0.569375
0.568337
0
0
0.297106
0.444288
0.287547
0
0.261873
0.415839
0.280743
0.58613
0.420519
0.534821
0
0
0.317195
0.481731
0.451587
0
0
0
0.293457
0.66528
0.285825
0
0.727654
0.421248
0.509957
0.509566
0
0.310679
0.415743
0.51659
0.550405
0.610566
0.435812
0.273394
0.315476
0.336154
0.390112
0.781531
0
0.293539
0.352885
0.458104
0.677844
0.445609
0.26427
0
0.316073
0.444383
0.47099
0
0
0
0.324313
0.670326
0.278852
0.41826
0.435072
0.519649
0.258327
0
0.591182
0.983769
0.478605
0.546777
0
0.285282
0.412237
0.363625
0
0.256214
0.288399
0.44703
0.530201
0.590481
0.383372
0.251988
0.505508
0.324189
0.265994
0
0.725865
0.366657
0.475657
0.688942
0
0.293958
0.564983
0.531834
0.540326
0
0.265591
0.442053
0.381183
0.775912
0.499603
0.600188
0.48657
0
0.269075
0.489972
0.800767
0
0.340885
0.275054
0.276695
0
0
0.27963
0.283818
0.273086
0
0.734367
0.429605
0.271684
0.389536
0.422812
0.520032
0.295241
0.502944
0
0
0.287329
0.349064
0.421786
0.66854
0.278088
0
0.294198
0.374732
0.467406
0.610515
0.286976
0.566076
0.568795
0.281235
0.363655
0.304322
0
0
0
0.285063
0.297488
0.31983
0.381932
0.544058
0.269873
0.442795
0.535735
0.288916
0
0.260459
0.498029
0.353426
0.638198
0
0.299893
0.357514
0.425077
0.66857
0
0
0.313471
0.516289
0.449018
0.556342
0
0.299173
0.48375
0.326423
0.691854
0.569272
0.301774
0.285223
0
0.311571
0.382743
0.494586
0.269587
0
0.304743
0.392898
0.480736
0.279331
0.46383
0.346084
0
0.334959
0.963799
0.462322
0
0
0.628923
0.558184
0.527106
0
0
0.303862
0.546171
0.391217
0
0
0.276937
0.452242
0.604621
0.540505
0.286956
0.286253
0.370201
0
0.251494
0.585093
0.386427
0
0.541165
0.412236
0
0
0.64961
0.42112
0.386384
0
0.541929
0.388194
0
0
0
0.469356
0.441867
0.290491
0.256854
0.480182
0.521708
0.384437
0.259438
0.516571
0.440371
0.437987
0.340792
0.270996
0.483155
0.450711
0
0.325613
0.267429
0.291238
0.309741
0.458847
0.537603
0
0
0.317187
0.994035
0.408609
0
0.539961
0.2922
0.444264
0
0
0.447839
0.308402
0
0
0.313575
0.990755
0.410603
0
0
0.265012
0.42997
0
0
0.251262
0.37288
0.519306
0.334767
0.27523
0
0.322881
0.591403
0.388637
0.608869
0.523136
0
0
0.455909
0.578251
0.404916
0.292105
0
0.562467
0
0
0.285169
0.35246
0.403409
0.572428
0
0.277812
0.497779
0.298361
0.660369
0
0.407541
0.289205
0.253281
0.256542
0.423562
0.585753
0
0.447393
0.59735
0
0.408416
0.370556
0
0
0.331007
0.988016
0.471607
0
0
0.585632
0.528617
0.573379
0.646869
0.474664
0.260593
0.46238
0.364266
0.298045
0
0
0.405418
0.373013
0.519882
0.349448
0.286417
0
0.333146
0.98563
0.301169
0.502359
0.372007
0.29728
0
0.270472
0.976041
0.472657
0
0.594848
0.291657
0
0.399406
0.320615
0.524918
0
0.323317
0.636768
0.417415
0.309679
0
0.535745
0.641221
0.530988
0
0.752901
0.42041
0.474841
0.332322
0.412476
0.331371
0.443937
0
0
0.394746
0
0
0
0.326966
0.508753
0.416078
0
0.548482
0.360227
0
0
0
0.466862
0.454683
0.267566
0.285972
0.516167
0.413994
0.368729
0
0
0.322225
0.988491
0.367764
0.624494
0.535913
0.692474
0.540994
0.250884
0.296477
0.400055
0.933262
0.26706
0.380978
0.566127
0
0.471878
0.587181
0
0.359818
0.386234
0.281691
0.255391
0.293776
0.299529
0.3621
0.77112
0
0.259537
0.356125
0.357197
0.666155
0.272829
0
0.256959
0.428833
0.543276
0.536167
0.25942
0.560118
0.609137
0
0.55535
0.597015
0
0.414651
0
0
0.259089
0.546788
0.563192
0.529505
0.253315
0.53335
0
0
0.424522
0
0.569306
0.373891
0
0.788437
0.368805
0.268153
0
0.627933
0.40035
0.466268
0
0
0.578414
0.415568
0.568252
0.530374
0.63764
0.512305
0.667943
0.417711
0
0.300127
0.982258
0.473624
0
0.579426
0.275361
0.402776
0.273968
0.254309
0.281371
0.295129
0.363366
0.739938
0
0.253441
0.517815
0.524646
0
0
0
0
0.625955
0.264705
0
0
0.36752
0.443941
0.433764
0.475716
0.33345
0.756037
0.439861
0
0.2666
0.713961
0.393567
0.643997
0.571871
0.254937
0.314725
0.350541
0.254956
0.737601
0.289106
0.273644
0.474562
0.587107
0.571436
0
0
0.461431
0.370341
0
0
0.31932
0.497268
0.578029
0.266001
0
0
0.333978
0.421009
0.42223
0.330942
0.292895
0
0.294598
0.336915
0.36842
0
0
0
0.469295
0.704348
0.28816
0.29525
0.51559
0
0
0.561963
0.33746
0.555722
0.303439
0
0.52779
0.589812
0.318842
0
0.658142
0.688974
0.282726
0.328337
0.362033
0.557739
0
0
0.290681
0.357333
0.528933
0.280367
0.594861
0
0.600788
0.691466
0.279285
0.442929
0
0.710332
0.350298
0.460323
0.636276
0
0.279979
0.993142
0.40819
0.653171
0.466853
0.336017
0
0.276013
0.374839
0.359825
0
0
0.320386
0.482883
0.630965
0.490585
0.593449
0.46869
0
0.524211
0.342846
0
0.31324
0.294169
0.271347
0
0.273785
0.361047
0.477934
0.275559
0
0.353723
0.276371
0.309285
0.343907
0
0.760957
0.340307
0.393942
0.545186
0
0.304056
0.359706
0.468042
0.261188
0.263389
0.485374
0
0
0.374747
0
0.270142
0
0.578583
0.558938
0.434348
0
0
0.274254
0.458932
0
0.264581
0.298587
0.418994
0
0
0.462273
0.293713
0
0
0.255812
0.432383
0.464365
0.280429
0
0
0
0
0.546469
0.349328
0.699106
0.530782
0.280956
0.261912
0.317843
0.459702
0.463859
0.364066
0.569976
0
0.283154
0.287323
0.26722
0
0
0.254575
0.305269
0.332704
0
0.459964
0.377906
0.293441
0.337507
0.456788
0.47491
0.31386
0.283607
0.455213
0.735496
0.334316
0
0
0.452715
0.428187
0
0.251227
0.411288
0.278147
0
0.690253
0.442387
0.430996
0
0
0.387448
0.279765
0.313573
0
0.39174
0.518552
0.293585
0
0.716523
0.545833
0.455578
0.706884
0.51512
0
0
0.316987
0.56464
0.510549
0
0.645877
0.257922
0
0.298151
0.308347
0
0.555367
0.42744
0.531979
0.280518
0.456883
0.401305
0.260003
0
0.624468
0.994895
0.413669
0.582937
0.340669
0
0.322725
0.536007
0.566648
0.399904
0.398586
0
0.287672
0.466925
0.531576
0.316723
0
0.25696
0.462648
0.325875
0.566974
0.369747
0
0.468392
0
0.374127
0.434462
0.429476
0
0
0.459153
0.464637
0.357941
0.273489
0.316658
0.326326
0.37178
0.83812
0.301971
0
0
0.499769
0.466214
0
0.634286
0.278088
0.559473
0.544528
0.504533
0
0.284189
0
0.637577
0.380232
0.421187
0.257869
0.257839
0.494905
0.287208
0.310109
0.482627
0.548847
0
0.297133
0.268905
0.27047
0.354534
0
0.643933
0.341637
0.435898
0
0.368605
0
0.250726
0.421879
0.495055
0.817955
0
0.302421
0.989641
0.447148
0.707534
0.364017
0.278956
0.360117
0.323118
0.533771
0
0
0.417786
0.443542
0.30292
0.663742
0
0
0.268468
0.278217
0.330814
0
0.251268
0.645109
0.412534
0.617972
0.273839
0.610978
0
0.298669
0
0.254852
0.446915
0.457994
0
0.250765
0.437243
0.365353
0.251896
0.471144
0.458611
0.535504
0
0.304083
0.385879
0.46473
0
0
0.296212
0.446094
0
0.544998
0
0
0.667043
0.32047
0
0.725423
0.482138
0.445953
0.646543
0.272289
0
0.307458
0.432504
0.465897
0
0
0.36807
0.296271
0
0
0.481726
0.469792
0.276225
0.675764
0
0
0.266029
0.303711
0
0
0.720995
0.392617
0.525811
0
0.340608
0.994423
0.453545
0
0
0.319969
0.373546
0.624611
0
0.346855
0.667935
0.511123
0.683442
0.575329
0
0.259761
0.444266
0
0.277655
0.583126
0.417391
0.58829
0.330706
0
0.315935
0.516638
0.542801
0.386857
0.372862
0
0.335109
0
0.406524
0.407701
0.291575
0.340591
0.44137
0.468976
0.311246
0.281533
0.321947
0.386119
0.786153
0.310741
0
0.662597
0.477083
0.275474
0.352852
0.412208
0.520741
0
0.270037
0.627694
0.420298
0
0.344399
0
0.570953
0.549929
0.362443
0.741804
0.539448
0.660545
0.94922
0.609209
0
0
0.27734
0.281961
0.316702
0.403821
0.26701
0
0.305888
0.561582
0.563967
0
0.618724
0.271656
0.604752
0.346566
0.565644
0
0.299966
0.61916
0.456456
0
0
0.370841
0.278031
0.314569
0
0.262918
0.61315
0.350882
0.723076
0.548156
0.524633
0.284411
0
0.305678
0.433344
0.367928
0.675354
0
0.298746
0.358064
0.437719
0.711372
0.304551
0.265944
0.382329
0.297429
0.509501
0
0.607803
0.988534
0.481183
0
0
0
0
0
0
0.666617
0
0
0.279823
0.389659
0.38497
0
0.282233
0.453386
0.318555
0
0.479744
0
0.280531
0.574783
0.303848
0
0
0.293136
0.300836
0
0.636537
0.583761
0.366742
0
0.544659
0.274306
0.534182
0.512397
0
0.308662
0.422265
0.354929
0
0
0.700607
0.618609
0.591076
0.327183
0
0.348961
0.494545
0
0
0.32502
0.394494
0.439525
0.554058
0.349091
0.577067
0
0.307601
0.250997
0.271739
0
0.601657
0.581098
0.378998
0
0.25692
0.322765
0.394968
0.631767
0
0.34203
0.560557
0.511841
0.563756
0
0.32585
0.415675
0.473836
0.325661
0.440587
0
0.283409
0
0.300577
0.26973
0
0.453918
0.418708
0.481962
0.324362
0.427115
0
0.275541
0.405843
0.392671
0.524126
0
0.336556
0.994655
0.365737
0
0
0.324427
0.507314
0.303266
0.435287
0
0.281457
0.395879
0.377275
0.509603
0
0.335037
0.99418
0.433749
0.62169
0.255206
0
0.315293
0.336922
0.431434
0.628405
0.302036
0.646198
0.659502
0.373315
0
0
0
0.255155
0.432206
0.362464
0
0
0.681719
0
0
0.295352
0.396769
0.358576
0
0.289841
0.406068
0
0
0.267232
0
0.308412
0.343665
0.493142
0.49646
0.359034
0.371894
0.378984
0
0.341505
0.584861
0.525384
0.727482
0.539321
0.600785
0.527684
0.543254
0
0
0.301671
0.300019
0.41716
0
0.673836
0.312273
0.551488
0
0
0.392855
0.660202
0.373129
0.271334
0.260589
0.553266
0
0
0.311918
0.302765
0.423129
0.630821
0.296494
0.534562
0.622223
0.276826
0.390019
0.472579
0.259328
0.267328
0.285636
0.434163
0.308663
0
0
0.272776
0.463091
0.406791
0
0
0.339519
0.971237
0.414266
0
0
0.656083
0.566855
0.516033
0
0
0.403679
0.657791
0.348564
0.533086
0.254445
0.462306
0.271663
0.566601
0.496095
0
0.352879
0.52806
0.263935
0
0.685601
0.442902
0.427041
0.680737
0.563623
0.994153
0.591045
0.35131
0.401187
0
0.330183
0.25761
0.250441
0
0.272679
0
0.326824
0.305341
0.488886
0.426834
0.581042
0.29293
0.380457
0
0
0.369042
0.678238
0.345111
0
0
0.342119
0.972426
0.441288
0.609804
0
0.331684
0.253255
0.277742
0.250146
0
0.285914
0.448517
0.398872
0.573449
0.269982
0.521181
0.412733
0
0.393871
0.471436
0.545438
0.297062
0.379872
0
