2	2	0	2	0.288893
8	5	2	2	0.380292
7	5	2	2	0.485592
11	6	2	4	0.258872
17	9	4	3	0
16	8	3	5	0
20	11	5	0	0
1	1	0	1	0.264631
5	4	1	3	0.362799
13	7	3	2	0.409589
10	6	2	4	0.6869
17	9	4	3	0.66733
16	8	3	5	0.290592
20	11	5	0	0
2	2	0	2	0.306491
12	6	2	4	0.632755
18	10	4	5	0.279231
19	11	5	0	0
1	1	0	1	0.710007
4	3	1	1	0.4737
3	3	1	1	0.418236
6	4	1	3	0.615639
13	7	3	2	0.281422
10	6	2	4	0.556099
17	9	4	3	0.578952
16	8	3	5	0.272921
20	11	5	0	0
1	1	0	1	0.332592
4	3	1	1	0.363888
3	3	1	1	0.365788
3	3	1	1	0
6	4	1	3	0.669347
15	8	3	5	0.258696
20	11	5	0	0
2	2	0	2	0.299571
8	5	2	2	0.418573
7	5	2	2	0.502295
7	5	2	2	0.290154
7	5	2	2	0.312884
7	5	2	2	0.345783
7	5	2	2	0.369436
11	6	2	4	0.331813
18	10	4	5	0.764332
19	11	5	0	0
2	2	0	2	0.342509
12	6	2	4	0
18	10	4	5	0.275256
19	11	5	0	0
2	2	0	2	0
12	6	2	4	0.256237
18	10	4	5	0.277659
19	11	5	0	0
2	2	0	2	0
12	6	2	4	0
18	10	4	5	0.274767
19	11	5	0	0
2	2	0	2	0
8	5	2	2	0.718031
7	5	2	2	0.485338
7	5	2	2	0.326491
7	5	2	2	0.300249
7	5	2	2	0.330702
11	6	2	4	0.366223
18	10	4	5	0.716854
19	11	5	0	0
1	1	0	1	0.309367
5	4	1	3	0.345246
15	8	3	5	0.386532
20	11	5	0	0
2	2	0	2	0
12	6	2	4	0.36429
18	10	4	5	0.258292
19	11	5	0	0
1	1	0	1	0.684903
5	4	1	3	0.475648
13	7	3	2	0.444257
9	5	2	2	0.52762
7	5	2	2	0.665672
11	6	2	4	0.414134
18	10	4	5	0.526867
19	11	5	0	0
1	1	0	1	0.322613
4	3	1	1	0.712343
3	3	1	1	0.410029
6	4	1	3	0.630925
15	8	3	5	0.260857
20	11	5	0	0
1	1	0	1	0.28384
4	3	1	1	0.40193
6	4	1	3	0.378312
13	7	3	2	0.764672
10	6	2	4	0.510422
18	10	4	5	0
19	11	5	0	0
2	2	0	2	0.401745
12	6	2	4	0
18	10	4	5	0
19	11	5	0	0
2	2	0	2	0.267718
12	6	2	4	0
18	10	4	5	0.250943
19	11	5	0	0
2	2	0	2	0.266914
8	5	2	2	0.717881
7	5	2	2	0.469937
11	6	2	4	0.252414
17	9	4	3	0.27878
16	8	3	5	0
20	11	5	0	0
1	1	0	1	0.258396
4	3	1	1	0.416326
6	4	1	3	0.360822
15	8	3	5	0.591407
20	11	5	0	0
1	1	0	1	0.296194
5	4	1	3	0.385465
13	7	3	2	0.456925
10	6	2	4	0.640846
17	9	4	3	0.681115
16	8	3	5	0.264976
20	11	5	0	0
1	1	0	1	0.324531
4	3	1	1	0.338437
6	4	1	3	0.373642
15	8	3	5	0.611351
20	11	5	0	0
1	1	0	1	0.298137
5	4	1	3	0.379282
15	8	3	5	0.370768
20	11	5	0	0
1	1	0	1	0.268771
5	4	1	3	0.283517
13	7	3	2	0.417677
10	6	2	4	0.669733
18	10	4	5	0.265971
19	11	5	0	0
2	2	0	2	0.427973
12	6	2	4	0
17	9	4	3	0.583868
14	7	3	2	0.340763
10	6	2	4	0.368949
18	10	4	5	0
19	11	5	0	0
2	2	0	2	0.352997
8	5	2	2	0.675557
11	6	2	4	0.397282
17	9	4	3	0.532287
14	7	3	2	0.256415
9	5	2	2	0.493544
7	5	2	2	0.537307
11	6	2	4	0.357353
18	10	4	5	0.293395
19	11	5	0	0
1	1	0	1	0.347224
5	4	1	3	0.990327
13	7	3	2	0.386767
9	5	2	2	0.550761
7	5	2	2	0.67527
11	6	2	4	0.420133
18	10	4	5	0.273454
19	11	5	0	0
2	2	0	2	0.298738
8	5	2	2	0.389279
7	5	2	2	0.472813
11	6	2	4	0.269271
17	9	4	3	0.271356
14	7	3	2	0.293678
9	5	2	2	0.38378
11	6	2	4	0.368987
18	10	4	5	0
19	11	5	0	0
1	1	0	1	0.317231
5	4	1	3	0.99293
13	7	3	2	0.374671
10	6	2	4	0.6165
17	9	4	3	0.780982
16	8	3	5	0.57115
20	11	5	0	0
2	2	0	2	0.350777
8	5	2	2	0.460631
7	5	2	2	0.487414
7	5	2	2	0.278142
7	5	2	2	0.282071
11	6	2	4	0.39612
18	10	4	5	0.323441
19	11	5	0	0
1	1	0	1	0.315148
5	4	1	3	0.494661
13	7	3	2	0.377223
10	6	2	4	0.626795
18	10	4	5	0.252008
19	11	5	0	0
2	2	0	2	0.420825
12	6	2	4	0
17	9	4	3	0.587914
14	7	3	2	0.30506
9	5	2	2	0.447807
11	6	2	4	0.475474
18	10	4	5	0
19	11	5	0	0
2	2	0	2	0.276417
12	6	2	4	0.269308
18	10	4	5	0
19	11	5	0	0
1	1	0	1	0.332759
5	4	1	3	0.498298
15	8	3	5	0.449178
20	11	5	0	0
1	1	0	1	0
4	3	1	1	0.320237
3	3	1	1	0.497562
3	3	1	1	0
3	3	1	1	0
6	4	1	3	0.610224
13	7	3	2	0.275914
10	6	2	4	0.501995
18	10	4	5	0
19	11	5	0	0
2	2	0	2	0.407677
12	6	2	4	0
17	9	4	3	0.606462
16	8	3	5	0.328859
20	11	5	0	0
2	2	0	2	0.518213
12	6	2	4	0.338306
17	9	4	3	0.323031
14	7	3	2	0.32471
10	6	2	4	0.345975
18	10	4	5	0
19	11	5	0	0
2	2	0	2	0.351972
8	5	2	2	0.695471
11	6	2	4	0.371171
17	9	4	3	0.540592
16	8	3	5	0.570737
20	11	5	0	0
2	2	0	2	0.296003
12	6	2	4	0.551355
17	9	4	3	0.325687
16	8	3	5	0.377521
20	11	5	0	0
1	1	0	1	0.300311
5	4	1	3	0.605183
13	7	3	2	0.40579
10	6	2	4	0.645097
18	10	4	5	0
19	11	5	0	0
1	1	0	1	0.348224
5	4	1	3	0.34889
15	8	3	5	0.436059
20	11	5	0	0
2	2	0	2	0.256724
12	6	2	4	0.340608
18	10	4	5	0
19	11	5	0	0
1	1	0	1	0.738376
5	4	1	3	0.408631
13	7	3	2	0.392502
9	5	2	2	0.607454
7	5	2	2	0.739504
11	6	2	4	0.396503
18	10	4	5	0.25537
19	11	5	0	0
2	2	0	2	0.288491
12	6	2	4	0
17	9	4	3	0.591806
14	7	3	2	0.30274
9	5	2	2	0.526836
7	5	2	2	0.518519
7	5	2	2	0.377418
7	5	2	2	0.310156
7	5	2	2	0.35951
7	5	2	2	0.364781
11	6	2	4	0.321904
17	9	4	3	0.977805
16	8	3	5	0.284479
20	11	5	0	0
2	2	0	2	0.72472
12	6	2	4	0.491295
18	10	4	5	0.266219
19	11	5	0	0
1	1	0	1	0.691286
4	3	1	1	0.547831
3	3	1	1	0.472149
6	4	1	3	0.590471
13	7	3	2	0.261995
9	5	2	2	0.657837
11	6	2	4	0.351065
18	10	4	5	0
19	11	5	0	0
2	2	0	2	0.306864
8	5	2	2	0.658753
11	6	2	4	0.421139
18	10	4	5	0
19	11	5	0	0
2	2	0	2	0.30353
8	5	2	2	0.397072
7	5	2	2	0.489347
11	6	2	4	0.264656
17	9	4	3	0.272021
16	8	3	5	0
20	11	5	0	0
1	1	0	1	0.257438
5	4	1	3	0.393715
15	8	3	5	0.445948
20	11	5	0	0
1	1	0	1	0.259044
5	4	1	3	0.276506
13	7	3	2	0.410789
9	5	2	2	0.536946
7	5	2	2	0.60349
11	6	2	4	0.405164
18	10	4	5	0.278927
19	11	5	0	0
2	2	0	2	0.287212
12	6	2	4	0.265917
17	9	4	3	0.570309
14	7	3	2	0.324048
9	5	2	2	0.452864
7	5	2	2	0.446104
11	6	2	4	0.295394
18	10	4	5	0.282315
19	11	5	0	0
1	1	0	1	0.325575
5	4	1	3	0.988722
13	7	3	2	0.391182
10	6	2	4	0.629915
18	10	4	5	0.2553
19	11	5	0	0
2	2	0	2	0.400116
8	5	2	2	0.627113
7	5	2	2	0.435441
7	5	2	2	0.283182
7	5	2	2	0.268371
7	5	2	2	0.30057
7	5	2	2	0.317787
7	5	2	2	0.304797
11	6	2	4	0.329105
17	9	4	3	0.877451
14	7	3	2	0.286449
9	5	2	2	0.339345
11	6	2	4	0.476968
17	9	4	3	0.563003
16	8	3	5	0.422232
20	11	5	0	0
1	1	0	1	0
5	4	1	3	0.508433
15	8	3	5	0.397183
20	11	5	0	0
2	2	0	2	0.523256
8	5	2	2	0.274872
7	5	2	2	0.402301
7	5	2	2	0.26893
11	6	2	4	0.717348
17	9	4	3	0.263877
16	8	3	5	0.3189
20	11	5	0	0
1	1	0	1	0
5	4	1	3	0.410584
15	8	3	5	0.453423
20	11	5	0	0
2	2	0	2	0.529184
8	5	2	2	0.262546
11	6	2	4	0.491749
17	9	4	3	0
14	7	3	2	0
10	6	2	4	0.715579
17	9	4	3	0.571158
16	8	3	5	0.289357
20	11	5	0	0
1	1	0	1	0
5	4	1	3	0.455802
15	8	3	5	0.446079
20	11	5	0	0
1	1	0	1	0.257718
4	3	1	1	0.335159
6	4	1	3	0.501048
13	7	3	2	0.634276
10	6	2	4	0.589939
17	9	4	3	0.562171
16	8	3	5	0.28734
20	11	5	0	0
1	1	0	1	0.268265
4	3	1	1	0.448452
6	4	1	3	0.3656
13	7	3	2	0.685746
10	6	2	4	0.587369
18	10	4	5	0
19	11	5	0	0
2	2	0	2	0.360349
8	5	2	2	0.546204
11	6	2	4	0.475549
17	9	4	3	0.262606
16	8	3	5	0.316917
20	11	5	0	0
2	2	0	2	0.280662
12	6	2	4	0.678173
17	9	4	3	0.282319
16	8	3	5	0.387262
20	11	5	0	0
1	1	0	1	0.25797
5	4	1	3	0.980278
13	7	3	2	0.41297
9	5	2	2	0.529295
7	5	2	2	0.546975
7	5	2	2	0.367563
11	6	2	4	0.476205
18	10	4	5	0.737521
19	11	5	0	0
2	2	0	2	0.275324
12	6	2	4	0.309468
17	9	4	3	0.283745
16	8	3	5	0.316676
20	11	5	0	0
2	2	0	2	0.429521
12	6	2	4	0.42195
17	9	4	3	0.27118
14	7	3	2	0.344821
9	5	2	2	0.432386
11	6	2	4	0.540707
17	9	4	3	0.259228
14	7	3	2	0.380508
10	6	2	4	0.4425
18	10	4	5	0.506699
19	11	5	0	0
1	1	0	1	0.314391
5	4	1	3	0.441646
13	7	3	2	0.378874
9	5	2	2	0.529263
11	6	2	4	0.375423
18	10	4	5	0.582775
19	11	5	0	0
1	1	0	1	0.301719
4	3	1	1	0.980519
3	3	1	1	0.482436
3	3	1	1	0
3	3	1	1	0
6	4	1	3	0.611418
15	8	3	5	0.261186
20	11	5	0	0
2	2	0	2	0.32118
12	6	2	4	0.298628
17	9	4	3	0
16	8	3	5	0
20	11	5	0	0
2	2	0	2	0.383083
8	5	2	2	0.392743
7	5	2	2	0.474288
11	6	2	4	0.371462
18	10	4	5	0.472683
19	11	5	0	0
2	2	0	2	0
12	6	2	4	0.298637
18	10	4	5	0.285537
19	11	5	0	0
2	2	0	2	0
12	6	2	4	0.259983
18	10	4	5	0.285997
19	11	5	0	0
2	2	0	2	0
8	5	2	2	0.45205
11	6	2	4	0.442712
17	9	4	3	0
16	8	3	5	0.298707
20	11	5	0	0
1	1	0	1	0.316312
5	4	1	3	0.507888
13	7	3	2	0.333289
9	5	2	2	0.595915
11	6	2	4	0.365708
17	9	4	3	0
16	8	3	5	0.402878
20	11	5	0	0
2	2	0	2	0.3537
8	5	2	2	0.457085
11	6	2	4	0.429547
17	9	4	3	0
16	8	3	5	0.255632
20	11	5	0	0
1	1	0	1	0.318085
4	3	1	1	0.398177
3	3	1	1	0.39578
3	3	1	1	0
3	3	1	1	0
3	3	1	1	0
6	4	1	3	0.683383
13	7	3	2	0.559191
9	5	2	2	0.614347
7	5	2	2	0.650672
7	5	2	2	0.469917
7	5	2	2	0.272505
7	5	2	2	0.312364
7	5	2	2	0.332208
7	5	2	2	0.331059
7	5	2	2	0.321246
11	6	2	4	0.374129
17	9	4	3	0.757197
14	7	3	2	0.58547
9	5	2	2	0.346073
7	5	2	2	0.403271
11	6	2	4	0.319082
18	10	4	5	0.631595
19	11	5	0	0
1	1	0	1	0.551634
5	4	1	3	0.993482
13	7	3	2	0.434312
9	5	2	2	0.454358
11	6	2	4	0.408515
18	10	4	5	0.591967
19	11	5	0	0
1	1	0	1	0.265835
5	4	1	3	0.992065
13	7	3	2	0.416248
10	6	2	4	0.705381
18	10	4	5	0.289126
19	11	5	0	0
1	1	0	1	0.264021
4	3	1	1	0.383121
3	3	1	1	0.476577
3	3	1	1	0
3	3	1	1	0
3	3	1	1	0
6	4	1	3	0.664796
15	8	3	5	0
20	11	5	0	0
1	1	0	1	0.256358
4	3	1	1	0.474653
3	3	1	1	0.35843
3	3	1	1	0
3	3	1	1	0
6	4	1	3	0.700505
13	7	3	2	0.592963
9	5	2	2	0.472988
11	6	2	4	0.351315
18	10	4	5	0.276388
19	11	5	0	0
2	2	0	2	0.29696
12	6	2	4	0.264376
17	9	4	3	0.29965
16	8	3	5	0.283995
20	11	5	0	0
1	1	0	1	0
4	3	1	1	0.595011
3	3	1	1	0.31861
6	4	1	3	0.693622
13	7	3	2	0.545593
9	5	2	2	0.567716
7	5	2	2	0.522691
11	6	2	4	0.47743
18	10	4	5	0.592241
19	11	5	0	0
1	1	0	1	0.284544
4	3	1	1	0.690488
3	3	1	1	0.382938
6	4	1	3	0.674649
15	8	3	5	0
20	11	5	0	0
2	2	0	2	0.315803
8	5	2	2	0.329953
11	6	2	4	0.431437
17	9	4	3	0
16	8	3	5	0
20	11	5	0	0
1	1	0	1	0.256756
4	3	1	1	0.421724
3	3	1	1	0.30519
6	4	1	3	0.700202
15	8	3	5	0
20	11	5	0	0
2	2	0	2	0.311415
12	6	2	4	0.362583
17	9	4	3	0
14	7	3	2	0.62331
10	6	2	4	0.50701
18	10	4	5	0
19	11	5	0	0
1	1	0	1	0.287696
5	4	1	3	0.559716
15	8	3	5	0.364155
20	11	5	0	0
2	2	0	2	0.515998
8	5	2	2	0.284489
11	6	2	4	0.468115
17	9	4	3	0
16	8	3	5	0
20	11	5	0	0
2	2	0	2	0.302661
12	6	2	4	0.686867
17	9	4	3	0.281842
14	7	3	2	0.432885
10	6	2	4	0.425274
18	10	4	5	0
19	11	5	0	0
2	2	0	2	0.315942
8	5	2	2	0.627436
11	6	2	4	0.443579
17	9	4	3	0
14	7	3	2	0.29756
9	5	2	2	0.451118
7	5	2	2	0.501011
7	5	2	2	0.392698
11	6	2	4	0.438819
17	9	4	3	0
16	8	3	5	0.26238
20	11	5	0	0
2	2	0	2	0.650857
12	6	2	4	0.471287
17	9	4	3	0.278854
16	8	3	5	0.332762
20	11	5	0	0
1	1	0	1	0.266238
4	3	1	1	0.578686
6	4	1	3	0.377429
15	8	3	5	0.65069
20	11	5	0	0
2	2	0	2	0.28801
8	5	2	2	0.392116
11	6	2	4	0.408793
17	9	4	3	0
14	7	3	2	0.571197
10	6	2	4	0.654235
18	10	4	5	0
19	11	5	0	0
1	1	0	1	0.309172
5	4	1	3	0.357062
13	7	3	2	0.458347
10	6	2	4	0.711522
18	10	4	5	0.285102
19	11	5	0	0
2	2	0	2	0.335711
12	6	2	4	0
18	10	4	5	0.277266
19	11	5	0	0
1	1	0	1	0.640409
5	4	1	3	0.617512
13	7	3	2	0.445238
10	6	2	4	0.652286
18	10	4	5	0.262833
19	11	5	0	0
2	2	0	2	0.349853
12	6	2	4	0
17	9	4	3	0.307247
16	8	3	5	0.292213
20	11	5	0	0
2	2	0	2	0.41553
12	6	2	4	0.366217
17	9	4	3	0.289694
14	7	3	2	0.37478
9	5	2	2	0.507442
7	5	2	2	0.531594
7	5	2	2	0.382399
7	5	2	2	0.31888
11	6	2	4	0.455772
18	10	4	5	0.710255
19	11	5	0	0
2	2	0	2	0.262263
8	5	2	2	0.400174
7	5	2	2	0.456035
11	6	2	4	0.315306
18	10	4	5	0.730978
19	11	5	0	0
1	1	0	1	0.630486
5	4	1	3	0.570892
15	8	3	5	0.408355
20	11	5	0	0
2	2	0	2	0
8	5	2	2	0.318414
11	6	2	4	0.434852
18	10	4	5	0.632311
19	11	5	0	0
1	1	0	1	0.348972
4	3	1	1	0.575761
3	3	1	1	0.41488
3	3	1	1	0
3	3	1	1	0
6	4	1	3	0.690206
13	7	3	2	0.58335
9	5	2	2	0.590661
7	5	2	2	0.665246
11	6	2	4	0.462008
17	9	4	3	0
16	8	3	5	0
20	11	5	0	0
1	1	0	1	0.262976
4	3	1	1	0.442252
3	3	1	1	0.339893
3	3	1	1	0
6	4	1	3	0.713364
15	8	3	5	0
20	11	5	0	0
2	2	0	2	0.280243
8	5	2	2	0.394376
7	5	2	2	0.461053
11	6	2	4	0.368757
17	9	4	3	0.274527
16	8	3	5	0.300714
20	11	5	0	0.261741
1	1	0	1	0.254841
4	3	1	1	0.395388
6	4	1	3	0.431602
15	8	3	5	0.56922
20	11	5	0	0
2	2	0	2	0.290186
12	6	2	4	0.336933
18	10	4	5	0.575408
19	11	5	0	0
2	2	0	2	0
8	5	2	2	0.444805
11	6	2	4	0.468534
18	10	4	5	0.275613
19	11	5	0	0
2	2	0	2	0.288337
12	6	2	4	0.278501
17	9	4	3	0.30167
16	8	3	5	0.254898
20	11	5	0	0
2	2	0	2	0.397895
12	6	2	4	0.390842
18	10	4	5	0.297584
19	11	5	0	0
2	2	0	2	0
8	5	2	2	0.508358
11	6	2	4	0.439821
18	10	4	5	0.518239
19	11	5	0	0
1	1	0	1	0.361484
4	3	1	1	0.956996
6	4	1	3	0.577802
15	8	3	5	0.552183
20	11	5	0	0
2	2	0	2	0.288304
8	5	2	2	0.428532
7	5	2	2	0.467869
11	6	2	4	0.341013
17	9	4	3	0.268445
14	7	3	2	0.461411
9	5	2	2	0.447719
7	5	2	2	0.485019
11	6	2	4	0.319606
18	10	4	5	0.581822
19	11	5	0	0
1	1	0	1	0.614696
5	4	1	3	0.994115
13	7	3	2	0.454015
10	6	2	4	0.663519
18	10	4	5	0.267973
19	11	5	0	0
2	2	0	2	0.335792
12	6	2	4	0
17	9	4	3	0.311443
14	7	3	2	0.369369
9	5	2	2	0.507842
7	5	2	2	0.496932
7	5	2	2	0.364524
7	5	2	2	0.299337
7	5	2	2	0.343323
11	6	2	4	0.389641
17	9	4	3	0.83989
14	7	3	2	0.582405
9	5	2	2	0.379185
11	6	2	4	0.439633
17	9	4	3	0.275362
16	8	3	5	0.339536
20	11	5	0	0
1	1	0	1	0.266184
5	4	1	3	0.526246
15	8	3	5	0.36371
20	11	5	0	0
1	1	0	1	0.544707
4	3	1	1	0.267456
3	3	1	1	0.390943
6	4	1	3	0.649604
13	7	3	2	0.552843
9	5	2	2	0.603935
7	5	2	2	0.609572
7	5	2	2	0.417889
7	5	2	2	0.255962
7	5	2	2	0.295006
11	6	2	4	0.456865
17	9	4	3	0.802736
14	7	3	2	0.578046
10	6	2	4	0.458431
18	10	4	5	0.512326
19	11	5	0	0
2	2	0	2	0.289804
12	6	2	4	0.26839
18	10	4	5	0.288413
19	11	5	0	0
2	2	0	2	0
12	6	2	4	0.271186
17	9	4	3	0.285872
16	8	3	5	0.267434
20	11	5	0	0
1	1	0	1	0.260855
4	3	1	1	0.536733
3	3	1	1	0.318828
3	3	1	1	0
6	4	1	3	0.699227
15	8	3	5	0.250258
20	11	5	0	0
1	1	0	1	0.29471
4	3	1	1	0.416842
6	4	1	3	0.39044
15	8	3	5	0.618299
20	11	5	0	0
1	1	0	1	0.291287
5	4	1	3	0.397803
15	8	3	5	0.350017
20	11	5	0	0
2	2	0	2	0
12	6	2	4	0.474923
18	10	4	5	0.270472
19	11	5	0	0
2	2	0	2	0
12	6	2	4	0.281671
18	10	4	5	0.282092
19	11	5	0	0
2	2	0	2	0
12	6	2	4	0.268453
18	10	4	5	0.280926
19	11	5	0	0
1	1	0	1	0.645056
5	4	1	3	0.597202
13	7	3	2	0.448379
10	6	2	4	0.671986
18	10	4	5	0.262972
19	11	5	0	0
2	2	0	2	0.339259
12	6	2	4	0
18	10	4	5	0.265211
19	11	5	0	0
2	2	0	2	0
12	6	2	4	0
17	9	4	3	0.309678
14	7	3	2	0.338482
9	5	2	2	0.526029
11	6	2	4	0.494019
18	10	4	5	0
19	11	5	0	0
1	1	0	1	0.649967
5	4	1	3	0.996274
15	8	3	5	0.363838
20	11	5	0	0
2	2	0	2	0
8	5	2	2	0.339193
7	5	2	2	0.514558
11	6	2	4	0.312522
17	9	4	3	0.295914
16	8	3	5	0.394845
20	11	5	0	0
1	1	0	1	0.273516
4	3	1	1	0.359086
6	4	1	3	0.386361
15	8	3	5	0.557334
20	11	5	0	0
1	1	0	1	0.318411
5	4	1	3	0.370064
13	7	3	2	0.460272
10	6	2	4	0.694889
17	9	4	3	0.633594
14	7	3	2	0.540696
10	6	2	4	0.584967
18	10	4	5	0
19	11	5	0	0
1	1	0	1	0.328646
5	4	1	3	0.313129
13	7	3	2	0.40186
10	6	2	4	0.646049
18	10	4	5	0.255634
19	11	5	0	0
1	1	0	1	0.340404
5	4	1	3	0.349524
15	8	3	5	0.398644
20	11	5	0	0
1	1	0	1	0.529094
4	3	1	1	0.291284
3	3	1	1	0.433753
6	4	1	3	0.616776
13	7	3	2	0.287506
10	6	2	4	0.554799
17	9	4	3	0.616866
14	7	3	2	0.521408
10	6	2	4	0.552238
18	10	4	5	0
19	11	5	0	0
2	2	0	2	0.363402
8	5	2	2	0.695471
7	5	2	2	0.474491
11	6	2	4	0.298118
18	10	4	5	0.416306
19	11	5	0	0
1	1	0	1	0.380826
5	4	1	3	0.51075
13	7	3	2	0.387713
10	6	2	4	0.588882
17	9	4	3	0.774678
14	7	3	2	0.255421
9	5	2	2	0.41789
7	5	2	2	0.475454
7	5	2	2	0.340187
11	6	2	4	0.397321
18	10	4	5	0.3696
19	11	5	0	0
1	1	0	1	0.355768
4	3	1	1	0.971991
6	4	1	3	0.444133
13	7	3	2	0.600448
9	5	2	2	0.550561
11	6	2	4	0.27056
18	10	4	5	0
19	11	5	0	0
2	2	0	2	0.31869
12	6	2	4	0
18	10	4	5	0
19	11	5	0	0
2	2	0	2	0.256512
8	5	2	2	0.715967
11	6	2	4	0.414924
17	9	4	3	0.566514
14	7	3	2	0
9	5	2	2	0.470548
7	5	2	2	0.50952
11	6	2	4	0.351969
17	9	4	3	0.259566
16	8	3	5	0.518376
20	11	5	0	0
1	1	0	1	0.256037
5	4	1	3	0.403573
13	7	3	2	0.371152
9	5	2	2	0.53328
7	5	2	2	0.615381
7	5	2	2	0.400717
7	5	2	2	0.261425
11	6	2	4	0.454263
17	9	4	3	0.369724
14	7	3	2	0.268944
9	5	2	2	0.384735
7	5	2	2	0.441008
7	5	2	2	0.318561
7	5	2	2	0.255253
11	6	2	4	0.471934
17	9	4	3	0.556432
16	8	3	5	0.318392
20	11	5	0	0
1	1	0	1	0
4	3	1	1	0.508619
6	4	1	3	0.33068
15	8	3	5	0.707886
20	11	5	0	0
2	2	0	2	0.325721
8	5	2	2	0.341682
7	5	2	2	0.377387
11	6	2	4	0.645771
18	10	4	5	0.477877
19	11	5	0	0
1	1	0	1	0.302593
4	3	1	1	0.588221
6	4	1	3	0.395976
13	7	3	2	0.621966
10	6	2	4	0.568862
17	9	4	3	0.594333
16	8	3	5	0.528794
20	11	5	0	0
1	1	0	1	0.268354
4	3	1	1	0.418644
3	3	1	1	0.38476
3	3	1	1	0
6	4	1	3	0.627258
15	8	3	5	0.278758
20	11	5	0	0
2	2	0	2	0.317569
12	6	2	4	0.343132
17	9	4	3	0
14	7	3	2	0.552314
9	5	2	2	0.373959
7	5	2	2	0.374946
7	5	2	2	0.281838
7	5	2	2	0.255274
11	6	2	4	0.514888
18	10	4	5	0.48585
19	11	5	0	0
2	2	0	2	0.290475
8	5	2	2	0.32703
11	6	2	4	0.479109
17	9	4	3	0.268496
16	8	3	5	0.545256
20	11	5	0	0
1	1	0	1	0.267499
4	3	1	1	0.386243
6	4	1	3	0.354296
13	7	3	2	0.685585
10	6	2	4	0.594605
18	10	4	5	0
19	11	5	0	0
1	1	0	1	0.276148
4	3	1	1	0.505937
6	4	1	3	0.451315
15	8	3	5	0.583961
20	11	5	0	0
1	1	0	1	0.267706
4	3	1	1	0.449711
6	4	1	3	0.323904
15	8	3	5	0.645842
20	11	5	0	0
1	1	0	1	0.267755
5	4	1	3	0.348035
13	7	3	2	0.407471
9	5	2	2	0.465135
11	6	2	4	0.3212
17	9	4	3	0.274383
16	8	3	5	0.421287
20	11	5	0	0
1	1	0	1	0
4	3	1	1	0.487006
6	4	1	3	0.314029
13	7	3	2	0.662043
10	6	2	4	0.612443
18	10	4	5	0
19	11	5	0	0
1	1	0	1	0.279243
4	3	1	1	0.469142
6	4	1	3	0.418607
15	8	3	5	0.54998
20	11	5	0	0
2	2	0	2	0.364923
12	6	2	4	0.324138
18	10	4	5	0.544122
19	11	5	0	0
2	2	0	2	0.265715
12	6	2	4	0.273828
17	9	4	3	0.537021
14	7	3	2	0.28791
9	5	2	2	0.459497
11	6	2	4	0.572059
18	10	4	5	0
19	11	5	0	0
1	1	0	1	0.324982
5	4	1	3	0.992563
13	7	3	2	0.34565
10	6	2	4	0.687948
17	9	4	3	0.525658
16	8	3	5	0.529886
20	11	5	0	0
2	2	0	2	0.346175
8	5	2	2	0.469651
11	6	2	4	0.466064
18	10	4	5	0.683769
19	11	5	0	0
1	1	0	1	0.325092
4	3	1	1	0.527211
3	3	1	1	0.408364
3	3	1	1	0
3	3	1	1	0
3	3	1	1	0
3	3	1	1	0
6	4	1	3	0.652512
15	8	3	5	0.273426
20	11	5	0	0
1	1	0	1	0.292463
5	4	1	3	0.349699
13	7	3	2	0.422193
10	6	2	4	0.70251
17	9	4	3	0.670225
14	7	3	2	0.528839
9	5	2	2	0.368359
7	5	2	2	0.434292
7	5	2	2	0.310392
7	5	2	2	0.269936
11	6	2	4	0.497997
18	10	4	5	0.383666
19	11	5	0	0
2	2	0	2	0.324814
8	5	2	2	0.347129
11	6	2	4	0.463076
18	10	4	5	0.28669
19	11	5	0	0
1	1	0	1	0.316056
4	3	1	1	0.954979
3	3	1	1	0.390823
3	3	1	1	0
6	4	1	3	0.652178
15	8	3	5	0.278302
20	11	5	0	0
2	2	0	2	0.348232
12	6	2	4	0.33186
17	9	4	3	0
16	8	3	5	0
20	11	5	0	0
1	1	0	1	0
4	3	1	1	0.413254
6	4	1	3	0.344732
15	8	3	5	0.547864
20	11	5	0	0
2	2	0	2	0.353985
8	5	2	2	0.366455
7	5	2	2	0.41801
11	6	2	4	0.383356
18	10	4	5	0.470805
19	11	5	0	0
2	2	0	2	0.285497
12	6	2	4	0.27538
17	9	4	3	0.291507
14	7	3	2	0.585679
9	5	2	2	0.462119
7	5	2	2	0.448329
7	5	2	2	0.323556
11	6	2	4	0.447207
17	9	4	3	0.264666
16	8	3	5	0
20	11	5	0	0
2	2	0	2	0.715999
8	5	2	2	0.38369
11	6	2	4	0.458303
18	10	4	5	0.646813
19	11	5	0	0
1	1	0	1	0.312533
4	3	1	1	0.485116
3	3	1	1	0.364637
6	4	1	3	0.640952
15	8	3	5	0.258099
20	11	5	0	0
1	1	0	1	0.28141
4	3	1	1	0.33141
6	4	1	3	0.367817
15	8	3	5	0.551343
20	11	5	0	0
2	2	0	2	0.343172
8	5	2	2	0.364772
11	6	2	4	0.421394
18	10	4	5	0.295785
19	11	5	0	0
1	1	0	1	0.322497
4	3	1	1	0.539483
6	4	1	3	0.420347
13	7	3	2	0.686309
9	5	2	2	0.519001
11	6	2	4	0.565398
17	9	4	3	0.289661
16	8	3	5	0.298312
20	11	5	0	0
2	2	0	2	0.370678
12	6	2	4	0.58608
17	9	4	3	0.280948
14	7	3	2	0.354137
9	5	2	2	0.430749
7	5	2	2	0.459977
11	6	2	4	0.299855
17	9	4	3	0.252407
16	8	3	5	0
20	11	5	0	0
1	1	0	1	0
4	3	1	1	0.344369
6	4	1	3	0.351058
15	8	3	5	0.516501
20	11	5	0	0
1	1	0	1	0.287903
5	4	1	3	0.370115
15	8	3	5	0.327852
20	11	5	0	0
2	2	0	2	0.284937
8	5	2	2	0.310445
11	6	2	4	0.542643
17	9	4	3	0
14	7	3	2	0.30339
10	6	2	4	0.760183
17	9	4	3	0.566852
14	7	3	2	0.569974
10	6	2	4	0.549714
18	10	4	5	0.254199
19	11	5	0	0
2	2	0	2	0.335856
12	6	2	4	0.250345
18	10	4	5	0.26275
19	11	5	0	0
1	1	0	1	0.611486
5	4	1	3	0.563727
13	7	3	2	0.396492
10	6	2	4	0.695269
17	9	4	3	0.454271
16	8	3	5	0.250534
20	11	5	0	0
1	1	0	1	0.332123
4	3	1	1	0.312135
6	4	1	3	0.345493
15	8	3	5	0.56047
20	11	5	0	0
1	1	0	1	0.307361
5	4	1	3	0.354205
15	8	3	5	0.346385
20	11	5	0	0
1	1	0	1	0.272689
5	4	1	3	0.527425
15	8	3	5	0.358139
20	11	5	0	0
1	1	0	1	0.265464
5	4	1	3	0.529767
13	7	3	2	0.396896
9	5	2	2	0.554276
11	6	2	4	0.374108
17	9	4	3	0.276022
14	7	3	2	0.341864
10	6	2	4	0.536833
18	10	4	5	0
19	11	5	0	0
1	1	0	1	0.315474
4	3	1	1	0.413093
3	3	1	1	0.40967
3	3	1	1	0
3	3	1	1	0
3	3	1	1	0
6	4	1	3	0.664404
15	8	3	5	0
20	11	5	0	0
2	2	0	2	0.343542
8	5	2	2	0.393504
11	6	2	4	0.428633
18	10	4	5	0.297352
19	11	5	0	0
2	2	0	2	0.319456
12	6	2	4	0.303538
18	10	4	5	0
19	11	5	0	0
1	1	0	1	0.351507
5	4	1	3	0.577601
15	8	3	5	0.335905
20	11	5	0	0
1	1	0	1	0.26223
5	4	1	3	0.540269
15	8	3	5	0.356304
20	11	5	0	0
1	1	0	1	0.263586
4	3	1	1	0
3	3	1	1	0.386032
3	3	1	1	0
3	3	1	1	0
3	3	1	1	0
3	3	1	1	0
3	3	1	1	0
3	3	1	1	0
6	4	1	3	0.734807
15	8	3	5	0
20	11	5	0	0
1	1	0	1	0.301657
5	4	1	3	0.415755
15	8	3	5	0.307302
20	11	5	0	0
1	1	0	1	0.266494
5	4	1	3	0.586817
15	8	3	5	0.319934
20	11	5	0	0
2	2	0	2	0.303945
8	5	2	2	0.31558
7	5	2	2	0.472872
11	6	2	4	0.356661
17	9	4	3	0.351175
16	8	3	5	0.34273
20	11	5	0	0.273841
2	2	0	2	0.829931
8	5	2	2	0.393918
11	6	2	4	0.453437
17	9	4	3	0
16	8	3	5	0
20	11	5	0	0
1	1	0	1	0.301269
4	3	1	1	0.292067
3	3	1	1	0.29245
3	3	1	1	0
3	3	1	1	0
3	3	1	1	0
6	4	1	3	0.786495
15	8	3	5	0
20	11	5	0	0
2	2	0	2	0.353581
8	5	2	2	0.392604
7	5	2	2	0.459309
7	5	2	2	0.274517
11	6	2	4	0.512178
17	9	4	3	0.29266
16	8	3	5	0
20	11	5	0	0
1	1	0	1	0
4	3	1	1	0.341274
6	4	1	3	0.470592
15	8	3	5	0.431536
20	11	5	0	0
2	2	0	2	0.359533
8	5	2	2	0.38179
11	6	2	4	0.448567
17	9	4	3	0
16	8	3	5	0
20	11	5	0	0
2	2	0	2	0.312079
8	5	2	2	0.448199
11	6	2	4	0.52472
17	9	4	3	0
16	8	3	5	0
20	11	5	0	0
1	1	0	1	0.302926
5	4	1	3	0.507216
15	8	3	5	0
20	11	5	0	0
1	1	0	1	0.257477
5	4	1	3	0.651982
13	7	3	2	0.565173
10	6	2	4	0.789645
18	10	4	5	0.321009
19	11	5	0	0
2	2	0	2	0.406388
8	5	2	2	0.359809
11	6	2	4	0.490047
17	9	4	3	0.26545
14	7	3	2	0.613387
9	5	2	2	0.459406
11	6	2	4	0.352946
17	9	4	3	0.266824
16	8	3	5	0.371727
20	11	5	0	0
2	2	0	2	0.345822
8	5	2	2	0.442366
11	6	2	4	0.490801
18	10	4	5	0.752049
19	11	5	0	0
1	1	0	1	0.335108
5	4	1	3	0.830828
13	7	3	2	0.53496
10	6	2	4	0.727281
18	10	4	5	0.302482
19	11	5	0	0
2	2	0	2	0.393903
12	6	2	4	0.25359
17	9	4	3	0.289408
16	8	3	5	0
20	11	5	0	0
2	2	0	2	0.470249
12	6	2	4	0.420556
17	9	4	3	0.275309
14	7	3	2	0.439107
9	5	2	2	0.488434
7	5	2	2	0.959971
7	5	2	2	0.342673
7	5	2	2	0.306751
7	5	2	2	0.351373
11	6	2	4	0.425513
17	9	4	3	0.837277
14	7	3	2	0.652269
10	6	2	4	0.44974
17	9	4	3	0
16	8	3	5	0
20	11	5	0	0
1	1	0	1	0.296032
4	3	1	1	0.34933
3	3	1	1	0.312808
3	3	1	1	0
6	4	1	3	0.759978
15	8	3	5	0
20	11	5	0	0
2	2	0	2	0.287909
8	5	2	2	0.391564
7	5	2	2	0.460339
7	5	2	2	0.270513
11	6	2	4	0.512437
18	10	4	5	0.660175
19	11	5	0	0
1	1	0	1	0.336933
4	3	1	1	0.513448
3	3	1	1	0.354071
3	3	1	1	0
6	4	1	3	0.776802
13	7	3	2	0.635785
9	5	2	2	0.605639
11	6	2	4	0.401387
17	9	4	3	0
14	7	3	2	0.394832
10	6	2	4	0.543816
17	9	4	3	0.269813
16	8	3	5	0
20	11	5	0	0
1	1	0	1	0.291209
5	4	1	3	0.485749
13	7	3	2	0.41525
9	5	2	2	0.545419
11	6	2	4	0.421644
17	9	4	3	0
14	7	3	2	0.390985
10	6	2	4	0.555174
18	10	4	5	0.263152
19	11	5	0	0
2	2	0	2	0.332148
12	6	2	4	0.271431
18	10	4	5	0.281009
19	11	5	0	0
2	2	0	2	0
8	5	2	2	0.436128
7	5	2	2	0.470733
7	5	2	2	0.306444
7	5	2	2	0.285617
7	5	2	2	0.314661
7	5	2	2	0.337578
7	5	2	2	0.331808
7	5	2	2	0.310804
7	5	2	2	0.303475
11	6	2	4	0.443526
18	10	4	5	0.454197
19	11	5	0	0
2	2	0	2	0.294838
12	6	2	4	0.29184
17	9	4	3	0.263681
14	7	3	2	0.395199
10	6	2	4	0.459779
18	10	4	5	0.256909
19	11	5	0	0
1	1	0	1	0.286002
4	3	1	1	0.429034
6	4	1	3	0.557159
15	8	3	5	0.473002
20	11	5	0	0
2	2	0	2	0.310477
8	5	2	2	0.356222
11	6	2	4	0.440915
17	9	4	3	0
16	8	3	5	0.253648
20	11	5	0	0
1	1	0	1	0.272802
4	3	1	1	0.414771
3	3	1	1	0.312152
6	4	1	3	0.695845
13	7	3	2	0.583171
9	5	2	2	0.612684
11	6	2	4	0.443297
18	10	4	5	0.576479
19	11	5	0	0
1	1	0	1	0.287522
4	3	1	1	0.516656
3	3	1	1	0.398299
6	4	1	3	0.675067
15	8	3	5	0
20	11	5	0	0
2	2	0	2	0.297823
8	5	2	2	0.348091
11	6	2	4	0.466684
18	10	4	5	0.586564
19	11	5	0	0
2	2	0	2	0.306881
8	5	2	2	0.364026
11	6	2	4	0.522817
17	9	4	3	0
14	7	3	2	0.55049
10	6	2	4	0.571834
18	10	4	5	0
19	11	5	0	0
1	1	0	1	0.291404
5	4	1	3	0.519557
15	8	3	5	0.356876
20	11	5	0	0
1	1	0	1	0.250832
4	3	1	1	0.259592
6	4	1	3	0.548742
13	7	3	2	0.712798
10	6	2	4	0.566236
18	10	4	5	0
19	11	5	0	0
2	2	0	2	0.368196
12	6	2	4	0
17	9	4	3	0.29005
14	7	3	2	0.364807
9	5	2	2	0.473895
7	5	2	2	0.464292
11	6	2	4	0.332447
18	10	4	5	0.582151
19	11	5	0	0
2	2	0	2	0.278022
12	6	2	4	0.298029
18	10	4	5	0.26583
19	11	5	0	0
2	2	0	2	0
8	5	2	2	0.430657
7	5	2	2	0.449133
7	5	2	2	0.303291
11	6	2	4	0.455347
18	10	4	5	0.347732
19	11	5	0	0
1	1	0	1	0.337016
4	3	1	1	0.580568
3	3	1	1	0.399001
3	3	1	1	0
3	3	1	1	0
3	3	1	1	0
3	3	1	1	0
6	4	1	3	0.715482
13	7	3	2	0.594394
10	6	2	4	0.569375
17	9	4	3	0.568337
16	8	3	5	0
20	11	5	0	0
1	1	0	1	0.297106
5	4	1	3	0.444288
15	8	3	5	0.287547
20	11	5	0	0
2	2	0	2	0.261873
12	6	2	4	0.415839
17	9	4	3	0.280743
14	7	3	2	0.58613
10	6	2	4	0.420519
17	9	4	3	0.534821
16	8	3	5	0
20	11	5	0	0
2	2	0	2	0.317195
8	5	2	2	0.481731
11	6	2	4	0.451587
17	9	4	3	0
16	8	3	5	0
20	11	5	0	0
2	2	0	2	0.293457
12	6	2	4	0.66528
18	10	4	5	0.285825
19	11	5	0	0
1	1	0	1	0.727654
4	3	1	1	0.421248
6	4	1	3	0.509957
15	8	3	5	0.509566
20	11	5	0	0
1	1	0	1	0.310679
5	4	1	3	0.415743
13	7	3	2	0.51659
9	5	2	2	0.550405
7	5	2	2	0.610566
7	5	2	2	0.435812
7	5	2	2	0.273394
7	5	2	2	0.315476
7	5	2	2	0.336154
11	6	2	4	0.390112
18	10	4	5	0.781531
19	11	5	0	0
1	1	0	1	0.293539
5	4	1	3	0.352885
13	7	3	2	0.458104
10	6	2	4	0.677844
17	9	4	3	0.445609
16	8	3	5	0.26427
20	11	5	0	0
2	2	0	2	0.316073
8	5	2	2	0.444383
11	6	2	4	0.47099
17	9	4	3	0
16	8	3	5	0
20	11	5	0	0
2	2	0	2	0.324313
12	6	2	4	0.670326
17	9	4	3	0.278852
14	7	3	2	0.41826
9	5	2	2	0.435072
11	6	2	4	0.519649
18	10	4	5	0.258327
19	11	5	0	0
1	1	0	1	0.591182
4	3	1	1	0.983769
6	4	1	3	0.478605
15	8	3	5	0.546777
20	11	5	0	0
1	1	0	1	0.285282
5	4	1	3	0.412237
15	8	3	5	0.363625
20	11	5	0	0
1	1	0	1	0.256214
5	4	1	3	0.288399
13	7	3	2	0.44703
9	5	2	2	0.530201
7	5	2	2	0.590481
7	5	2	2	0.383372
7	5	2	2	0.251988
11	6	2	4	0.505508
17	9	4	3	0.324189
16	8	3	5	0.265994
20	11	5	0	0
2	2	0	2	0.725865
8	5	2	2	0.366657
11	6	2	4	0.475657
18	10	4	5	0.688942
19	11	5	0	0
1	1	0	1	0.293958
4	3	1	1	0.564983
6	4	1	3	0.531834
15	8	3	5	0.540326
20	11	5	0	0
1	1	0	1	0.265591
4	3	1	1	0.442053
6	4	1	3	0.381183
13	7	3	2	0.775912
9	5	2	2	0.499603
7	5	2	2	0.600188
7	5	2	2	0.48657
7	5	2	2	0
7	5	2	2	0.269075
11	6	2	4	0.489972
18	10	4	5	0.800767
19	11	5	0	0
2	2	0	2	0.340885
12	6	2	4	0.275054
18	10	4	5	0.276695
19	11	5	0	0
2	2	0	2	0
12	6	2	4	0.27963
17	9	4	3	0.283818
16	8	3	5	0.273086
20	11	5	0	0
2	2	0	2	0.734367
12	6	2	4	0.429605
17	9	4	3	0.271684
14	7	3	2	0.389536
10	6	2	4	0.422812
17	9	4	3	0.520032
14	7	3	2	0.295241
10	6	2	4	0.502944
18	10	4	5	0
19	11	5	0	0
1	1	0	1	0.287329
5	4	1	3	0.349064
13	7	3	2	0.421786
10	6	2	4	0.66854
18	10	4	5	0.278088
19	11	5	0	0
1	1	0	1	0.294198
4	3	1	1	0.374732
3	3	1	1	0.467406
6	4	1	3	0.610515
13	7	3	2	0.286976
10	6	2	4	0.566076
17	9	4	3	0.568795
14	7	3	2	0.281235
9	5	2	2	0.363655
11	6	2	4	0.304322
18	10	4	5	0
19	11	5	0	0
2	2	0	2	0
12	6	2	4	0.285063
17	9	4	3	0.297488
14	7	3	2	0.31983
10	6	2	4	0.381932
17	9	4	3	0.544058
14	7	3	2	0.269873
10	6	2	4	0.442795
17	9	4	3	0.535735
16	8	3	5	0.288916
20	11	5	0	0
1	1	0	1	0.260459
4	3	1	1	0.498029
6	4	1	3	0.353426
15	8	3	5	0.638198
20	11	5	0	0
1	1	0	1	0.299893
5	4	1	3	0.357514
13	7	3	2	0.425077
10	6	2	4	0.66857
18	10	4	5	0
19	11	5	0	0
1	1	0	1	0.313471
4	3	1	1	0.516289
6	4	1	3	0.449018
15	8	3	5	0.556342
20	11	5	0	0
1	1	0	1	0.299173
4	3	1	1	0.48375
6	4	1	3	0.326423
13	7	3	2	0.691854
9	5	2	2	0.569272
11	6	2	4	0.301774
18	10	4	5	0.285223
19	11	5	0	0
2	2	0	2	0.311571
8	5	2	2	0.382743
11	6	2	4	0.494586
18	10	4	5	0.269587
19	11	5	0	0
2	2	0	2	0.304743
8	5	2	2	0.392898
7	5	2	2	0.480736
7	5	2	2	0.279331
11	6	2	4	0.46383
18	10	4	5	0.346084
19	11	5	0	0
1	1	0	1	0.334959
4	3	1	1	0.963799
3	3	1	1	0.462322
3	3	1	1	0
3	3	1	1	0
6	4	1	3	0.628923
13	7	3	2	0.558184
10	6	2	4	0.527106
18	10	4	5	0
19	11	5	0	0
1	1	0	1	0.303862
5	4	1	3	0.546171
15	8	3	5	0.391217
20	11	5	0	0
1	1	0	1	0
4	3	1	1	0.276937
6	4	1	3	0.452242
13	7	3	2	0.604621
9	5	2	2	0.540505
11	6	2	4	0.286956
17	9	4	3	0.286253
16	8	3	5	0.370201
20	11	5	0	0
1	1	0	1	0.251494
5	4	1	3	0.585093
15	8	3	5	0.386427
20	11	5	0	0
2	2	0	2	0.541165
12	6	2	4	0.412236
18	10	4	5	0
19	11	5	0	0
1	1	0	1	0.64961
5	4	1	3	0.42112
15	8	3	5	0.386384
20	11	5	0	0
2	2	0	2	0.541929
12	6	2	4	0.388194
18	10	4	5	0
19	11	5	0	0
2	2	0	2	0
8	5	2	2	0.469356
11	6	2	4	0.441867
17	9	4	3	0.290491
14	7	3	2	0.256854
9	5	2	2	0.480182
7	5	2	2	0.521708
11	6	2	4	0.384437
17	9	4	3	0.259438
14	7	3	2	0.516571
9	5	2	2	0.440371
7	5	2	2	0.437987
7	5	2	2	0.340792
7	5	2	2	0.270996
11	6	2	4	0.483155
18	10	4	5	0.450711
19	11	5	0	0
2	2	0	2	0.325613
12	6	2	4	0.267429
17	9	4	3	0.291238
14	7	3	2	0.309741
9	5	2	2	0.458847
11	6	2	4	0.537603
18	10	4	5	0
19	11	5	0	0
1	1	0	1	0.317187
5	4	1	3	0.994035
15	8	3	5	0.408609
20	11	5	0	0
2	2	0	2	0.539961
8	5	2	2	0.2922
11	6	2	4	0.444264
17	9	4	3	0
14	7	3	2	0
9	5	2	2	0.447839
11	6	2	4	0.308402
18	10	4	5	0
19	11	5	0	0
1	1	0	1	0.313575
5	4	1	3	0.990755
15	8	3	5	0.410603
20	11	5	0	0
1	1	0	1	0
5	4	1	3	0.265012
15	8	3	5	0.42997
20	11	5	0	0
1	1	0	1	0
5	4	1	3	0.251262
13	7	3	2	0.37288
9	5	2	2	0.519306
11	6	2	4	0.334767
18	10	4	5	0.27523
19	11	5	0	0
1	1	0	1	0.322881
4	3	1	1	0.591403
6	4	1	3	0.388637
13	7	3	2	0.608869
10	6	2	4	0.523136
18	10	4	5	0
19	11	5	0	0
2	2	0	2	0.455909
8	5	2	2	0.578251
11	6	2	4	0.404916
17	9	4	3	0.292105
14	7	3	2	0
10	6	2	4	0.562467
18	10	4	5	0
19	11	5	0	0
1	1	0	1	0.285169
4	3	1	1	0.35246
6	4	1	3	0.403409
15	8	3	5	0.572428
20	11	5	0	0
1	1	0	1	0.277812
4	3	1	1	0.497779
6	4	1	3	0.298361
15	8	3	5	0.660369
20	11	5	0	0
2	2	0	2	0.407541
12	6	2	4	0.289205
17	9	4	3	0.253281
14	7	3	2	0.256542
10	6	2	4	0.423562
17	9	4	3	0.585753
14	7	3	2	0
10	6	2	4	0.447393
17	9	4	3	0.59735
14	7	3	2	0
9	5	2	2	0.408416
11	6	2	4	0.370556
18	10	4	5	0
19	11	5	0	0
1	1	0	1	0.331007
4	3	1	1	0.988016
3	3	1	1	0.471607
3	3	1	1	0
3	3	1	1	0
6	4	1	3	0.585632
13	7	3	2	0.528617
9	5	2	2	0.573379
7	5	2	2	0.646869
7	5	2	2	0.474664
7	5	2	2	0.260593
11	6	2	4	0.46238
17	9	4	3	0.364266
16	8	3	5	0.298045
20	11	5	0	0
1	1	0	1	0
5	4	1	3	0.405418
13	7	3	2	0.373013
9	5	2	2	0.519882
11	6	2	4	0.349448
18	10	4	5	0.286417
19	11	5	0	0
1	1	0	1	0.333146
5	4	1	3	0.98563
13	7	3	2	0.301169
9	5	2	2	0.502359
11	6	2	4	0.372007
18	10	4	5	0.29728
19	11	5	0	0
1	1	0	1	0.270472
4	3	1	1	0.976041
3	3	1	1	0.472657
3	3	1	1	0
6	4	1	3	0.594848
15	8	3	5	0.291657
20	11	5	0	0
2	2	0	2	0.399406
12	6	2	4	0.320615
18	10	4	5	0.524918
19	11	5	0	0
2	2	0	2	0.323317
8	5	2	2	0.636768
11	6	2	4	0.417415
17	9	4	3	0.309679
14	7	3	2	0
10	6	2	4	0.535745
17	9	4	3	0.641221
16	8	3	5	0.530988
20	11	5	0	0
2	2	0	2	0.752901
8	5	2	2	0.42041
7	5	2	2	0.474841
11	6	2	4	0.332322
17	9	4	3	0.412476
14	7	3	2	0.331371
10	6	2	4	0.443937
18	10	4	5	0
19	11	5	0	0
2	2	0	2	0.394746
12	6	2	4	0
18	10	4	5	0
19	11	5	0	0
1	1	0	1	0.326966
5	4	1	3	0.508753
15	8	3	5	0.416078
20	11	5	0	0
2	2	0	2	0.548482
12	6	2	4	0.360227
18	10	4	5	0
19	11	5	0	0
2	2	0	2	0
8	5	2	2	0.466862
7	5	2	2	0.454683
11	6	2	4	0.267566
17	9	4	3	0.285972
14	7	3	2	0.516167
9	5	2	2	0.413994
11	6	2	4	0.368729
18	10	4	5	0
19	11	5	0	0
1	1	0	1	0.322225
4	3	1	1	0.988491
6	4	1	3	0.367764
13	7	3	2	0.624494
9	5	2	2	0.535913
7	5	2	2	0.692474
7	5	2	2	0.540994
7	5	2	2	0.250884
7	5	2	2	0.296477
11	6	2	4	0.400055
17	9	4	3	0.933262
14	7	3	2	0.26706
10	6	2	4	0.380978
17	9	4	3	0.566127
14	7	3	2	0
10	6	2	4	0.471878
17	9	4	3	0.587181
14	7	3	2	0
9	5	2	2	0.359818
7	5	2	2	0.386234
7	5	2	2	0.281691
7	5	2	2	0.255391
7	5	2	2	0.293776
7	5	2	2	0.299529
11	6	2	4	0.3621
18	10	4	5	0.77112
19	11	5	0	0
1	1	0	1	0.259537
5	4	1	3	0.356125
13	7	3	2	0.357197
10	6	2	4	0.666155
18	10	4	5	0.272829
19	11	5	0	0
1	1	0	1	0.256959
4	3	1	1	0.428833
3	3	1	1	0.543276
6	4	1	3	0.536167
13	7	3	2	0.25942
10	6	2	4	0.560118
17	9	4	3	0.609137
14	7	3	2	0
10	6	2	4	0.55535
17	9	4	3	0.597015
14	7	3	2	0
10	6	2	4	0.414651
18	10	4	5	0
19	11	5	0	0
1	1	0	1	0.259089
4	3	1	1	0.546788
3	3	1	1	0.563192
6	4	1	3	0.529505
13	7	3	2	0.253315
10	6	2	4	0.53335
18	10	4	5	0
19	11	5	0	0
2	2	0	2	0.424522
12	6	2	4	0
17	9	4	3	0.569306
16	8	3	5	0.373891
20	11	5	0	0
2	2	0	2	0.788437
12	6	2	4	0.368805
18	10	4	5	0.268153
19	11	5	0	0
1	1	0	1	0.627933
5	4	1	3	0.40035
15	8	3	5	0.466268
20	11	5	0	0
1	1	0	1	0
4	3	1	1	0.578414
6	4	1	3	0.415568
13	7	3	2	0.568252
9	5	2	2	0.530374
7	5	2	2	0.63764
7	5	2	2	0.512305
11	6	2	4	0.667943
18	10	4	5	0.417711
19	11	5	0	0
1	1	0	1	0.300127
5	4	1	3	0.982258
15	8	3	5	0.473624
20	11	5	0	0
2	2	0	2	0.579426
8	5	2	2	0.275361
7	5	2	2	0.402776
7	5	2	2	0.273968
7	5	2	2	0.254309
7	5	2	2	0.281371
7	5	2	2	0.295129
11	6	2	4	0.363366
18	10	4	5	0.739938
19	11	5	0	0
1	1	0	1	0.253441
4	3	1	1	0.517815
3	3	1	1	0.524646
3	3	1	1	0
3	3	1	1	0
3	3	1	1	0
3	3	1	1	0
6	4	1	3	0.625955
15	8	3	5	0.264705
20	11	5	0	0
1	1	0	1	0
5	4	1	3	0.36752
13	7	3	2	0.443941
9	5	2	2	0.433764
7	5	2	2	0.475716
7	5	2	2	0.33345
11	6	2	4	0.756037
18	10	4	5	0.439861
19	11	5	0	0
1	1	0	1	0.2666
5	4	1	3	0.713961
13	7	3	2	0.393567
10	6	2	4	0.643997
17	9	4	3	0.571871
14	7	3	2	0.254937
9	5	2	2	0.314725
7	5	2	2	0.350541
7	5	2	2	0.254956
11	6	2	4	0.737601
17	9	4	3	0.289106
14	7	3	2	0.273644
10	6	2	4	0.474562
17	9	4	3	0.587107
16	8	3	5	0.571436
20	11	5	0	0
1	1	0	1	0
5	4	1	3	0.461431
15	8	3	5	0.370341
20	11	5	0	0
1	1	0	1	0
4	3	1	1	0.31932
3	3	1	1	0.497268
6	4	1	3	0.578029
15	8	3	5	0.266001
20	11	5	0	0
1	1	0	1	0
5	4	1	3	0.333978
13	7	3	2	0.421009
9	5	2	2	0.42223
11	6	2	4	0.330942
18	10	4	5	0.292895
19	11	5	0	0
2	2	0	2	0.294598
8	5	2	2	0.336915
7	5	2	2	0.36842
7	5	2	2	0
7	5	2	2	0
7	5	2	2	0
11	6	2	4	0.469295
17	9	4	3	0.704348
14	7	3	2	0.28816
9	5	2	2	0.29525
11	6	2	4	0.51559
18	10	4	5	0
19	11	5	0	0
2	2	0	2	0.561963
8	5	2	2	0.33746
11	6	2	4	0.555722
17	9	4	3	0.303439
14	7	3	2	0
10	6	2	4	0.52779
17	9	4	3	0.589812
16	8	3	5	0.318842
20	11	5	0	0
2	2	0	2	0.658142
12	6	2	4	0.688974
17	9	4	3	0.282726
14	7	3	2	0.328337
9	5	2	2	0.362033
11	6	2	4	0.557739
18	10	4	5	0
19	11	5	0	0
2	2	0	2	0.290681
8	5	2	2	0.357333
11	6	2	4	0.528933
17	9	4	3	0.280367
16	8	3	5	0.594861
20	11	5	0	0
2	2	0	2	0.600788
12	6	2	4	0.691466
17	9	4	3	0.279285
16	8	3	5	0.442929
20	11	5	0	0
2	2	0	2	0.710332
8	5	2	2	0.350298
11	6	2	4	0.460323
18	10	4	5	0.636276
19	11	5	0	0
1	1	0	1	0.279979
5	4	1	3	0.993142
13	7	3	2	0.40819
10	6	2	4	0.653171
17	9	4	3	0.466853
16	8	3	5	0.336017
20	11	5	0	0
1	1	0	1	0.276013
5	4	1	3	0.374839
15	8	3	5	0.359825
20	11	5	0	0
1	1	0	1	0
4	3	1	1	0.320386
6	4	1	3	0.482883
13	7	3	2	0.630965
9	5	2	2	0.490585
7	5	2	2	0.593449
7	5	2	2	0.46869
7	5	2	2	0
11	6	2	4	0.524211
18	10	4	5	0.342846
19	11	5	0	0
2	2	0	2	0.31324
12	6	2	4	0.294169
18	10	4	5	0.271347
19	11	5	0	0
2	2	0	2	0.273785
8	5	2	2	0.361047
11	6	2	4	0.477934
18	10	4	5	0.275559
19	11	5	0	0
2	2	0	2	0.353723
12	6	2	4	0.276371
17	9	4	3	0.309285
16	8	3	5	0.343907
20	11	5	0	0
2	2	0	2	0.760957
8	5	2	2	0.340307
11	6	2	4	0.393942
18	10	4	5	0.545186
19	11	5	0	0
2	2	0	2	0.304056
8	5	2	2	0.359706
11	6	2	4	0.468042
17	9	4	3	0.261188
14	7	3	2	0.263389
10	6	2	4	0.485374
18	10	4	5	0
19	11	5	0	0
2	2	0	2	0.374747
12	6	2	4	0
18	10	4	5	0.270142
19	11	5	0	0
1	1	0	1	0.578583
5	4	1	3	0.558938
15	8	3	5	0.434348
20	11	5	0	0
1	1	0	1	0
5	4	1	3	0.274254
15	8	3	5	0.458932
20	11	5	0	0
2	2	0	2	0.264581
8	5	2	2	0.298587
11	6	2	4	0.418994
17	9	4	3	0
14	7	3	2	0
9	5	2	2	0.462273
11	6	2	4	0.293713
18	10	4	5	0
19	11	5	0	0
2	2	0	2	0.255812
8	5	2	2	0.432383
7	5	2	2	0.464365
11	6	2	4	0.280429
17	9	4	3	0
16	8	3	5	0
20	11	5	0	0
1	1	0	1	0
4	3	1	1	0.546469
6	4	1	3	0.349328
13	7	3	2	0.699106
9	5	2	2	0.530782
11	6	2	4	0.280956
17	9	4	3	0.261912
14	7	3	2	0.317843
9	5	2	2	0.459702
7	5	2	2	0.463859
11	6	2	4	0.364066
18	10	4	5	0.569976
19	11	5	0	0
2	2	0	2	0.283154
12	6	2	4	0.287323
18	10	4	5	0.26722
19	11	5	0	0
2	2	0	2	0
12	6	2	4	0.254575
17	9	4	3	0.305269
16	8	3	5	0.332704
20	11	5	0	0
2	2	0	2	0.459964
12	6	2	4	0.377906
17	9	4	3	0.293441
14	7	3	2	0.337507
9	5	2	2	0.456788
7	5	2	2	0.47491
7	5	2	2	0.31386
7	5	2	2	0.283607
11	6	2	4	0.455213
17	9	4	3	0.735496
16	8	3	5	0.334316
20	11	5	0	0
1	1	0	1	0
5	4	1	3	0.452715
15	8	3	5	0.428187
20	11	5	0	0
2	2	0	2	0.251227
12	6	2	4	0.411288
18	10	4	5	0.278147
19	11	5	0	0
1	1	0	1	0.690253
5	4	1	3	0.442387
15	8	3	5	0.430996
20	11	5	0	0
2	2	0	2	0
12	6	2	4	0.387448
17	9	4	3	0.279765
16	8	3	5	0.313573
20	11	5	0	0
2	2	0	2	0.39174
12	6	2	4	0.518552
18	10	4	5	0.293585
19	11	5	0	0
1	1	0	1	0.716523
4	3	1	1	0.545833
6	4	1	3	0.455578
13	7	3	2	0.706884
10	6	2	4	0.51512
18	10	4	5	0
19	11	5	0	0
1	1	0	1	0.316987
4	3	1	1	0.56464
3	3	1	1	0.510549
3	3	1	1	0
6	4	1	3	0.645877
15	8	3	5	0.257922
20	11	5	0	0
2	2	0	2	0.298151
12	6	2	4	0.308347
17	9	4	3	0
14	7	3	2	0.555367
10	6	2	4	0.42744
17	9	4	3	0.531979
14	7	3	2	0.280518
9	5	2	2	0.456883
11	6	2	4	0.401305
18	10	4	5	0.260003
19	11	5	0	0
1	1	0	1	0.624468
5	4	1	3	0.994895
13	7	3	2	0.413669
9	5	2	2	0.582937
11	6	2	4	0.340669
17	9	4	3	0
14	7	3	2	0.322725
9	5	2	2	0.536007
7	5	2	2	0.566648
7	5	2	2	0.399904
11	6	2	4	0.398586
17	9	4	3	0
14	7	3	2	0.287672
10	6	2	4	0.466925
17	9	4	3	0.531576
16	8	3	5	0.316723
20	11	5	0	0
1	1	0	1	0.25696
5	4	1	3	0.462648
13	7	3	2	0.325875
9	5	2	2	0.566974
11	6	2	4	0.369747
17	9	4	3	0
16	8	3	5	0.468392
20	11	5	0	0
2	2	0	2	0.374127
8	5	2	2	0.434462
11	6	2	4	0.429476
17	9	4	3	0
14	7	3	2	0
9	5	2	2	0.459153
7	5	2	2	0.464637
7	5	2	2	0.357941
7	5	2	2	0.273489
7	5	2	2	0.316658
7	5	2	2	0.326326
11	6	2	4	0.37178
17	9	4	3	0.83812
16	8	3	5	0.301971
20	11	5	0	0
1	1	0	1	0
4	3	1	1	0.499769
3	3	1	1	0.466214
3	3	1	1	0
6	4	1	3	0.634286
13	7	3	2	0.278088
9	5	2	2	0.559473
7	5	2	2	0.544528
11	6	2	4	0.504533
17	9	4	3	0
16	8	3	5	0.284189
20	11	5	0	0
2	2	0	2	0.637577
8	5	2	2	0.380232
7	5	2	2	0.421187
7	5	2	2	0.257869
7	5	2	2	0.257839
11	6	2	4	0.494905
17	9	4	3	0.287208
14	7	3	2	0.310109
10	6	2	4	0.482627
18	10	4	5	0.548847
19	11	5	0	0
2	2	0	2	0.297133
12	6	2	4	0.268905
17	9	4	3	0.27047
16	8	3	5	0.354534
20	11	5	0	0
2	2	0	2	0.643933
8	5	2	2	0.341637
11	6	2	4	0.435898
17	9	4	3	0
16	8	3	5	0.368605
20	11	5	0	0
2	2	0	2	0.250726
8	5	2	2	0.421879
11	6	2	4	0.495055
18	10	4	5	0.817955
19	11	5	0	0
1	1	0	1	0.302421
5	4	1	3	0.989641
13	7	3	2	0.447148
10	6	2	4	0.707534
17	9	4	3	0.364017
14	7	3	2	0.278956
9	5	2	2	0.360117
11	6	2	4	0.323118
18	10	4	5	0.533771
19	11	5	0	0
2	2	0	2	0
8	5	2	2	0.417786
7	5	2	2	0.443542
11	6	2	4	0.30292
18	10	4	5	0.663742
19	11	5	0	0
2	2	0	2	0
12	6	2	4	0.268468
17	9	4	3	0.278217
16	8	3	5	0.330814
20	11	5	0	0
1	1	0	1	0.251268
4	3	1	1	0.645109
3	3	1	1	0.412534
6	4	1	3	0.617972
13	7	3	2	0.273839
10	6	2	4	0.610978
17	9	4	3	0
16	8	3	5	0.298669
20	11	5	0	0
2	2	0	2	0.254852
8	5	2	2	0.446915
11	6	2	4	0.457994
17	9	4	3	0
14	7	3	2	0.250765
9	5	2	2	0.437243
11	6	2	4	0.365353
17	9	4	3	0.251896
14	7	3	2	0.471144
10	6	2	4	0.458611
18	10	4	5	0.535504
19	11	5	0	0
1	1	0	1	0.304083
5	4	1	3	0.385879
15	8	3	5	0.46473
20	11	5	0	0
2	2	0	2	0
8	5	2	2	0.296212
11	6	2	4	0.446094
17	9	4	3	0
16	8	3	5	0.544998
20	11	5	0	0
2	2	0	2	0
12	6	2	4	0.667043
18	10	4	5	0.32047
19	11	5	0	0
1	1	0	1	0.725423
5	4	1	3	0.482138
13	7	3	2	0.445953
10	6	2	4	0.646543
18	10	4	5	0.272289
19	11	5	0	0
1	1	0	1	0.307458
5	4	1	3	0.432504
15	8	3	5	0.465897
20	11	5	0	0
2	2	0	2	0
12	6	2	4	0.36807
18	10	4	5	0.296271
19	11	5	0	0
2	2	0	2	0
8	5	2	2	0.481726
7	5	2	2	0.469792
11	6	2	4	0.276225
18	10	4	5	0.675764
19	11	5	0	0
2	2	0	2	0
12	6	2	4	0.266029
18	10	4	5	0.303711
19	11	5	0	0
2	2	0	2	0
8	5	2	2	0.720995
11	6	2	4	0.392617
18	10	4	5	0.525811
19	11	5	0	0
1	1	0	1	0.340608
5	4	1	3	0.994423
15	8	3	5	0.453545
20	11	5	0	0
2	2	0	2	0
8	5	2	2	0.319969
11	6	2	4	0.373546
18	10	4	5	0.624611
19	11	5	0	0
1	1	0	1	0.346855
4	3	1	1	0.667935
6	4	1	3	0.511123
13	7	3	2	0.683442
9	5	2	2	0.575329
11	6	2	4	0
17	9	4	3	0.259761
16	8	3	5	0.444266
20	11	5	0	0
1	1	0	1	0.277655
5	4	1	3	0.583126
13	7	3	2	0.417391
9	5	2	2	0.58829
11	6	2	4	0.330706
17	9	4	3	0
14	7	3	2	0.315935
9	5	2	2	0.516638
7	5	2	2	0.542801
7	5	2	2	0.386857
11	6	2	4	0.372862
17	9	4	3	0
16	8	3	5	0.335109
20	11	5	0	0
2	2	0	2	0.406524
12	6	2	4	0.407701
17	9	4	3	0.291575
14	7	3	2	0.340591
9	5	2	2	0.44137
7	5	2	2	0.468976
7	5	2	2	0.311246
7	5	2	2	0.281533
7	5	2	2	0.321947
11	6	2	4	0.386119
17	9	4	3	0.786153
16	8	3	5	0.310741
20	11	5	0	0
2	2	0	2	0.662597
12	6	2	4	0.477083
17	9	4	3	0.275474
14	7	3	2	0.352852
10	6	2	4	0.412208
18	10	4	5	0.520741
19	11	5	0	0
2	2	0	2	0.270037
8	5	2	2	0.627694
11	6	2	4	0.420298
17	9	4	3	0
16	8	3	5	0.344399
20	11	5	0	0
1	1	0	1	0.570953
4	3	1	1	0.549929
6	4	1	3	0.362443
13	7	3	2	0.741804
9	5	2	2	0.539448
7	5	2	2	0.660545
11	6	2	4	0.94922
18	10	4	5	0.609209
19	11	5	0	0
2	2	0	2	0
12	6	2	4	0.27734
17	9	4	3	0.281961
14	7	3	2	0.316702
10	6	2	4	0.403821
18	10	4	5	0.26701
19	11	5	0	0
1	1	0	1	0.305888
4	3	1	1	0.561582
3	3	1	1	0.563967
3	3	1	1	0
6	4	1	3	0.618724
13	7	3	2	0.271656
9	5	2	2	0.604752
11	6	2	4	0.346566
18	10	4	5	0.565644
19	11	5	0	0
1	1	0	1	0.299966
5	4	1	3	0.61916
15	8	3	5	0.456456
20	11	5	0	0
2	2	0	2	0
12	6	2	4	0.370841
17	9	4	3	0.278031
16	8	3	5	0.314569
20	11	5	0	0
1	1	0	1	0.262918
4	3	1	1	0.61315
6	4	1	3	0.350882
13	7	3	2	0.723076
10	6	2	4	0.548156
17	9	4	3	0.524633
16	8	3	5	0.284411
20	11	5	0	0
1	1	0	1	0.305678
4	3	1	1	0.433344
6	4	1	3	0.367928
15	8	3	5	0.675354
20	11	5	0	0
1	1	0	1	0.298746
5	4	1	3	0.358064
13	7	3	2	0.437719
10	6	2	4	0.711372
17	9	4	3	0.304551
14	7	3	2	0.265944
9	5	2	2	0.382329
11	6	2	4	0.297429
18	10	4	5	0.509501
19	11	5	0	0
1	1	0	1	0.607803
4	3	1	1	0.988534
3	3	1	1	0.481183
3	3	1	1	0
3	3	1	1	0
3	3	1	1	0
3	3	1	1	0
3	3	1	1	0
3	3	1	1	0
6	4	1	3	0.666617
15	8	3	5	0
20	11	5	0	0
2	2	0	2	0.279823
8	5	2	2	0.389659
11	6	2	4	0.38497
17	9	4	3	0
14	7	3	2	0.282233
9	5	2	2	0.453386
11	6	2	4	0.318555
17	9	4	3	0
16	8	3	5	0.479744
20	11	5	0	0
2	2	0	2	0.280531
12	6	2	4	0.574783
18	10	4	5	0.303848
19	11	5	0	0
2	2	0	2	0
12	6	2	4	0.293136
18	10	4	5	0.300836
19	11	5	0	0
1	1	0	1	0.636537
5	4	1	3	0.583761
15	8	3	5	0.366742
20	11	5	0	0
1	1	0	1	0.544659
4	3	1	1	0.274306
6	4	1	3	0.534182
15	8	3	5	0.512397
20	11	5	0	0
1	1	0	1	0.308662
4	3	1	1	0.422265
3	3	1	1	0.354929
3	3	1	1	0
3	3	1	1	0
6	4	1	3	0.700607
13	7	3	2	0.618609
9	5	2	2	0.591076
11	6	2	4	0.327183
17	9	4	3	0
14	7	3	2	0.348961
10	6	2	4	0.494545
18	10	4	5	0
19	11	5	0	0
1	1	0	1	0.32502
5	4	1	3	0.394494
13	7	3	2	0.439525
9	5	2	2	0.554058
11	6	2	4	0.349091
18	10	4	5	0.577067
19	11	5	0	0
2	2	0	2	0.307601
12	6	2	4	0.250997
18	10	4	5	0.271739
19	11	5	0	0
1	1	0	1	0.601657
5	4	1	3	0.581098
15	8	3	5	0.378998
20	11	5	0	0
2	2	0	2	0.25692
8	5	2	2	0.322765
11	6	2	4	0.394968
18	10	4	5	0.631767
19	11	5	0	0
1	1	0	1	0.34203
4	3	1	1	0.560557
6	4	1	3	0.511841
15	8	3	5	0.563756
20	11	5	0	0
2	2	0	2	0.32585
8	5	2	2	0.415675
7	5	2	2	0.473836
11	6	2	4	0.325661
18	10	4	5	0.440587
19	11	5	0	0
2	2	0	2	0.283409
12	6	2	4	0
17	9	4	3	0.300577
16	8	3	5	0.26973
20	11	5	0	0
2	2	0	2	0.453918
8	5	2	2	0.418708
7	5	2	2	0.481962
11	6	2	4	0.324362
18	10	4	5	0.427115
19	11	5	0	0
2	2	0	2	0.275541
8	5	2	2	0.405843
11	6	2	4	0.392671
18	10	4	5	0.524126
19	11	5	0	0
1	1	0	1	0.336556
5	4	1	3	0.994655
15	8	3	5	0.365737
20	11	5	0	0
2	2	0	2	0
8	5	2	2	0.324427
7	5	2	2	0.507314
11	6	2	4	0.303266
18	10	4	5	0.435287
19	11	5	0	0
2	2	0	2	0.281457
8	5	2	2	0.395879
11	6	2	4	0.377275
18	10	4	5	0.509603
19	11	5	0	0
1	1	0	1	0.335037
5	4	1	3	0.99418
13	7	3	2	0.433749
10	6	2	4	0.62169
18	10	4	5	0.255206
19	11	5	0	0
1	1	0	1	0.315293
4	3	1	1	0.336922
3	3	1	1	0.431434
6	4	1	3	0.628405
13	7	3	2	0.302036
9	5	2	2	0.646198
7	5	2	2	0.659502
11	6	2	4	0.373315
17	9	4	3	0
16	8	3	5	0
20	11	5	0	0
1	1	0	1	0.255155
4	3	1	1	0.432206
3	3	1	1	0.362464
3	3	1	1	0
3	3	1	1	0
6	4	1	3	0.681719
15	8	3	5	0
20	11	5	0	0
1	1	0	1	0.295352
5	4	1	3	0.396769
15	8	3	5	0.358576
20	11	5	0	0
2	2	0	2	0.289841
12	6	2	4	0.406068
18	10	4	5	0
19	11	5	0	0
2	2	0	2	0.267232
12	6	2	4	0
17	9	4	3	0.308412
14	7	3	2	0.343665
9	5	2	2	0.493142
7	5	2	2	0.49646
7	5	2	2	0.359034
11	6	2	4	0.371894
18	10	4	5	0.378984
19	11	5	0	0
1	1	0	1	0.341505
4	3	1	1	0.584861
6	4	1	3	0.525384
13	7	3	2	0.727482
10	6	2	4	0.539321
17	9	4	3	0.600785
14	7	3	2	0.527684
10	6	2	4	0.543254
18	10	4	5	0
19	11	5	0	0
1	1	0	1	0.301671
4	3	1	1	0.300019
3	3	1	1	0.41716
3	3	1	1	0
6	4	1	3	0.673836
13	7	3	2	0.312273
10	6	2	4	0.551488
18	10	4	5	0
19	11	5	0	0
2	2	0	2	0.392855
8	5	2	2	0.660202
11	6	2	4	0.373129
17	9	4	3	0.271334
14	7	3	2	0.260589
10	6	2	4	0.553266
18	10	4	5	0
19	11	5	0	0
1	1	0	1	0.311918
4	3	1	1	0.302765
3	3	1	1	0.423129
6	4	1	3	0.630821
13	7	3	2	0.296494
10	6	2	4	0.534562
17	9	4	3	0.622223
14	7	3	2	0.276826
9	5	2	2	0.390019
7	5	2	2	0.472579
11	6	2	4	0.259328
17	9	4	3	0.267328
14	7	3	2	0.285636
9	5	2	2	0.434163
11	6	2	4	0.308663
18	10	4	5	0
19	11	5	0	0
2	2	0	2	0.272776
8	5	2	2	0.463091
11	6	2	4	0.406791
18	10	4	5	0
19	11	5	0	0
1	1	0	1	0.339519
4	3	1	1	0.971237
3	3	1	1	0.414266
3	3	1	1	0
3	3	1	1	0
6	4	1	3	0.656083
13	7	3	2	0.566855
10	6	2	4	0.516033
18	10	4	5	0
19	11	5	0	0
2	2	0	2	0.403679
8	5	2	2	0.657791
11	6	2	4	0.348564
17	9	4	3	0.533086
14	7	3	2	0.254445
9	5	2	2	0.462306
11	6	2	4	0.271663
17	9	4	3	0.566601
16	8	3	5	0.496095
20	11	5	0	0
2	2	0	2	0.352879
12	6	2	4	0.52806
18	10	4	5	0.263935
19	11	5	0	0
1	1	0	1	0.685601
4	3	1	1	0.442902
6	4	1	3	0.427041
13	7	3	2	0.680737
9	5	2	2	0.563623
7	5	2	2	0.994153
7	5	2	2	0.591045
11	6	2	4	0.35131
18	10	4	5	0.401187
19	11	5	0	0
2	2	0	2	0.330183
12	6	2	4	0.25761
18	10	4	5	0.250441
19	11	5	0	0
2	2	0	2	0.272679
12	6	2	4	0
17	9	4	3	0.326824
14	7	3	2	0.305341
9	5	2	2	0.488886
11	6	2	4	0.426834
17	9	4	3	0.581042
14	7	3	2	0.29293
10	6	2	4	0.380457
18	10	4	5	0
19	11	5	0	0
2	2	0	2	0.369042
8	5	2	2	0.678238
11	6	2	4	0.345111
18	10	4	5	0
19	11	5	0	0
1	1	0	1	0.342119
4	3	1	1	0.972426
6	4	1	3	0.441288
15	8	3	5	0.609804
20	11	5	0	0
2	2	0	2	0.331684
12	6	2	4	0.253255
17	9	4	3	0.277742
16	8	3	5	0.250146
20	11	5	0	0
1	1	0	1	0.285914
5	4	1	3	0.448517
13	7	3	2	0.398872
9	5	2	2	0.573449
11	6	2	4	0.269982
17	9	4	3	0.521181
16	8	3	5	0.412733
20	11	5	0	0
2	2	0	2	0.393871
8	5	2	2	0.471436
7	5	2	2	0.545438
11	6	2	4	0.297062
18	10	4	5	0.379872
19	11	5	0	0
