2	2	0	2	0.537294
8	5	2	2	0.271291
7	5	2	2	0.335175
7	5	2	2	0.324863
7	5	2	2	0
7	5	2	2	0
7	5	2	2	0
11	6	2	4	0.30215
17	9	4	3	0
14	7	3	2	0.310706
10	6	2	4	0.311701
17	9	4	3	0
14	7	3	2	0.367287
10	6	2	4	0.605811
18	10	4	5	0.611627
19	11	5	0	0
2	2	0	2	0.600154
8	5	2	2	0.30367
11	6	2	4	0.507429
17	9	4	3	0.320132
16	8	3	5	0.429376
20	11	5	0	0
1	1	0	1	0
4	3	1	1	0.362267
3	3	1	1	0.283513
3	3	1	1	0.263384
6	4	1	3	0.325839
15	8	3	5	0.299407
20	11	5	0	0
1	1	0	1	0.278493
4	3	1	1	0.323877
3	3	1	1	0.269911
3	3	1	1	0
6	4	1	3	0.583727
13	7	3	2	0.388318
10	6	2	4	0.445417
17	9	4	3	0.284723
14	7	3	2	0.368288
10	6	2	4	0.335653
18	10	4	5	0.59249
19	11	5	0	0
2	2	0	2	0.58902
12	6	2	4	0.426628
18	10	4	5	0.401464
19	11	5	0	0
1	1	0	1	0.263145
5	4	1	3	0.396354
15	8	3	5	0.264012
20	11	5	0	0
1	1	0	1	0.277891
4	3	1	1	0.33023
6	4	1	3	0.390929
13	7	3	2	0.371577
10	6	2	4	0.366734
17	9	4	3	0.309874
16	8	3	5	0.340088
20	11	5	0	0
1	1	0	1	0.262583
4	3	1	1	0.349371
6	4	1	3	0.401981
15	8	3	5	0.375919
20	11	5	0	0
2	2	0	2	0.259154
8	5	2	2	0.287798
7	5	2	2	0.364926
7	5	2	2	0.337653
7	5	2	2	0
7	5	2	2	0
7	5	2	2	0.252808
11	6	2	4	0.289744
17	9	4	3	0
14	7	3	2	0.31167
10	6	2	4	0.29751
18	10	4	5	0.601054
19	11	5	0	0
2	2	0	2	0.61026
12	6	2	4	0.429
17	9	4	3	0.390851
14	7	3	2	0.3592
10	6	2	4	0
17	9	4	3	0.256105
16	8	3	5	0.40821
20	11	5	0	0
2	2	0	2	0.255461
8	5	2	2	0.311353
7	5	2	2	0.315312
11	6	2	4	0.336403
18	10	4	5	0.726579
19	11	5	0	0.413262
2	2	0	2	0
12	6	2	4	0.458075
18	10	4	5	0.39641
19	11	5	0	0
2	2	0	2	0.29118
8	5	2	2	0.408972
7	5	2	2	0.968972
7	5	2	2	0.385597
11	6	2	4	0.29022
17	9	4	3	0
14	7	3	2	0.352388
10	6	2	4	0.276961
17	9	4	3	0
16	8	3	5	0.372115
20	11	5	0	0
2	2	0	2	0.253551
8	5	2	2	0.311653
7	5	2	2	0.315486
11	6	2	4	0.327899
17	9	4	3	0
14	7	3	2	0.321253
10	6	2	4	0.289473
17	9	4	3	0
16	8	3	5	0.375965
20	11	5	0	0
1	1	0	1	0.295133
4	3	1	1	0.360015
3	3	1	1	0.27684
6	4	1	3	0.518482
13	7	3	2	0.406249
9	5	2	2	0.971881
11	6	2	4	0.679733
18	10	4	5	0.712477
19	11	5	0	0.327763
2	2	0	2	0
12	6	2	4	0.448321
17	9	4	3	0.345984
16	8	3	5	0.474918
20	11	5	0	0
1	1	0	1	0.533254
4	3	1	1	0.347442
3	3	1	1	0.272839
3	3	1	1	0.317514
3	3	1	1	0.258025
6	4	1	3	0.332397
15	8	3	5	0
20	11	5	0	0
2	2	0	2	0.253716
8	5	2	2	0.303282
11	6	2	4	0.390298
18	10	4	5	0.732574
19	11	5	0	0.289997
1	1	0	1	0.616861
4	3	1	1	0.339771
6	4	1	3	0.443242
13	7	3	2	0.427231
9	5	2	2	0.369357
11	6	2	4	0.62773
18	10	4	5	0.681647
19	11	5	0	0.323273
1	1	0	1	0.582724
5	4	1	3	0.426355
15	8	3	5	0
20	11	5	0	0
1	1	0	1	0.283781
5	4	1	3	0.411851
13	7	3	2	0.614633
9	5	2	2	0.363376
7	5	2	2	0.255342
11	6	2	4	0.350892
18	10	4	5	0.655261
19	11	5	0	0.30198
2	2	0	2	0
12	6	2	4	0.481011
18	10	4	5	0.299961
19	11	5	0	0
1	1	0	1	0.27276
4	3	1	1	0.364726
6	4	1	3	0.381957
15	8	3	5	0.380469
20	11	5	0	0
2	2	0	2	0.504489
12	6	2	4	0.344239
18	10	4	5	0.364226
19	11	5	0	0
2	2	0	2	0.318159
12	6	2	4	0.427575
18	10	4	5	0.331265
19	11	5	0	0
2	2	0	2	0.314301
12	6	2	4	0.407177
18	10	4	5	0.315715
19	11	5	0	0
1	1	0	1	0.299383
4	3	1	1	0.361394
6	4	1	3	0.389362
15	8	3	5	0.375351
20	11	5	0	0
1	1	0	1	0.517495
5	4	1	3	0.388235
15	8	3	5	0
20	11	5	0	0
2	2	0	2	0.250073
8	5	2	2	0.353873
7	5	2	2	0.396404
7	5	2	2	0.377365
7	5	2	2	0.527135
11	6	2	4	0
17	9	4	3	0
14	7	3	2	0.327338
10	6	2	4	0.254312
18	10	4	5	0.282982
19	11	5	0	0
2	2	0	2	0.358721
8	5	2	2	0.359464
11	6	2	4	0.412948
18	10	4	5	0.473053
19	11	5	0	0.332567
1	1	0	1	0.575868
5	4	1	3	0.417294
13	7	3	2	0.592798
10	6	2	4	0.33154
17	9	4	3	0.313387
16	8	3	5	0.362358
20	11	5	0	0
1	1	0	1	0.262787
5	4	1	3	0.399942
15	8	3	5	0.259742
20	11	5	0	0
1	1	0	1	0.269374
5	4	1	3	0.391094
15	8	3	5	0
20	11	5	0	0
2	2	0	2	0.257591
8	5	2	2	0.31415
7	5	2	2	0.384433
7	5	2	2	0.362613
11	6	2	4	0.259953
17	9	4	3	0
16	8	3	5	0.377252
20	11	5	0	0
1	1	0	1	0.252971
5	4	1	3	0.396314
15	8	3	5	0.250293
20	11	5	0	0
1	1	0	1	0.257736
5	4	1	3	0.393078
13	7	3	2	0.600956
10	6	2	4	0.368708
18	10	4	5	0.301326
19	11	5	0	0
1	1	0	1	0.258153
4	3	1	1	0.400246
6	4	1	3	0.366334
13	7	3	2	0.383244
9	5	2	2	0.373766
7	5	2	2	0
11	6	2	4	0.330415
18	10	4	5	0.607659
19	11	5	0	0.29108
2	2	0	2	0.253408
8	5	2	2	0.34593
7	5	2	2	0.426875
7	5	2	2	0.386205
7	5	2	2	0.26304
7	5	2	2	0.256638
7	5	2	2	0.263415
7	5	2	2	0.266416
11	6	2	4	0.285756
18	10	4	5	0.654103
19	11	5	0	0.384619
1	1	0	1	0.251167
4	3	1	1	0.413238
6	4	1	3	0.380151
15	8	3	5	0.371733
20	11	5	0	0
2	2	0	2	0.562165
8	5	2	2	0.270016
11	6	2	4	0.396387
18	10	4	5	0.473603
19	11	5	0	0.265992
2	2	0	2	0.25128
12	6	2	4	0.437937
18	10	4	5	0.364749
19	11	5	0	0
1	1	0	1	0.254223
5	4	1	3	0.376623
15	8	3	5	0.277993
20	11	5	0	0
2	2	0	2	0.54158
12	6	2	4	0.351952
18	10	4	5	0.369683
19	11	5	0	0
1	1	0	1	0.260558
4	3	1	1	0.395887
6	4	1	3	0.36841
15	8	3	5	0.386903
20	11	5	0	0
1	1	0	1	0
5	4	1	3	0.366942
15	8	3	5	0
20	11	5	0	0
1	1	0	1	0
4	3	1	1	0.374068
6	4	1	3	0.381108
15	8	3	5	0.36144
20	11	5	0	0
1	1	0	1	0
5	4	1	3	0.385307
15	8	3	5	0
20	11	5	0	0
1	1	0	1	0
4	3	1	1	0.363388
3	3	1	1	0.291574
3	3	1	1	0.305526
6	4	1	3	0.316734
13	7	3	2	0.411128
9	5	2	2	0.37738
7	5	2	2	0
7	5	2	2	0.328327
7	5	2	2	0.252947
11	6	2	4	0.288445
17	9	4	3	0
14	7	3	2	0.35959
10	6	2	4	0.283573
17	9	4	3	0.35468
14	7	3	2	0.358806
9	5	2	2	0.261806
11	6	2	4	0.661408
18	10	4	5	0.611926
19	11	5	0	0
2	2	0	2	0.267576
12	6	2	4	0.47788
18	10	4	5	0.306019
19	11	5	0	0
1	1	0	1	0.254452
4	3	1	1	0.387043
6	4	1	3	0.363168
13	7	3	2	0.38827
9	5	2	2	0.3448
7	5	2	2	0
11	6	2	4	0.344795
18	10	4	5	0.572314
19	11	5	0	0.288682
2	2	0	2	0.289524
12	6	2	4	0.423822
17	9	4	3	0.554613
16	8	3	5	0.49681
20	11	5	0	0
2	2	0	2	0.583441
8	5	2	2	0.297474
11	6	2	4	0.362135
18	10	4	5	0.419596
19	11	5	0	0.263804
2	2	0	2	0.263502
8	5	2	2	0.350667
7	5	2	2	0.430855
7	5	2	2	0.377757
11	6	2	4	0.280405
17	9	4	3	0
14	7	3	2	0.340019
10	6	2	4	0.266458
18	10	4	5	0.3023
19	11	5	0	0
1	1	0	1	0
5	4	1	3	0.388702
15	8	3	5	0.278879
20	11	5	0	0
1	1	0	1	0
5	4	1	3	0.368307
13	7	3	2	0.333856
10	6	2	4	0.366486
18	10	4	5	0.300578
19	11	5	0	0
2	2	0	2	0.709813
8	5	2	2	0.338147
7	5	2	2	0.430241
7	5	2	2	0.370323
7	5	2	2	0.255512
11	6	2	4	0.269759
18	10	4	5	0.349144
19	11	5	0	0.360253
2	2	0	2	0.312316
12	6	2	4	0.411529
18	10	4	5	0.344344
19	11	5	0	0
1	1	0	1	0.257596
4	3	1	1	0.425776
3	3	1	1	0.323219
6	4	1	3	0.438666
15	8	3	5	0.347277
20	11	5	0	0
1	1	0	1	0
4	3	1	1	0.365035
3	3	1	1	0.344139
6	4	1	3	0.583689
13	7	3	2	0.401725
10	6	2	4	0.475004
18	10	4	5	0.289537
19	11	5	0	0
1	1	0	1	0
5	4	1	3	0.387686
15	8	3	5	0.279745
20	11	5	0	0
2	2	0	2	0.574351
8	5	2	2	0.291176
7	5	2	2	0.342216
11	6	2	4	0.293922
17	9	4	3	0.286044
14	7	3	2	0.307238
9	5	2	2	0.29431
11	6	2	4	0.372864
17	9	4	3	0
16	8	3	5	0.356564
20	11	5	0	0
2	2	0	2	0.637999
8	5	2	2	0.283044
11	6	2	4	0.352472
17	9	4	3	0.347747
16	8	3	5	0.411745
20	11	5	0	0
1	1	0	1	0
4	3	1	1	0.377941
3	3	1	1	0.302838
3	3	1	1	0.334087
6	4	1	3	0.323375
15	8	3	5	0.296125
20	11	5	0	0
2	2	0	2	0.555738
12	6	2	4	0.353207
17	9	4	3	0.557446
14	7	3	2	0.382751
10	6	2	4	0
17	9	4	3	0.340748
14	7	3	2	0.364039
10	6	2	4	0.287663
18	10	4	5	0.299885
19	11	5	0	0
1	1	0	1	0.264166
5	4	1	3	0.392863
13	7	3	2	0.361031
10	6	2	4	0.338205
18	10	4	5	0.293859
19	11	5	0	0
1	1	0	1	0.265713
4	3	1	1	0.39728
6	4	1	3	0.359372
15	8	3	5	0.379631
20	11	5	0	0
1	1	0	1	0.254209
4	3	1	1	0.335149
3	3	1	1	0.297829
3	3	1	1	0
3	3	1	1	0.282249
6	4	1	3	0.326266
13	7	3	2	0.631862
10	6	2	4	0.364479
18	10	4	5	0.290884
19	11	5	0	0
1	1	0	1	0.264403
4	3	1	1	0.369199
3	3	1	1	0.279823
6	4	1	3	0.457841
13	7	3	2	0.400126
9	5	2	2	0.982771
11	6	2	4	0.620793
17	9	4	3	0
14	7	3	2	0.318386
10	6	2	4	0.250929
17	9	4	3	0.348333
16	8	3	5	0.365026
20	11	5	0	0
2	2	0	2	0.305921
12	6	2	4	0.312514
17	9	4	3	0.550799
14	7	3	2	0.374238
9	5	2	2	0.634512
11	6	2	4	0.363116
18	10	4	5	0.581519
19	11	5	0	0.302733
1	1	0	1	0.311292
5	4	1	3	0.385812
15	8	3	5	0
20	11	5	0	0
2	2	0	2	0.521349
12	6	2	4	0.324303
18	10	4	5	0.340493
19	11	5	0	0
2	2	0	2	0.388289
8	5	2	2	0.451406
11	6	2	4	0.969954
18	10	4	5	0.448411
19	11	5	0	0.348374
1	1	0	1	0.30699
4	3	1	1	0.376165
6	4	1	3	0.378335
15	8	3	5	0.376076
20	11	5	0	0
2	2	0	2	0.291074
12	6	2	4	0.313509
18	10	4	5	0.318534
19	11	5	0	0
2	2	0	2	0.38828
12	6	2	4	0.381688
18	10	4	5	0.291892
19	11	5	0	0
1	1	0	1	0.311648
4	3	1	1	0.360205
3	3	1	1	0.281722
3	3	1	1	0.298769
6	4	1	3	0.315123
15	8	3	5	0.282453
20	11	5	0	0
2	2	0	2	0.279451
12	6	2	4	0.293598
18	10	4	5	0.298646
19	11	5	0	0
2	2	0	2	0.374305
12	6	2	4	0.35604
17	9	4	3	0.519037
14	7	3	2	0.363445
9	5	2	2	0.705451
7	5	2	2	0.375349
7	5	2	2	0.475512
7	5	2	2	0.61807
7	5	2	2	0.573639
11	6	2	4	0
17	9	4	3	0.256068
16	8	3	5	0.327581
20	11	5	0	0
1	1	0	1	0.277593
5	4	1	3	0.401471
15	8	3	5	0
20	11	5	0	0
1	1	0	1	0.257211
4	3	1	1	0.331596
3	3	1	1	0.269877
3	3	1	1	0.276371
3	3	1	1	0
6	4	1	3	0.326999
13	7	3	2	0.664229
10	6	2	4	0.360627
18	10	4	5	0.282764
19	11	5	0	0
1	1	0	1	0.280707
4	3	1	1	0.33883
3	3	1	1	0.259146
3	3	1	1	0.279163
3	3	1	1	0
6	4	1	3	0.333784
13	7	3	2	0.674301
10	6	2	4	0.34818
18	10	4	5	0.27289
19	11	5	0	0
2	2	0	2	0.430787
12	6	2	4	0.334904
18	10	4	5	0.298563
19	11	5	0	0
2	2	0	2	0.37459
8	5	2	2	0.479809
7	5	2	2	0.979767
11	6	2	4	0.268938
18	10	4	5	0.32126
19	11	5	0	0.424599
1	1	0	1	0.294977
4	3	1	1	0.337502
6	4	1	3	0.421915
15	8	3	5	0.316945
20	11	5	0	0
1	1	0	1	0.256018
5	4	1	3	0.429158
13	7	3	2	0.641445
10	6	2	4	0.313047
18	10	4	5	0.254547
19	11	5	0	0
2	2	0	2	0.455931
8	5	2	2	0.400006
11	6	2	4	0.398971
17	9	4	3	0.486346
14	7	3	2	0.368522
10	6	2	4	0
17	9	4	3	0.605314
14	7	3	2	0.370807
9	5	2	2	0.58322
11	6	2	4	0.320798
17	9	4	3	0
16	8	3	5	0.363086
20	11	5	0	0
2	2	0	2	0.337789
12	6	2	4	0.286974
17	9	4	3	0.539937
14	7	3	2	0.397907
9	5	2	2	0.68178
11	6	2	4	0.336001
17	9	4	3	0
16	8	3	5	0.326463
20	11	5	0	0
2	2	0	2	0.320076
12	6	2	4	0.295504
17	9	4	3	0.499731
14	7	3	2	0.395279
10	6	2	4	0
17	9	4	3	0.306189
16	8	3	5	0.402864
20	11	5	0	0
1	1	0	1	0.552536
4	3	1	1	0.3362
3	3	1	1	0.267917
3	3	1	1	0.322793
6	4	1	3	0.329458
13	7	3	2	0.412709
9	5	2	2	0.519238
7	5	2	2	0.270468
7	5	2	2	0.4307
11	6	2	4	0
17	9	4	3	0
14	7	3	2	0.332391
9	5	2	2	0.37375
7	5	2	2	0.326792
11	6	2	4	0.364979
17	9	4	3	0
16	8	3	5	0.376058
20	11	5	0	0
1	1	0	1	0.278598
4	3	1	1	0.323795
6	4	1	3	0.394971
15	8	3	5	0.344622
20	11	5	0	0
1	1	0	1	0.272547
5	4	1	3	0.38209
13	7	3	2	0.606921
10	6	2	4	0.36802
18	10	4	5	0.297373
19	11	5	0	0
2	2	0	2	0.375252
8	5	2	2	0.404161
7	5	2	2	0.496855
7	5	2	2	0.43055
11	6	2	4	0.276797
18	10	4	5	0.618862
19	11	5	0	0.349387
1	1	0	1	0.296421
4	3	1	1	0.361783
6	4	1	3	0.392078
15	8	3	5	0.341638
20	11	5	0	0
1	1	0	1	0.257633
4	3	1	1	0.328976
3	3	1	1	0.278346
6	4	1	3	0.630484
15	8	3	5	0.305724
20	11	5	0	0
2	2	0	2	0.285233
8	5	2	2	0.325605
7	5	2	2	0.378923
11	6	2	4	0.308352
18	10	4	5	0.627293
19	11	5	0	0.406871
2	2	0	2	0.272535
12	6	2	4	0.407976
18	10	4	5	0.3429
19	11	5	0	0
1	1	0	1	0.291595
4	3	1	1	0.338457
3	3	1	1	0.268323
3	3	1	1	0.286908
3	3	1	1	0.253131
3	3	1	1	0.280453
6	4	1	3	0.340223
15	8	3	5	0
20	11	5	0	0
1	1	0	1	0
4	3	1	1	0.296382
3	3	1	1	0
3	3	1	1	0.261656
3	3	1	1	0
3	3	1	1	0.254174
6	4	1	3	0.362904
15	8	3	5	0
20	11	5	0	0
2	2	0	2	0.265885
12	6	2	4	0.332623
17	9	4	3	0.526489
16	8	3	5	0.375274
20	11	5	0	0
2	2	0	2	0.285455
12	6	2	4	0.327794
18	10	4	5	0.354387
19	11	5	0	0
1	1	0	1	0.28798
4	3	1	1	0.274695
6	4	1	3	0.74269
15	8	3	5	0.286089
20	11	5	0	0
2	2	0	2	0.27705
8	5	2	2	0.351965
7	5	2	2	0.402677
7	5	2	2	0.377545
11	6	2	4	0.264987
18	10	4	5	0.593687
19	11	5	0	0.262962
1	1	0	1	0.576506
4	3	1	1	0.282484
3	3	1	1	0
6	4	1	3	0.594924
15	8	3	5	0
20	11	5	0	0
1	1	0	1	0.259512
4	3	1	1	0
3	3	1	1	0
3	3	1	1	0
6	4	1	3	0.684749
15	8	3	5	0
20	11	5	0	0
2	2	0	2	0.275484
8	5	2	2	0.333501
7	5	2	2	0.376596
11	6	2	4	0.306746
17	9	4	3	0
14	7	3	2	0.645405
10	6	2	4	0.262958
17	9	4	3	0.302991
14	7	3	2	0.451535
9	5	2	2	0.295525
7	5	2	2	0.291915
7	5	2	2	0.377391
11	6	2	4	0.275769
18	10	4	5	0.625094
19	11	5	0	0.378371
2	2	0	2	0.268871
12	6	2	4	0.418317
17	9	4	3	0.481816
14	7	3	2	0.433467
10	6	2	4	0
18	10	4	5	0.321479
19	11	5	0	0
1	1	0	1	0.271714
5	4	1	3	0.479454
13	7	3	2	0.741173
10	6	2	4	0.346818
17	9	4	3	0.353378
16	8	3	5	0.306071
20	11	5	0	0
1	1	0	1	0.26848
4	3	1	1	0.286104
3	3	1	1	0
3	3	1	1	0.277445
6	4	1	3	0.651985
13	7	3	2	0.723109
10	6	2	4	0.408262
18	10	4	5	0.320523
19	11	5	0	0
2	2	0	2	0.397123
8	5	2	2	0.410367
11	6	2	4	0.511683
18	10	4	5	0.484627
19	11	5	0	0.355741
1	1	0	1	0.311164
4	3	1	1	0.299905
3	3	1	1	0
6	4	1	3	0.640644
13	7	3	2	0.454726
10	6	2	4	0.498699
17	9	4	3	0.389358
16	8	3	5	0.297389
20	11	5	0	0
1	1	0	1	0.270569
5	4	1	3	0.458426
13	7	3	2	0.670862
9	5	2	2	0.417323
11	6	2	4	0.383964
17	9	4	3	0
14	7	3	2	0.34337
10	6	2	4	0.252862
17	9	4	3	0.308171
16	8	3	5	0.338496
20	11	5	0	0
1	1	0	1	0.270266
4	3	1	1	0.298794
6	4	1	3	0.678028
13	7	3	2	0.421857
10	6	2	4	0.352162
17	9	4	3	0.371962
14	7	3	2	0.356922
9	5	2	2	0.33432
11	6	2	4	0.374034
17	9	4	3	0
16	8	3	5	0.33857
20	11	5	0	0
2	2	0	2	0.320894
8	5	2	2	0.34429
7	5	2	2	0.385518
7	5	2	2	0.372777
11	6	2	4	0.273513
17	9	4	3	0
16	8	3	5	0.348543
20	11	5	0	0
2	2	0	2	0.299858
12	6	2	4	0.350568
17	9	4	3	0.466814
16	8	3	5	0.452371
20	11	5	0	0
1	1	0	1	0.275284
4	3	1	1	0.290228
3	3	1	1	0
6	4	1	3	0.502536
15	8	3	5	0.275305
20	11	5	0	0
1	1	0	1	0.271661
5	4	1	3	0.412007
15	8	3	5	0
20	11	5	0	0
1	1	0	1	0.523049
5	4	1	3	0.432707
15	8	3	5	0
20	11	5	0	0
2	2	0	2	0
8	5	2	2	0.3452
7	5	2	2	0.392272
7	5	2	2	0.370184
7	5	2	2	0.265619
11	6	2	4	0.258493
17	9	4	3	0
16	8	3	5	0.27799
20	11	5	0	0
2	2	0	2	0.305613
12	6	2	4	0.374742
18	10	4	5	0.421918
19	11	5	0	0
1	1	0	1	0.282353
4	3	1	1	0.28977
3	3	1	1	0
6	4	1	3	0.751396
15	8	3	5	0.259428
20	11	5	0	0
1	1	0	1	0.259805
5	4	1	3	0.419848
13	7	3	2	0.672359
9	5	2	2	0.434005
7	5	2	2	0.256816
7	5	2	2	0.36002
11	6	2	4	0.516492
17	9	4	3	0
14	7	3	2	0.358974
10	6	2	4	0.290114
17	9	4	3	0.28358
14	7	3	2	0.379819
9	5	2	2	0.294821
11	6	2	4	0.430186
17	9	4	3	0
14	7	3	2	0.326416
9	5	2	2	0.32281
11	6	2	4	0.435274
18	10	4	5	0.679974
19	11	5	0	0.27136
1	1	0	1	0.57057
5	4	1	3	0.410283
13	7	3	2	0.614282
9	5	2	2	0.377029
11	6	2	4	0.68532
17	9	4	3	0
16	8	3	5	0.346957
20	11	5	0	0
1	1	0	1	0
4	3	1	1	0.308217
3	3	1	1	0.260561
3	3	1	1	0
3	3	1	1	0
3	3	1	1	0.268885
6	4	1	3	0.318515
15	8	3	5	0
20	11	5	0	0
2	2	0	2	0.258578
8	5	2	2	0.313644
7	5	2	2	0.356358
11	6	2	4	0.340452
18	10	4	5	0.68779
19	11	5	0	0.408121
1	1	0	1	0.267237
4	3	1	1	0.302528
6	4	1	3	0.417967
13	7	3	2	0.388317
9	5	2	2	0.337357
11	6	2	4	0.665843
17	9	4	3	0
16	8	3	5	0.303771
20	11	5	0	0
2	2	0	2	0.578716
8	5	2	2	0.297739
11	6	2	4	0.39987
17	9	4	3	0.288728
14	7	3	2	0.301429
9	5	2	2	0.308076
7	5	2	2	0.281656
11	6	2	4	0.418772
18	10	4	5	0.66817
19	11	5	0	0.265186
2	2	0	2	0
8	5	2	2	0.38185
7	5	2	2	0.464152
7	5	2	2	0.38105
7	5	2	2	0.257835
7	5	2	2	0
11	6	2	4	0.541968
18	10	4	5	0.674921
19	11	5	0	0.306052
1	1	0	1	0.520339
5	4	1	3	0.433835
15	8	3	5	0
20	11	5	0	0
1	1	0	1	0
5	4	1	3	0.422027
13	7	3	2	0.627965
10	6	2	4	0.424484
17	9	4	3	0.333393
14	7	3	2	0.356556
9	5	2	2	0.263551
11	6	2	4	0.430391
18	10	4	5	0.663165
19	11	5	0	0.256812
1	1	0	1	0.52864
5	4	1	3	0.405479
15	8	3	5	0
20	11	5	0	0
1	1	0	1	0
4	3	1	1	0.336253
3	3	1	1	0.277896
6	4	1	3	0.423362
15	8	3	5	0.309389
20	11	5	0	0
1	1	0	1	0
4	3	1	1	0.297561
6	4	1	3	0.374166
15	8	3	5	0.337011
20	11	5	0	0
2	2	0	2	0.56935
12	6	2	4	0.387504
17	9	4	3	0.521974
14	7	3	2	0.363773
9	5	2	2	0.292553
7	5	2	2	0.293606
7	5	2	2	0.361552
11	6	2	4	0.303955
18	10	4	5	0.665325
19	11	5	0	0.36199
2	2	0	2	0.530561
8	5	2	2	0.319223
7	5	2	2	0.368936
7	5	2	2	0.35658
11	6	2	4	0.575088
17	9	4	3	0
14	7	3	2	0.339936
10	6	2	4	0.30223
18	10	4	5	0.337895
19	11	5	0	0
1	1	0	1	0
5	4	1	3	0.402132
13	7	3	2	0.360803
10	6	2	4	0.390577
17	9	4	3	0.346891
14	7	3	2	0.339311
9	5	2	2	0.268044
11	6	2	4	0.421782
17	9	4	3	0
16	8	3	5	0.39162
20	11	5	0	0
1	1	0	1	0
5	4	1	3	0.379915
13	7	3	2	0.33128
10	6	2	4	0.416367
18	10	4	5	0.334602
19	11	5	0	0
2	2	0	2	0.680074
8	5	2	2	0.328963
11	6	2	4	0.523656
18	10	4	5	0.55308
19	11	5	0	0.337534
1	1	0	1	0.275456
4	3	1	1	0.389271
6	4	1	3	0.375141
13	7	3	2	0.36997
9	5	2	2	0.335161
11	6	2	4	0.651095
17	9	4	3	0
14	7	3	2	0.291571
9	5	2	2	0.293248
11	6	2	4	0.399527
18	10	4	5	0.628229
19	11	5	0	0.256144
2	2	0	2	0.253749
12	6	2	4	0.4873
18	10	4	5	0.301211
19	11	5	0	0
2	2	0	2	0.380411
12	6	2	4	0.456587
17	9	4	3	0.487071
14	7	3	2	0.322167
10	6	2	4	0
18	10	4	5	0.311954
19	11	5	0	0
1	1	0	1	0.262383
5	4	1	3	0.359641
15	8	3	5	0.325916
20	11	5	0	0
2	2	0	2	0.519197
8	5	2	2	0.320153
7	5	2	2	0.388475
11	6	2	4	0.299081
17	9	4	3	0
14	7	3	2	0.276592
10	6	2	4	0.266707
18	10	4	5	0.292248
19	11	5	0	0
1	1	0	1	0.263322
4	3	1	1	0.411828
6	4	1	3	0.342965
15	8	3	5	0.42438
20	11	5	0	0
1	1	0	1	0.253
5	4	1	3	0.334711
15	8	3	5	0.261561
20	11	5	0	0
1	1	0	1	0
5	4	1	3	0.353433
15	8	3	5	0.270145
20	11	5	0	0
2	2	0	2	0.533449
8	5	2	2	0.313375
7	5	2	2	0.375454
7	5	2	2	0.359863
11	6	2	4	0.273297
17	9	4	3	0
16	8	3	5	0.433567
20	11	5	0	0
2	2	0	2	0.589992
12	6	2	4	0.352413
17	9	4	3	0.515194
14	7	3	2	0.350151
10	6	2	4	0
17	9	4	3	0.314562
14	7	3	2	0.309608
9	5	2	2	0.295228
7	5	2	2	0.305546
11	6	2	4	0.398176
17	9	4	3	0
14	7	3	2	0.304839
9	5	2	2	0.336816
11	6	2	4	0.406946
18	10	4	5	0.652745
19	11	5	0	0.254541
1	1	0	1	0.566757
4	3	1	1	0.410789
6	4	1	3	0.341131
15	8	3	5	0.383995
20	11	5	0	0
2	2	0	2	0.521908
8	5	2	2	0.31337
11	6	2	4	0.384775
18	10	4	5	0.458959
19	11	5	0	0.271343
2	2	0	2	0
12	6	2	4	0.431057
18	10	4	5	0.355134
19	11	5	0	0
1	1	0	1	0.290384
4	3	1	1	0.388103
6	4	1	3	0.336415
15	8	3	5	0.400553
20	11	5	0	0
2	2	0	2	0.280176
8	5	2	2	0.320824
7	5	2	2	0.396909
11	6	2	4	0.299117
17	9	4	3	0
16	8	3	5	0.367304
20	11	5	0	0
1	1	0	1	0.260426
5	4	1	3	0.367243
15	8	3	5	0.257602
20	11	5	0	0
2	2	0	2	0.255283
12	6	2	4	0.354165
17	9	4	3	0.476141
16	8	3	5	0.513779
20	11	5	0	0
1	1	0	1	0.266703
4	3	1	1	0.354724
3	3	1	1	0.292499
3	3	1	1	0.327331
3	3	1	1	0.272381
6	4	1	3	0.301326
13	7	3	2	0.627977
10	6	2	4	0.401659
17	9	4	3	0.336541
14	7	3	2	0.335533
9	5	2	2	0.312248
11	6	2	4	0.376378
18	10	4	5	0.632718
19	11	5	0	0.257414
1	1	0	1	0.587342
5	4	1	3	0.390224
13	7	3	2	0.57953
9	5	2	2	0.388451
7	5	2	2	0.27843
7	5	2	2	0.386633
7	5	2	2	0.529249
7	5	2	2	0.263158
11	6	2	4	0.266562
17	9	4	3	0
14	7	3	2	0.280804
9	5	2	2	0.296485
7	5	2	2	0.289436
11	6	2	4	0.411446
18	10	4	5	0.646757
19	11	5	0	0.261297
1	1	0	1	0.546245
4	3	1	1	0.393058
6	4	1	3	0.360743
13	7	3	2	0.341133
10	6	2	4	0.384889
18	10	4	5	0.332402
19	11	5	0	0
1	1	0	1	0
4	3	1	1	0.390328
3	3	1	1	0.305267
6	4	1	3	0.401573
15	8	3	5	0.338283
20	11	5	0	0
1	1	0	1	0
5	4	1	3	0.350525
15	8	3	5	0.25079
20	11	5	0	0
1	1	0	1	0
5	4	1	3	0.366621
15	8	3	5	0.255031
20	11	5	0	0
1	1	0	1	0
4	3	1	1	0.355052
6	4	1	3	0.353687
15	8	3	5	0.365564
20	11	5	0	0
2	2	0	2	0.574267
12	6	2	4	0.358942
17	9	4	3	0.530235
16	8	3	5	0.49798
20	11	5	0	0
2	2	0	2	0.568295
8	5	2	2	0.304148
11	6	2	4	0.371788
17	9	4	3	0.318104
14	7	3	2	0.271569
10	6	2	4	0.287587
18	10	4	5	0.305206
19	11	5	0	0
2	2	0	2	0.417801
12	6	2	4	0.388387
17	9	4	3	0.471695
14	7	3	2	0.327229
10	6	2	4	0
17	9	4	3	0.307726
16	8	3	5	0.444614
20	11	5	0	0
2	2	0	2	0.267956
8	5	2	2	0.354052
11	6	2	4	0.353968
18	10	4	5	0.404655
19	11	5	0	0.268569
2	2	0	2	0
12	6	2	4	0.413533
17	9	4	3	0.424145
16	8	3	5	0.500461
20	11	5	0	0
2	2	0	2	0.268889
8	5	2	2	0.35283
7	5	2	2	0.41573
11	6	2	4	0.297738
17	9	4	3	0
16	8	3	5	0.329259
20	11	5	0	0
2	2	0	2	0.294571
8	5	2	2	0.340544
7	5	2	2	0.403748
11	6	2	4	0.304991
17	9	4	3	0
14	7	3	2	0.303244
10	6	2	4	0.277136
17	9	4	3	0
14	7	3	2	0.351342
10	6	2	4	0.300419
18	10	4	5	0.561061
19	11	5	0	0
1	1	0	1	0.291054
4	3	1	1	0.361571
6	4	1	3	0.35652
15	8	3	5	0.359856
20	11	5	0	0
1	1	0	1	0.53205
4	3	1	1	0.309581
3	3	1	1	0.286883
3	3	1	1	0
6	4	1	3	0.299212
15	8	3	5	0
20	11	5	0	0
1	1	0	1	0.531497
5	4	1	3	0.38397
15	8	3	5	0
20	11	5	0	0
1	1	0	1	0.527037
4	3	1	1	0.318143
6	4	1	3	0.382355
15	8	3	5	0.318416
20	11	5	0	0
1	1	0	1	0.26195
4	3	1	1	0.305874
3	3	1	1	0.267718
6	4	1	3	0.634709
13	7	3	2	0.406947
9	5	2	2	0.567054
7	5	2	2	0.260611
11	6	2	4	0.351441
18	10	4	5	0.635146
19	11	5	0	0.292449
2	2	0	2	0
8	5	2	2	0.411159
11	6	2	4	0.541157
17	9	4	3	0.391657
14	7	3	2	0.347404
9	5	2	2	0.332067
7	5	2	2	0.304479
7	5	2	2	0.387755
7	5	2	2	0.315314
11	6	2	4	0
17	9	4	3	0
14	7	3	2	0.336049
9	5	2	2	0.314854
7	5	2	2	0.292819
11	6	2	4	0.405558
17	9	4	3	0
16	8	3	5	0.396115
20	11	5	0	0
2	2	0	2	0.558567
8	5	2	2	0.284809
7	5	2	2	0.343217
11	6	2	4	0.3336
18	10	4	5	0.701651
19	11	5	0	0.39197
2	2	0	2	0.25068
8	5	2	2	0.32542
7	5	2	2	0.39272
7	5	2	2	0.386838
11	6	2	4	0.307311
17	9	4	3	0
16	8	3	5	0.390554
20	11	5	0	0
2	2	0	2	0.558139
12	6	2	4	0.388915
17	9	4	3	0.415939
14	7	3	2	0.400458
9	5	2	2	0.299387
7	5	2	2	0.309461
7	5	2	2	0.383647
11	6	2	4	0.310168
18	10	4	5	0.7246
19	11	5	0	0.373863
2	2	0	2	0
12	6	2	4	0.490064
18	10	4	5	0.414293
19	11	5	0	0
1	1	0	1	0.262728
5	4	1	3	0.405306
15	8	3	5	0.258345
20	11	5	0	0
2	2	0	2	0.262939
8	5	2	2	0.293128
11	6	2	4	0.411897
17	9	4	3	0.287966
16	8	3	5	0.418001
20	11	5	0	0
2	2	0	2	0.524427
8	5	2	2	0.289512
11	6	2	4	0.39859
18	10	4	5	0.471506
19	11	5	0	0.276786
1	1	0	1	0.587952
4	3	1	1	0.365405
6	4	1	3	0.422774
13	7	3	2	0.423559
10	6	2	4	0.405195
18	10	4	5	0.338784
19	11	5	0	0
1	1	0	1	0.257638
5	4	1	3	0.407605
15	8	3	5	0.257336
20	11	5	0	0
1	1	0	1	0.258097
5	4	1	3	0.385493
13	7	3	2	0.604453
10	6	2	4	0.387817
17	9	4	3	0.308936
16	8	3	5	0.388328
20	11	5	0	0
2	2	0	2	0.508212
8	5	2	2	0.315449
7	5	2	2	0.328799
7	5	2	2	0.362859
11	6	2	4	0.279381
17	9	4	3	0
14	7	3	2	0.344233
9	5	2	2	0.31751
7	5	2	2	0.292529
11	6	2	4	0.408193
17	9	4	3	0
14	7	3	2	0.336598
9	5	2	2	0.304837
11	6	2	4	0.421804
18	10	4	5	0.689811
19	11	5	0	0.259193
1	1	0	1	0.567071
4	3	1	1	0.396373
3	3	1	1	0.357285
3	3	1	1	0.358896
3	3	1	1	0.290116
3	3	1	1	0.316511
6	4	1	3	0.310246
15	8	3	5	0
20	11	5	0	0
2	2	0	2	0.266245
12	6	2	4	0.384816
18	10	4	5	0.407619
19	11	5	0	0
2	2	0	2	0.328654
12	6	2	4	0.497149
17	9	4	3	0.399804
16	8	3	5	0.479495
20	11	5	0	0
1	1	0	1	0.255948
5	4	1	3	0.426626
13	7	3	2	0.638108
9	5	2	2	0.361306
11	6	2	4	0.399685
17	9	4	3	0
16	8	3	5	0.370138
20	11	5	0	0
2	2	0	2	0.286086
12	6	2	4	0.356615
18	10	4	5	0.396395
19	11	5	0	0
2	2	0	2	0.31848
12	6	2	4	0.466425
17	9	4	3	0.379083
16	8	3	5	0.477615
20	11	5	0	0
1	1	0	1	0.52929
5	4	1	3	0.422801
15	8	3	5	0
20	11	5	0	0
2	2	0	2	0
12	6	2	4	0.355366
17	9	4	3	0.391137
16	8	3	5	0.454841
20	11	5	0	0
1	1	0	1	0.54253
5	4	1	3	0.424619
15	8	3	5	0
20	11	5	0	0
2	2	0	2	0
8	5	2	2	0.3435
7	5	2	2	0.424139
7	5	2	2	0.405497
7	5	2	2	0.289294
7	5	2	2	0.529852
7	5	2	2	0.513442
11	6	2	4	0.26086
18	10	4	5	0.721134
19	11	5	0	0.40531
1	1	0	1	0.542773
4	3	1	1	0.348061
3	3	1	1	0.317816
6	4	1	3	0.458812
15	8	3	5	0.281009
20	11	5	0	0
1	1	0	1	0.253221
4	3	1	1	0.293981
3	3	1	1	0.270101
6	4	1	3	0.645715
15	8	3	5	0.265469
20	11	5	0	0
2	2	0	2	0.250785
12	6	2	4	0.390813
17	9	4	3	0.405739
14	7	3	2	0.395273
10	6	2	4	0.255879
17	9	4	3	0.263325
14	7	3	2	0.375211
9	5	2	2	0.289073
11	6	2	4	0.417006
17	9	4	3	0
16	8	3	5	0.299074
20	11	5	0	0
1	1	0	1	0.269925
5	4	1	3	0.423983
15	8	3	5	0
20	11	5	0	0
2	2	0	2	0
8	5	2	2	0.329876
11	6	2	4	0.414383
17	9	4	3	0.262451
16	8	3	5	0.348608
20	11	5	0	0
2	2	0	2	0.251108
12	6	2	4	0.381078
17	9	4	3	0.366723
16	8	3	5	0.430733
20	11	5	0	0
1	1	0	1	0.552407
4	3	1	1	0.301205
6	4	1	3	0.425395
15	8	3	5	0.296929
20	11	5	0	0
1	1	0	1	0.555619
4	3	1	1	0.271145
3	3	1	1	0.252679
6	4	1	3	0.664702
15	8	3	5	0
20	11	5	0	0
2	2	0	2	0
12	6	2	4	0.400439
17	9	4	3	0.358129
14	7	3	2	0.403495
9	5	2	2	0.34929
7	5	2	2	0.366613
11	6	2	4	0.431818
17	9	4	3	0
14	7	3	2	0.385084
9	5	2	2	0.341236
11	6	2	4	0.440126
17	9	4	3	0
14	7	3	2	0.338021
9	5	2	2	0.316329
11	6	2	4	0.436616
17	9	4	3	0
14	7	3	2	0.33072
9	5	2	2	0.313067
11	6	2	4	0.43951
17	9	4	3	0
16	8	3	5	0.289007
20	11	5	0	0
1	1	0	1	0.536925
5	4	1	3	0.417649
15	8	3	5	0
20	11	5	0	0
2	2	0	2	0
12	6	2	4	0.42059
17	9	4	3	0.328578
14	7	3	2	0.370817
9	5	2	2	0.336
7	5	2	2	0.372172
11	6	2	4	0.455212
18	10	4	5	0.750599
19	11	5	0	0.257077
1	1	0	1	0.64801
5	4	1	3	0.423014
15	8	3	5	0
20	11	5	0	0
1	1	0	1	0.56472
5	4	1	3	0.407952
15	8	3	5	0
20	11	5	0	0
1	1	0	1	0.55646
5	4	1	3	0.403702
15	8	3	5	0
20	11	5	0	0
2	2	0	2	0
8	5	2	2	0.331052
7	5	2	2	0.405485
11	6	2	4	0.351798
17	9	4	3	0
14	7	3	2	0.311629
9	5	2	2	0.303663
7	5	2	2	0.316095
11	6	2	4	0.445503
18	10	4	5	0.738392
19	11	5	0	0.25316
2	2	0	2	0
12	6	2	4	0.569396
18	10	4	5	0.347116
19	11	5	0	0
2	2	0	2	0.286679
12	6	2	4	0.528997
17	9	4	3	0.332233
16	8	3	5	0.453721
20	11	5	0	0
2	2	0	2	0
12	6	2	4	0.376916
18	10	4	5	0.424307
19	11	5	0	0
2	2	0	2	0.282194
12	6	2	4	0.484681
17	9	4	3	0.318632
14	7	3	2	0.370586
10	6	2	4	0
18	10	4	5	0.606947
19	11	5	0	0
2	2	0	2	0.300182
8	5	2	2	0.956356
7	5	2	2	0.514052
7	5	2	2	0.466483
7	5	2	2	0.314285
11	6	2	4	0
17	9	4	3	0
16	8	3	5	0.34648
20	11	5	0	0
2	2	0	2	0
8	5	2	2	0.345114
11	6	2	4	0.379406
18	10	4	5	0.733442
19	11	5	0	0.273454
1	1	0	1	0.665096
5	4	1	3	0.43246
13	7	3	2	0.652908
10	6	2	4	0.394324
18	10	4	5	0.562569
19	11	5	0	0
1	1	0	1	0.28831
4	3	1	1	0.374802
3	3	1	1	0.288625
3	3	1	1	0.313512
6	4	1	3	0.326094
13	7	3	2	0.424459
10	6	2	4	0.440957
18	10	4	5	0.324121
19	11	5	0	0
1	1	0	1	0.289178
4	3	1	1	0.366728
3	3	1	1	0.283811
3	3	1	1	0.299591
3	3	1	1	0.263323
6	4	1	3	0.322029
13	7	3	2	0.677597
9	5	2	2	0.418117
7	5	2	2	0.289338
7	5	2	2	0.412672
11	6	2	4	0
18	10	4	5	0.667972
19	11	5	0	0.392596
2	2	0	2	0
8	5	2	2	0.377447
7	5	2	2	0.444671
11	6	2	4	0.313976
18	10	4	5	0.69464
19	11	5	0	0.423054
1	1	0	1	0.538251
5	4	1	3	0.430549
13	7	3	2	0.632015
10	6	2	4	0.376633
18	10	4	5	0.295582
19	11	5	0	0
1	1	0	1	0.267345
4	3	1	1	0.384434
6	4	1	3	0.3834
13	7	3	2	0.413304
10	6	2	4	0.367662
17	9	4	3	0.323174
16	8	3	5	0.368491
20	11	5	0	0
1	1	0	1	0.262586
5	4	1	3	0.403919
13	7	3	2	0.6106
10	6	2	4	0.359786
17	9	4	3	0.299044
16	8	3	5	0.382928
20	11	5	0	0
2	2	0	2	0.253401
12	6	2	4	0.322414
18	10	4	5	0.359828
19	11	5	0	0
2	2	0	2	0.329497
12	6	2	4	0.414203
18	10	4	5	0.321056
19	11	5	0	0
2	2	0	2	0.315889
12	6	2	4	0.39819
18	10	4	5	0.305683
19	11	5	0	0
1	1	0	1	0.31875
5	4	1	3	0.384388
13	7	3	2	0.365015
10	6	2	4	0.303871
18	10	4	5	0.258561
19	11	5	0	0
1	1	0	1	0.293686
5	4	1	3	0.379373
13	7	3	2	0.349388
10	6	2	4	0.296517
17	9	4	3	0.307539
14	7	3	2	0.323076
10	6	2	4	0.25443
17	9	4	3	0.275045
16	8	3	5	0.42231
20	11	5	0	0
2	2	0	2	0.250158
12	6	2	4	0.285242
18	10	4	5	0.317157
19	11	5	0	0
1	1	0	1	0.320472
5	4	1	3	0.350075
15	8	3	5	0.281857
20	11	5	0	0
1	1	0	1	0.547753
4	3	1	1	0.387691
6	4	1	3	0.336849
13	7	3	2	0.338112
9	5	2	2	0.391055
7	5	2	2	0
11	6	2	4	0.288466
17	9	4	3	0
16	8	3	5	0.422551
20	11	5	0	0
1	1	0	1	0.282023
5	4	1	3	0.354479
15	8	3	5	0.260389
20	11	5	0	0
2	2	0	2	0
12	6	2	4	0.313062
17	9	4	3	0.422437
14	7	3	2	0.324415
10	6	2	4	0
17	9	4	3	0.274468
16	8	3	5	0.45929
20	11	5	0	0
1	1	0	1	0.544497
4	3	1	1	0.402283
3	3	1	1	0.318248
3	3	1	1	0.378832
3	3	1	1	0.29385
6	4	1	3	0.288403
15	8	3	5	0
20	11	5	0	0
2	2	0	2	0
12	6	2	4	0.318454
17	9	4	3	0.403213
16	8	3	5	0.464072
20	11	5	0	0
2	2	0	2	0
12	6	2	4	0.310892
17	9	4	3	0.385519
14	7	3	2	0.376711
10	6	2	4	0
17	9	4	3	0.252935
16	8	3	5	0.398159
20	11	5	0	0
2	2	0	2	0
8	5	2	2	0.45385
7	5	2	2	0.413938
7	5	2	2	0.464512
11	6	2	4	0.257107
17	9	4	3	0
14	7	3	2	0.343218
9	5	2	2	0.400906
7	5	2	2	0.362161
11	6	2	4	0.375989
17	9	4	3	0
14	7	3	2	0.335098
9	5	2	2	0.383783
7	5	2	2	0.349626
11	6	2	4	0.388367
18	10	4	5	0.687786
19	11	5	0	0.269301
2	2	0	2	0
12	6	2	4	0.472074
18	10	4	5	0.306845
19	11	5	0	0
1	1	0	1	0.325532
4	3	1	1	0.382628
3	3	1	1	0.297502
6	4	1	3	0.436845
15	8	3	5	0.301959
20	11	5	0	0
2	2	0	2	0
12	6	2	4	0.347371
17	9	4	3	0.35883
16	8	3	5	0.461713
20	11	5	0	0
2	2	0	2	0
8	5	2	2	0.404197
11	6	2	4	0.358793
18	10	4	5	0.687682
19	11	5	0	0.289953
2	2	0	2	0
8	5	2	2	0.476546
11	6	2	4	0.481451
17	9	4	3	0.303067
16	8	3	5	0.408025
20	11	5	0	0
1	1	0	1	0.570709
5	4	1	3	0.4074
13	7	3	2	0.634941
10	6	2	4	0.36548
17	9	4	3	0
16	8	3	5	0.340172
20	11	5	0	0
2	2	0	2	0
8	5	2	2	0.424208
7	5	2	2	0.399911
7	5	2	2	0.443569
11	6	2	4	0.266606
18	10	4	5	0.683667
19	11	5	0	0.273129
2	2	0	2	0
8	5	2	2	0.493386
7	5	2	2	0.968522
7	5	2	2	0.472199
11	6	2	4	0.277705
18	10	4	5	0.678715
19	11	5	0	0.347886
2	2	0	2	0
8	5	2	2	0.415521
11	6	2	4	0.474744
17	9	4	3	0.304528
14	7	3	2	0.363105
10	6	2	4	0.265983
17	9	4	3	0
16	8	3	5	0.35975
20	11	5	0	0
1	1	0	1	0.577289
4	3	1	1	0.372965
3	3	1	1	0.29515
3	3	1	1	0.351885
6	4	1	3	0.334628
15	8	3	5	0.273517
20	11	5	0	0
1	1	0	1	0.572251
5	4	1	3	0.41751
13	7	3	2	0.636481
10	6	2	4	0.377658
17	9	4	3	0.250626
14	7	3	2	0.360271
9	5	2	2	0.320725
11	6	2	4	0.376117
18	10	4	5	0.678497
19	11	5	0	0.269225
2	2	0	2	0
12	6	2	4	0.448078
17	9	4	3	0.270695
14	7	3	2	0.360897
9	5	2	2	0.630865
7	5	2	2	0.369969
11	6	2	4	0.373243
17	9	4	3	0
14	7	3	2	0.34242
9	5	2	2	0.352977
11	6	2	4	0.382703
18	10	4	5	0.687054
19	11	5	0	0.269101
1	1	0	1	0.643941
5	4	1	3	0.95531
15	8	3	5	0
20	11	5	0	0
1	1	0	1	0.558489
5	4	1	3	0.381583
13	7	3	2	0.588333
9	5	2	2	0.387103
7	5	2	2	0.277222
11	6	2	4	0.34706
17	9	4	3	0
14	7	3	2	0.327453
10	6	2	4	0.280385
17	9	4	3	0
16	8	3	5	0.402658
20	11	5	0	0
1	1	0	1	0.546021
4	3	1	1	0.403313
3	3	1	1	0.314204
3	3	1	1	0.377821
6	4	1	3	0.303156
13	7	3	2	0.387176
9	5	2	2	0.440306
11	6	2	4	0.625643
18	10	4	5	0.688746
19	11	5	0	0.268045
2	2	0	2	0
8	5	2	2	0.426984
7	5	2	2	0.517933
11	6	2	4	0.321186
17	9	4	3	0
16	8	3	5	0.386405
20	11	5	0	0
1	1	0	1	0.265118
4	3	1	1	0.374608
6	4	1	3	0.382866
13	7	3	2	0.374328
10	6	2	4	0.377712
17	9	4	3	0.279113
16	8	3	5	0.365531
20	11	5	0	0
2	2	0	2	0
12	6	2	4	0.347483
17	9	4	3	0.351354
14	7	3	2	0.374022
9	5	2	2	0.595377
7	5	2	2	0.352306
11	6	2	4	0.391696
17	9	4	3	0
16	8	3	5	0.425781
20	11	5	0	0
1	1	0	1	0.520419
4	3	1	1	0.370335
3	3	1	1	0.303352
3	3	1	1	0.271624
3	3	1	1	0.272683
3	3	1	1	0.311393
6	4	1	3	0.322358
13	7	3	2	0.638846
9	5	2	2	0.945403
7	5	2	2	0.26511
11	6	2	4	0.361451
18	10	4	5	0.692445
19	11	5	0	0.315722
2	2	0	2	0
8	5	2	2	0.414808
7	5	2	2	0.500528
11	6	2	4	0.329658
18	10	4	5	0.731812
19	11	5	0	0.426597
2	2	0	2	0
12	6	2	4	0.427857
17	9	4	3	0.341785
14	7	3	2	0.37453
10	6	2	4	0
18	10	4	5	0.599364
19	11	5	0	0
2	2	0	2	0.323365
8	5	2	2	0.378483
7	5	2	2	0.453978
11	6	2	4	0.309028
17	9	4	3	0
16	8	3	5	0.344207
20	11	5	0	0
2	2	0	2	0.26238
12	6	2	4	0.342568
17	9	4	3	0.348151
14	7	3	2	0.417878
9	5	2	2	0.592939
11	6	2	4	0.38785
17	9	4	3	0
16	8	3	5	0.336069
20	11	5	0	0
1	1	0	1	0.535424
4	3	1	1	0.355277
6	4	1	3	0.411362
13	7	3	2	0.397756
9	5	2	2	0.355599
7	5	2	2	0
11	6	2	4	0.356774
18	10	4	5	0.697051
19	11	5	0	0.318746
2	2	0	2	0
12	6	2	4	0.490652
18	10	4	5	0.310802
19	11	5	0	0
1	1	0	1	0.295785
4	3	1	1	0.380794
3	3	1	1	0.29634
3	3	1	1	0.317933
3	3	1	1	0.263993
6	4	1	3	0.333742
13	7	3	2	0.651128
10	6	2	4	0.39757
18	10	4	5	0.320647
19	11	5	0	0
2	2	0	2	0.323816
8	5	2	2	0.40187
7	5	2	2	0.490965
7	5	2	2	0.44624
7	5	2	2	0.296109
11	6	2	4	0
18	10	4	5	0.67513
19	11	5	0	0.404303
2	2	0	2	0
12	6	2	4	0.407031
18	10	4	5	0.353342
19	11	5	0	0
2	2	0	2	0.293537
12	6	2	4	0.42669
18	10	4	5	0.335186
19	11	5	0	0
1	1	0	1	0.297543
4	3	1	1	0.378831
6	4	1	3	0.41225
15	8	3	5	0.37899
20	11	5	0	0
1	1	0	1	0.533288
5	4	1	3	0.412128
15	8	3	5	0
20	11	5	0	0
1	1	0	1	0.287491
5	4	1	3	0.434226
13	7	3	2	0.622928
9	5	2	2	0.366582
7	5	2	2	0.271888
11	6	2	4	0.32222
17	9	4	3	0
16	8	3	5	0.391496
20	11	5	0	0
1	1	0	1	0.260441
5	4	1	3	0.417614
13	7	3	2	0.361534
9	5	2	2	0.350231
11	6	2	4	0.375912
18	10	4	5	0.636106
19	11	5	0	0.263148
1	1	0	1	0.584424
5	4	1	3	0.959226
15	8	3	5	0.251617
20	11	5	0	0
1	1	0	1	0.268976
5	4	1	3	0.962828
15	8	3	5	0.251473
20	11	5	0	0
2	2	0	2	0.268311
12	6	2	4	0.331573
17	9	4	3	0.428652
16	8	3	5	0.488754
20	11	5	0	0
2	2	0	2	0.265508
8	5	2	2	0.33511
11	6	2	4	0.344115
17	9	4	3	0.267097
14	7	3	2	0.287561
9	5	2	2	0.303992
11	6	2	4	0.363199
18	10	4	5	0.644292
19	11	5	0	0.255709
1	1	0	1	0.591462
5	4	1	3	0.394126
15	8	3	5	0
20	11	5	0	0
2	2	0	2	0.258414
8	5	2	2	0.329489
11	6	2	4	0.355152
17	9	4	3	0.283833
16	8	3	5	0.402238
20	11	5	0	0
2	2	0	2	0.272328
8	5	2	2	0.329213
11	6	2	4	0.345606
18	10	4	5	0.413218
19	11	5	0	0.273206
1	1	0	1	0.606418
5	4	1	3	0.398854
15	8	3	5	0
20	11	5	0	0
2	2	0	2	0.253798
8	5	2	2	0.327626
11	6	2	4	0.352541
17	9	4	3	0.282442
14	7	3	2	0.294955
10	6	2	4	0.274315
18	10	4	5	0.547419
19	11	5	0	0
1	1	0	1	0.274642
5	4	1	3	0.378635
13	7	3	2	0.349691
10	6	2	4	0.338339
17	9	4	3	0.283303
14	7	3	2	0.323558
10	6	2	4	0.2887
18	10	4	5	0.294034
19	11	5	0	0
1	1	0	1	0.281735
4	3	1	1	0.417131
3	3	1	1	0.309047
3	3	1	1	0.336624
6	4	1	3	0.294127
15	8	3	5	0.298801
20	11	5	0	0
2	2	0	2	0
8	5	2	2	0.338391
11	6	2	4	0.33894
17	9	4	3	0.288326
16	8	3	5	0.39617
20	11	5	0	0
1	1	0	1	0.275709
4	3	1	1	0.358592
6	4	1	3	0.373955
15	8	3	5	0.338157
20	11	5	0	0
1	1	0	1	0.521561
5	4	1	3	0.358356
13	7	3	2	0.597701
9	5	2	2	0.366929
7	5	2	2	0.283847
11	6	2	4	0.325214
17	9	4	3	0
16	8	3	5	0.364687
20	11	5	0	0
2	2	0	2	0.292899
8	5	2	2	0.320158
11	6	2	4	0.344958
17	9	4	3	0.260989
14	7	3	2	0.276993
10	6	2	4	0.282504
17	9	4	3	0
14	7	3	2	0.335327
10	6	2	4	0.298555
18	10	4	5	0.566013
19	11	5	0	0
1	1	0	1	0.280298
4	3	1	1	0.390429
3	3	1	1	0.292732
3	3	1	1	0.319082
6	4	1	3	0.298046
13	7	3	2	0.379656
10	6	2	4	0.42805
18	10	4	5	0.331431
19	11	5	0	0
1	1	0	1	0.281578
5	4	1	3	0.366317
15	8	3	5	0.256723
20	11	5	0	0
1	1	0	1	0.521429
4	3	1	1	0.347297
3	3	1	1	0.290916
6	4	1	3	0.578914
13	7	3	2	0.376372
9	5	2	2	0.974564
11	6	2	4	0.357672
17	9	4	3	0
16	8	3	5	0.333273
20	11	5	0	0
2	2	0	2	0.305912
8	5	2	2	0.311443
11	6	2	4	0.331752
17	9	4	3	0.264471
14	7	3	2	0.270709
10	6	2	4	0.273117
17	9	4	3	0
14	7	3	2	0.326698
9	5	2	2	0.289269
11	6	2	4	0.356444
17	9	4	3	0
14	7	3	2	0.2877
9	5	2	2	0.311469
7	5	2	2	0.329767
7	5	2	2	0.434931
11	6	2	4	0.26613
17	9	4	3	0
16	8	3	5	0.367712
20	11	5	0	0
2	2	0	2	0.278552
12	6	2	4	0.352278
18	10	4	5	0.398116
19	11	5	0	0
1	1	0	1	0.280102
5	4	1	3	0.346251
13	7	3	2	0.324936
9	5	2	2	0.333283
7	5	2	2	0.285094
7	5	2	2	0.41114
11	6	2	4	0
18	10	4	5	0.674522
19	11	5	0	0.38427
1	1	0	1	0.540644
4	3	1	1	0.39916
3	3	1	1	0.347313
3	3	1	1	0.325835
3	3	1	1	0.273842
3	3	1	1	0.309136
6	4	1	3	0.290117
15	8	3	5	0
20	11	5	0	0
2	2	0	2	0.257029
12	6	2	4	0.356864
17	9	4	3	0.407957
14	7	3	2	0.3433
9	5	2	2	0.562623
11	6	2	4	0.382369
18	10	4	5	0.665812
19	11	5	0	0.265384
1	1	0	1	0.587622
4	3	1	1	0.365998
6	4	1	3	0.371048
15	8	3	5	0.323529
20	11	5	0	0
1	1	0	1	0.505407
5	4	1	3	0.372276
15	8	3	5	0
20	11	5	0	0
1	1	0	1	0.25682
4	3	1	1	0.336337
3	3	1	1	0.271927
3	3	1	1	0.283121
6	4	1	3	0.555176
13	7	3	2	0.392757
9	5	2	2	0.37583
11	6	2	4	0.615007
17	9	4	3	0
16	8	3	5	0.338973
20	11	5	0	0
1	1	0	1	0.252391
5	4	1	3	0.381733
13	7	3	2	0.612439
9	5	2	2	0.330301
11	6	2	4	0.394843
17	9	4	3	0
14	7	3	2	0.299056
10	6	2	4	0.284046
17	9	4	3	0.258363
16	8	3	5	0.360655
20	11	5	0	0
2	2	0	2	0.261378
8	5	2	2	0.324085
7	5	2	2	0.40054
7	5	2	2	0.379777
11	6	2	4	0.27712
18	10	4	5	0.676091
19	11	5	0	0.265181
2	2	0	2	0
12	6	2	4	0.516623
17	9	4	3	0.303464
16	8	3	5	0.460406
20	11	5	0	0
1	1	0	1	0.257088
5	4	1	3	0.383754
13	7	3	2	0.605531
10	6	2	4	0.402123
17	9	4	3	0.278208
14	7	3	2	0.332548
10	6	2	4	0.316282
17	9	4	3	0
14	7	3	2	0.330282
10	6	2	4	0.312244
18	10	4	5	0.581673
19	11	5	0	0
1	1	0	1	0.273742
5	4	1	3	0.354416
15	8	3	5	0.265688
20	11	5	0	0
2	2	0	2	0
8	5	2	2	0.325569
11	6	2	4	0.367776
18	10	4	5	0.467376
19	11	5	0	0.280955
1	1	0	1	0.594271
5	4	1	3	0.362431
15	8	3	5	0
20	11	5	0	0
2	2	0	2	0.251715
8	5	2	2	0.322998
11	6	2	4	0.359799
17	9	4	3	0.285271
16	8	3	5	0.40062
20	11	5	0	0
1	1	0	1	0.268915
5	4	1	3	0.356685
13	7	3	2	0.5745
10	6	2	4	0.383398
18	10	4	5	0.310464
19	11	5	0	0
1	1	0	1	0.273753
5	4	1	3	0.345111
13	7	3	2	0.317739
10	6	2	4	0.349516
18	10	4	5	0.300868
19	11	5	0	0
2	2	0	2	0.388688
8	5	2	2	0.373718
7	5	2	2	0.517717
11	6	2	4	0.296374
17	9	4	3	0
16	8	3	5	0.377176
20	11	5	0	0
1	1	0	1	0.264438
5	4	1	3	0.345602
15	8	3	5	0.259673
20	11	5	0	0
1	1	0	1	0.260928
5	4	1	3	0.344346
13	7	3	2	0.303384
10	6	2	4	0.372723
18	10	4	5	0.301548
19	11	5	0	0
1	1	0	1	0.267807
5	4	1	3	0.334603
15	8	3	5	0.28293
20	11	5	0	0
2	2	0	2	0.510453
12	6	2	4	0.343978
18	10	4	5	0.36062
19	11	5	0	0
1	1	0	1	0.282845
4	3	1	1	0.424661
3	3	1	1	0.312341
6	4	1	3	0.387207
15	8	3	5	0.329961
20	11	5	0	0
1	1	0	1	0.258344
4	3	1	1	0.358233
6	4	1	3	0.331068
13	7	3	2	0.325231
10	6	2	4	0.333925
17	9	4	3	0.349808
16	8	3	5	0.361125
20	11	5	0	0
1	1	0	1	0.26054
5	4	1	3	0.345313
15	8	3	5	0.25088
20	11	5	0	0
2	2	0	2	0.515081
12	6	2	4	0.338295
17	9	4	3	0.452651
14	7	3	2	0.317602
9	5	2	2	0.60502
11	6	2	4	0.361198
17	9	4	3	0
14	7	3	2	0.27409
9	5	2	2	0.314328
11	6	2	4	0.358862
18	10	4	5	0.635807
19	11	5	0	0.261495
1	1	0	1	0.577296
5	4	1	3	0.338284
15	8	3	5	0
20	11	5	0	0
2	2	0	2	0.50536
12	6	2	4	0.342408
17	9	4	3	0.443805
16	8	3	5	0.490598
20	11	5	0	0
1	1	0	1	0.275274
5	4	1	3	0.334955
15	8	3	5	0
20	11	5	0	0
2	2	0	2	0.251105
12	6	2	4	0.347837
17	9	4	3	0.427506
14	7	3	2	0.31153
10	6	2	4	0
18	10	4	5	0.321057
19	11	5	0	0
2	2	0	2	0.395047
8	5	2	2	0.411803
7	5	2	2	0.53615
11	6	2	4	0.293499
18	10	4	5	0.660387
19	11	5	0	0.426727
1	1	0	1	0.307918
4	3	1	1	0.416632
3	3	1	1	0.352609
6	4	1	3	0.37746
13	7	3	2	0.355721
10	6	2	4	0.970814
18	10	4	5	0.295528
19	11	5	0	0
1	1	0	1	0.288705
5	4	1	3	0.334452
13	7	3	2	0.313514
9	5	2	2	0.36207
7	5	2	2	0.29947
7	5	2	2	0.442934
11	6	2	4	0
18	10	4	5	0.615771
19	11	5	0	0.375054
2	2	0	2	0.282033
8	5	2	2	0.373986
11	6	2	4	0.424232
18	10	4	5	0.494626
19	11	5	0	0.343417
1	1	0	1	0.30164
5	4	1	3	0.342389
13	7	3	2	0.297526
9	5	2	2	0.36591
11	6	2	4	0.345804
17	9	4	3	0
16	8	3	5	0.406639
20	11	5	0	0
1	1	0	1	0.25989
4	3	1	1	0.411086
3	3	1	1	0.320621
3	3	1	1	0.288044
3	3	1	1	0.288687
3	3	1	1	0.335458
6	4	1	3	0.280826
13	7	3	2	0.583469
10	6	2	4	0.370061
17	9	4	3	0.339996
16	8	3	5	0.357171
20	11	5	0	0
2	2	0	2	0.298176
12	6	2	4	0.322761
18	10	4	5	0.358845
19	11	5	0	0
2	2	0	2	0.397612
8	5	2	2	0.455001
11	6	2	4	0.963432
17	9	4	3	0.407036
16	8	3	5	0.419325
20	11	5	0	0
1	1	0	1	0.267993
4	3	1	1	0.372666
3	3	1	1	0.28652
6	4	1	3	0.374484
13	7	3	2	0.380878
10	6	2	4	0.967267
17	9	4	3	0.334408
14	7	3	2	0.318143
10	6	2	4	0.272214
17	9	4	3	0.28089
16	8	3	5	0.3545
20	11	5	0	0
1	1	0	1	0.270011
5	4	1	3	0.362041
13	7	3	2	0.571978
9	5	2	2	0.374604
11	6	2	4	0.348571
17	9	4	3	0
16	8	3	5	0.365613
20	11	5	0	0
2	2	0	2	0.332033
12	6	2	4	0.318855
18	10	4	5	0.358319
19	11	5	0	0
2	2	0	2	0.367822
8	5	2	2	0.461145
7	5	2	2	0.98325
11	6	2	4	0.275417
17	9	4	3	0
14	7	3	2	0.277644
9	5	2	2	0.571552
11	6	2	4	0.329631
17	9	4	3	0
16	8	3	5	0.333301
20	11	5	0	0
1	1	0	1	0.2666
4	3	1	1	0.377914
6	4	1	3	0.356752
13	7	3	2	0.346616
10	6	2	4	0.334757
18	10	4	5	0.303431
19	11	5	0	0
2	2	0	2	0.381043
8	5	2	2	0.377819
7	5	2	2	0.508745
11	6	2	4	0.278541
18	10	4	5	0.644955
19	11	5	0	0.424421
1	1	0	1	0.294059
5	4	1	3	0.368874
15	8	3	5	0
20	11	5	0	0
2	2	0	2	0.254995
12	6	2	4	0.318209
18	10	4	5	0.340671
19	11	5	0	0
1	1	0	1	0.295044
5	4	1	3	0.348584
13	7	3	2	0.33202
9	5	2	2	0.343581
7	5	2	2	0.301568
7	5	2	2	0.428605
7	5	2	2	0.592052
7	5	2	2	0.563128
11	6	2	4	0.250451
18	10	4	5	0.628315
19	11	5	0	0.415054
2	2	0	2	0.282879
8	5	2	2	0.341111
11	6	2	4	0.418595
18	10	4	5	0.494188
19	11	5	0	0.343538
1	1	0	1	0.282015
5	4	1	3	0.363609
15	8	3	5	0.265251
20	11	5	0	0
2	2	0	2	0.532737
12	6	2	4	0.329892
17	9	4	3	0.471146
16	8	3	5	0.499309
20	11	5	0	0
1	1	0	1	0.253376
4	3	1	1	0.404901
3	3	1	1	0.303655
6	4	1	3	0.427896
13	7	3	2	0.374656
10	6	2	4	0.972701
18	10	4	5	0.290548
19	11	5	0	0
2	2	0	2	0.415802
12	6	2	4	0.36125
17	9	4	3	0.441792
16	8	3	5	0.48818
20	11	5	0	0
2	2	0	2	0.291828
12	6	2	4	0.30853
18	10	4	5	0.343598
19	11	5	0	0
2	2	0	2	0.369899
12	6	2	4	0.398787
18	10	4	5	0.306342
19	11	5	0	0
1	1	0	1	0.306683
4	3	1	1	0.407523
6	4	1	3	0.354483
13	7	3	2	0.376058
10	6	2	4	0.320793
18	10	4	5	0.271815
19	11	5	0	0
2	2	0	2	0.401933
8	5	2	2	0.411826
7	5	2	2	0.534907
7	5	2	2	0.489066
7	5	2	2	0.596278
7	5	2	2	0.594776
7	5	2	2	0.580293
11	6	2	4	0
17	9	4	3	0
14	7	3	2	0.294206
10	6	2	4	0
18	10	4	5	0.273972
19	11	5	0	0
2	2	0	2	0.401978
12	6	2	4	0.337363
18	10	4	5	0.319412
19	11	5	0	0
2	2	0	2	0.353927
8	5	2	2	0.460814
11	6	2	4	0.958835
18	10	4	5	0.425947
19	11	5	0	0.36096
1	1	0	1	0.304683
4	3	1	1	0.954344
3	3	1	1	0.310668
6	4	1	3	0.522592
15	8	3	5	0.344973
20	11	5	0	0
2	2	0	2	0.282371
12	6	2	4	0.291758
18	10	4	5	0.306818
19	11	5	0	0
2	2	0	2	0.358423
8	5	2	2	0.464349
11	6	2	4	0.950262
17	9	4	3	0.387721
16	8	3	5	0.425525
20	11	5	0	0
2	2	0	2	0.293839
8	5	2	2	0.33632
11	6	2	4	0.282242
17	9	4	3	0.275346
16	8	3	5	0.383992
20	11	5	0	0
2	2	0	2	0.277553
8	5	2	2	0.336626
11	6	2	4	0.28586
18	10	4	5	0.340346
19	11	5	0	0.292247
2	2	0	2	0
12	6	2	4	0.340603
17	9	4	3	0.388312
16	8	3	5	0.459469
20	11	5	0	0
1	1	0	1	0.285746
5	4	1	3	0.395945
13	7	3	2	0.603724
9	5	2	2	0.396427
7	5	2	2	0.319322
7	5	2	2	0.45054
11	6	2	4	0
17	9	4	3	0
16	8	3	5	0.339579
20	11	5	0	0
1	1	0	1	0.27331
5	4	1	3	0.382443
15	8	3	5	0.251214
20	11	5	0	0
2	2	0	2	0
12	6	2	4	0.313565
17	9	4	3	0.405182
16	8	3	5	0.441466
20	11	5	0	0
1	1	0	1	0.277024
4	3	1	1	0.373949
3	3	1	1	0.284976
3	3	1	1	0.324564
6	4	1	3	0.3154
13	7	3	2	0.413384
10	6	2	4	0.3802
18	10	4	5	0.301096
19	11	5	0	0
2	2	0	2	0.358064
12	6	2	4	0.350853
17	9	4	3	0.380701
16	8	3	5	0.430459
20	11	5	0	0
2	2	0	2	0
8	5	2	2	0.362356
11	6	2	4	0.311906
17	9	4	3	0.250829
16	8	3	5	0.347389
20	11	5	0	0
1	1	0	1	0.294462
5	4	1	3	0.406371
13	7	3	2	0.627081
9	5	2	2	0.404446
11	6	2	4	0.34592
18	10	4	5	0.636061
19	11	5	0	0.270175
1	1	0	1	0.633655
4	3	1	1	0.394694
3	3	1	1	0.319181
3	3	1	1	0.341586
3	3	1	1	0.265201
6	4	1	3	0.319983
15	8	3	5	0
20	11	5	0	0
1	1	0	1	0.54136
5	4	1	3	0.410589
15	8	3	5	0
20	11	5	0	0
2	2	0	2	0
12	6	2	4	0.31995
18	10	4	5	0.337851
19	11	5	0	0
1	1	0	1	0.307328
5	4	1	3	0.395051
13	7	3	2	0.642609
10	6	2	4	0.314776
17	9	4	3	0.292289
16	8	3	5	0.303601
20	11	5	0	0
2	2	0	2	0.250519
8	5	2	2	0.37486
11	6	2	4	0.316593
18	10	4	5	0.376777
19	11	5	0	0.288144
2	2	0	2	0
8	5	2	2	0.421226
7	5	2	2	0.562059
7	5	2	2	0.507497
11	6	2	4	0
17	9	4	3	0
14	7	3	2	0.358914
10	6	2	4	0
17	9	4	3	0.252321
14	7	3	2	0.37671
9	5	2	2	0.306499
7	5	2	2	0.349208
7	5	2	2	0.460428
11	6	2	4	0
17	9	4	3	0
14	7	3	2	0.340107
10	6	2	4	0.261734
17	9	4	3	0
14	7	3	2	0.362803
9	5	2	2	0.297625
7	5	2	2	0.335133
11	6	2	4	0.345277
17	9	4	3	0
14	7	3	2	0.347748
10	6	2	4	0.271517
18	10	4	5	0.569691
19	11	5	0	0
1	1	0	1	0.276934
4	3	1	1	0.418541
3	3	1	1	0.296476
6	4	1	3	0.447655
13	7	3	2	0.385342
9	5	2	2	0.983975
7	5	2	2	0.268699
7	5	2	2	0.397788
7	5	2	2	0.547389
7	5	2	2	0.531829
7	5	2	2	0.27769
7	5	2	2	0.263647
7	5	2	2	0.257427
11	6	2	4	0.260232
18	10	4	5	0.715291
19	11	5	0	0.424933
1	1	0	1	0.262177
4	3	1	1	0.409885
6	4	1	3	0.370829
13	7	3	2	0.345825
9	5	2	2	0.299576
7	5	2	2	0
7	5	2	2	0.337484
11	6	2	4	0.523471
18	10	4	5	0.70158
19	11	5	0	0.393247
1	1	0	1	0.25487
4	3	1	1	0.41179
6	4	1	3	0.358084
13	7	3	2	0.334031
10	6	2	4	0.397986
18	10	4	5	0.357924
19	11	5	0	0
2	2	0	2	0.65356
8	5	2	2	0.318753
11	6	2	4	0.507238
18	10	4	5	0.552183
19	11	5	0	0.355725
2	2	0	2	0.251726
8	5	2	2	0.31363
7	5	2	2	0.403727
11	6	2	4	0.326855
17	9	4	3	0
14	7	3	2	0.281247
9	5	2	2	0.259865
11	6	2	4	0.393187
17	9	4	3	0
14	7	3	2	0.29301
9	5	2	2	0.260596
7	5	2	2	0.266369
11	6	2	4	0.385428
17	9	4	3	0
14	7	3	2	0.321273
9	5	2	2	0.272394
7	5	2	2	0.277957
11	6	2	4	0.399137
17	9	4	3	0
14	7	3	2	0.318056
10	6	2	4	0.298243
17	9	4	3	0.260753
16	8	3	5	0.413447
20	11	5	0	0
2	2	0	2	0.273285
8	5	2	2	0.28862
7	5	2	2	0.346965
7	5	2	2	0.328544
7	5	2	2	0
11	6	2	4	0.53098
17	9	4	3	0
16	8	3	5	0.366251
20	11	5	0	0
2	2	0	2	0.561671
8	5	2	2	0.257458
7	5	2	2	0.329125
11	6	2	4	0.355262
17	9	4	3	0
14	7	3	2	0.291291
9	5	2	2	0.256266
11	6	2	4	0.453978
18	10	4	5	0.744047
19	11	5	0	0.273451
2	2	0	2	0
8	5	2	2	0.33711
7	5	2	2	0.435917
7	5	2	2	0.363349
7	5	2	2	0.251103
7	5	2	2	0
7	5	2	2	0
7	5	2	2	0
11	6	2	4	0.573806
18	10	4	5	0.79558
19	11	5	0	0.413279
2	2	0	2	0.265836
8	5	2	2	0.277333
11	6	2	4	0.577329
18	10	4	5	0.660997
19	11	5	0	0.352298
1	1	0	1	0.268028
4	3	1	1	0.96118
3	3	1	1	0.323772
3	3	1	1	0.468626
3	3	1	1	0.298421
3	3	1	1	0.325973
6	4	1	3	0.305117
15	8	3	5	0.253754
20	11	5	0	0
2	2	0	2	0.29674
12	6	2	4	0.686874
18	10	4	5	0.456714
19	11	5	0	0
2	2	0	2	0.57934
8	5	2	2	0.340815
7	5	2	2	0.95413
11	6	2	4	0.361836
17	9	4	3	0
16	8	3	5	0.360147
20	11	5	0	0
1	1	0	1	0
5	4	1	3	0.413229
13	7	3	2	0.354357
9	5	2	2	0.280405
7	5	2	2	0
11	6	2	4	0.395873
17	9	4	3	0
16	8	3	5	0.379012
20	11	5	0	0
2	2	0	2	0.564738
12	6	2	4	0.658455
17	9	4	3	0.387479
16	8	3	5	0.503702
20	11	5	0	0
2	2	0	2	0.27654
12	6	2	4	0.404445
17	9	4	3	0.371558
14	7	3	2	0.407144
9	5	2	2	0.270277
7	5	2	2	0.300283
7	5	2	2	0.378674
11	6	2	4	0.3195
18	10	4	5	0.759276
19	11	5	0	0.39436
1	1	0	1	0.534801
4	3	1	1	0.398243
6	4	1	3	0.399955
13	7	3	2	0.369415
10	6	2	4	0.434725
18	10	4	5	0.384486
19	11	5	0	0
2	2	0	2	0.600589
8	5	2	2	0.312585
7	5	2	2	0.398107
11	6	2	4	0.358312
17	9	4	3	0
16	8	3	5	0.361004
20	11	5	0	0
2	2	0	2	0.539728
8	5	2	2	0.265018
11	6	2	4	0.402699
17	9	4	3	0
16	8	3	5	0.387353
20	11	5	0	0
1	1	0	1	0.256492
4	3	1	1	0.368768
3	3	1	1	0.288703
3	3	1	1	0.310941
3	3	1	1	0.261855
6	4	1	3	0.338874
15	8	3	5	0
20	11	5	0	0
2	2	0	2	0.274664
12	6	2	4	0.410475
18	10	4	5	0.435213
19	11	5	0	0
1	1	0	1	0.260276
4	3	1	1	0.35125
6	4	1	3	0.419311
15	8	3	5	0.355842
20	11	5	0	0
2	2	0	2	0.26401
8	5	2	2	0.278297
7	5	2	2	0.363026
11	6	2	4	0.331883
17	9	4	3	0
14	7	3	2	0.348796
9	5	2	2	0.263885
11	6	2	4	0.422546
18	10	4	5	0.718997
19	11	5	0	0.267456
2	2	0	2	0
12	6	2	4	0.538692
17	9	4	3	0.27824
14	7	3	2	0.394672
10	6	2	4	0.254834
18	10	4	5	0.612941
19	11	5	0	0
2	2	0	2	0.312979
12	6	2	4	0.411472
17	9	4	3	0.35289
14	7	3	2	0.386884
10	6	2	4	0
17	9	4	3	0
14	7	3	2	0.371066
10	6	2	4	0.304699
18	10	4	5	0.602058
19	11	5	0	0
2	2	0	2	0.297398
8	5	2	2	0.366992
7	5	2	2	0.478734
7	5	2	2	0.427213
7	5	2	2	0.293475
7	5	2	2	0.532949
11	6	2	4	0
18	10	4	5	0.708213
19	11	5	0	0.318879
2	2	0	2	0
8	5	2	2	0.397327
11	6	2	4	0.549635
18	10	4	5	0.556794
19	11	5	0	0.358411
1	1	0	1	0.592616
5	4	1	3	0.971724
15	8	3	5	0.252992
20	11	5	0	0
2	2	0	2	0.255019
8	5	2	2	0.297652
7	5	2	2	0.383266
7	5	2	2	0.362237
7	5	2	2	0.264615
7	5	2	2	0.504502
7	5	2	2	0.256651
11	6	2	4	0.280906
17	9	4	3	0
14	7	3	2	0.319122
10	6	2	4	0.298967
18	10	4	5	0.616103
19	11	5	0	0
1	1	0	1	0
4	3	1	1	0.396513
3	3	1	1	0.283817
6	4	1	3	0.590666
13	7	3	2	0.406081
10	6	2	4	0.988343
18	10	4	5	0.331343
19	11	5	0	0
1	1	0	1	0.252586
4	3	1	1	0.388184
3	3	1	1	0.286501
3	3	1	1	0.306663
3	3	1	1	0.25674
6	4	1	3	0.320435
15	8	3	5	0
20	11	5	0	0
1	1	0	1	0.283491
5	4	1	3	0.416485
13	7	3	2	0.609177
10	6	2	4	0.388186
17	9	4	3	0.284189
14	7	3	2	0.35559
9	5	2	2	0.258265
7	5	2	2	0.271688
7	5	2	2	0.34967
11	6	2	4	0.276438
18	10	4	5	0.685824
19	11	5	0	0.396099
1	1	0	1	0.520227
5	4	1	3	0.404354
15	8	3	5	0
20	11	5	0	0
1	1	0	1	0.269886
5	4	1	3	0.391755
15	8	3	5	0.258585
20	11	5	0	0
2	2	0	2	0.281058
8	5	2	2	0.271011
11	6	2	4	0.384388
17	9	4	3	0.288741
16	8	3	5	0.397192
20	11	5	0	0
