2	2	0	2	0.270024
12	6	2	4	0.642333
17	9	4	3	0.739936
16	8	3	5	0.424654
20	11	5	0	0
2	2	0	2	0
12	6	2	4	0.386198
18	10	4	5	0
19	11	5	0	0
2	2	0	2	0
12	6	2	4	0.63729
17	9	4	3	0.604861
16	8	3	5	0.405336
20	11	5	0	0
2	2	0	2	0
8	5	2	2	0.307549
7	5	2	2	0.582941
11	6	2	4	0.503079
17	9	4	3	0.341629
14	7	3	2	0.475401
9	5	2	2	0.73602
7	5	2	2	0.897672
7	5	2	2	0
7	5	2	2	0.28619
7	5	2	2	0.270548
7	5	2	2	0.265671
7	5	2	2	0.261256
7	5	2	2	0.25642
7	5	2	2	0.251672
7	5	2	2	0
11	6	2	4	0.625152
17	9	4	3	0.253784
16	8	3	5	0.410916
20	11	5	0	0
2	2	0	2	0.283035
12	6	2	4	0.49559
17	9	4	3	0.382009
16	8	3	5	0.416453
20	11	5	0	0
1	1	0	1	0.635097
5	4	1	3	0.622736
15	8	3	5	0.331015
20	11	5	0	0
1	1	0	1	0.570409
5	4	1	3	0.491494
15	8	3	5	0.348213
20	11	5	0	0
2	2	0	2	0
12	6	2	4	0.62474
17	9	4	3	0.302615
16	8	3	5	0.384107
20	11	5	0	0
1	1	0	1	0.622899
4	3	1	1	0.439962
6	4	1	3	0.387982
15	8	3	5	0.36916
20	11	5	0	0
2	2	0	2	0
8	5	2	2	0
11	6	2	4	0.275249
18	10	4	5	0.424571
19	11	5	0	0
1	1	0	1	0.569648
5	4	1	3	0.968547
15	8	3	5	0.342933
20	11	5	0	0
2	2	0	2	0
8	5	2	2	0.294014
11	6	2	4	0.278295
18	10	4	5	0.369785
19	11	5	0	0
2	2	0	2	0
8	5	2	2	0
11	6	2	4	0.28629
17	9	4	3	0.31198
14	7	3	2	0.412863
9	5	2	2	0.525509
7	5	2	2	0.546227
7	5	2	2	0
11	6	2	4	0.616942
17	9	4	3	0
14	7	3	2	0.526304
9	5	2	2	0.736522
11	6	2	4	0.900509
18	10	4	5	0.800452
19	11	5	0	0
1	1	0	1	0.621793
4	3	1	1	0.939635
3	3	1	1	0.563221
3	3	1	1	0
3	3	1	1	0.254997
6	4	1	3	0.717772
13	7	3	2	0.519824
9	5	2	2	0.346514
7	5	2	2	0.351927
11	6	2	4	0.605773
18	10	4	5	0.566002
19	11	5	0	0
1	1	0	1	0.55896
5	4	1	3	0.605987
15	8	3	5	0.363166
20	11	5	0	0
2	2	0	2	0
8	5	2	2	0.268379
7	5	2	2	0.279905
11	6	2	4	0.48241
18	10	4	5	0
19	11	5	0	0
1	1	0	1	0.59465
4	3	1	1	0.946741
3	3	1	1	0.337594
3	3	1	1	0
6	4	1	3	0.783834
13	7	3	2	0.484487
9	5	2	2	0.344297
11	6	2	4	0.378602
18	10	4	5	0.915388
19	11	5	0	0
1	1	0	1	0.535976
5	4	1	3	0.609567
15	8	3	5	0.354584
20	11	5	0	0
1	1	0	1	0.53029
5	4	1	3	0.400893
13	7	3	2	0.394571
10	6	2	4	0.609843
18	10	4	5	0.36051
19	11	5	0	0
1	1	0	1	0.567497
5	4	1	3	0.963746
13	7	3	2	0.361588
10	6	2	4	0.573692
17	9	4	3	0.387773
16	8	3	5	0.296745
20	11	5	0	0
1	1	0	1	0.291585
4	3	1	1	0.410812
3	3	1	1	0.356802
3	3	1	1	0
3	3	1	1	0
6	4	1	3	0.691893
15	8	3	5	0.585784
20	11	5	0	0.297844
1	1	0	1	0.345412
4	3	1	1	0.29394
3	3	1	1	0.56361
3	3	1	1	0
3	3	1	1	0
6	4	1	3	0.72442
13	7	3	2	0.490448
10	6	2	4	0.484789
17	9	4	3	0.407779
14	7	3	2	0.495167
10	6	2	4	0.418767
18	10	4	5	0.27026
19	11	5	0	0
1	1	0	1	0.538392
5	4	1	3	0.96463
15	8	3	5	0.315741
20	11	5	0	0
1	1	0	1	0.265057
5	4	1	3	0.373038
13	7	3	2	0.363571
10	6	2	4	0.540545
17	9	4	3	0.411521
16	8	3	5	0.272956
20	11	5	0	0
2	2	0	2	0.294446
12	6	2	4	0.625306
18	10	4	5	0
19	11	5	0	0
2	2	0	2	0.288172
8	5	2	2	0
7	5	2	2	0.307302
7	5	2	2	0.401362
11	6	2	4	0.416857
17	9	4	3	0.672284
16	8	3	5	0.368124
20	11	5	0	0
1	1	0	1	0.269173
4	3	1	1	0.355486
6	4	1	3	0.312812
15	8	3	5	0.339651
20	11	5	0	0.250318
1	1	0	1	0.32619
5	4	1	3	0.347071
13	7	3	2	0.397734
9	5	2	2	0.396494
11	6	2	4	0.336109
18	10	4	5	0.851119
19	11	5	0	0
1	1	0	1	0
4	3	1	1	0.434683
3	3	1	1	0.546546
6	4	1	3	0.773587
15	8	3	5	0.384291
20	11	5	0	0.25598
1	1	0	1	0.32128
5	4	1	3	0.317107
15	8	3	5	0.35383
20	11	5	0	0
2	2	0	2	0.310714
12	6	2	4	0.479722
18	10	4	5	0
19	11	5	0	0
2	2	0	2	0.532913
8	5	2	2	0
7	5	2	2	0.307397
7	5	2	2	0.376837
7	5	2	2	0.331078
7	5	2	2	0.303752
11	6	2	4	0.38677
17	9	4	3	0.611719
16	8	3	5	0.362312
20	11	5	0	0
1	1	0	1	0.256766
5	4	1	3	0.521807
13	7	3	2	0.339759
9	5	2	2	0.353138
11	6	2	4	0.357368
17	9	4	3	0
14	7	3	2	0.308632
10	6	2	4	0.46591
17	9	4	3	0.59457
16	8	3	5	0.362619
20	11	5	0	0
2	2	0	2	0.276297
12	6	2	4	0.650407
17	9	4	3	0.681877
14	7	3	2	0.410018
9	5	2	2	0.526819
11	6	2	4	0.965678
17	9	4	3	0
16	8	3	5	0.336801
20	11	5	0	0
2	2	0	2	0.27959
12	6	2	4	0.637554
18	10	4	5	0
19	11	5	0	0
2	2	0	2	0.269366
12	6	2	4	0.662473
18	10	4	5	0
19	11	5	0	0
2	2	0	2	0.266988
8	5	2	2	0
11	6	2	4	0.265011
17	9	4	3	0.401291
14	7	3	2	0.382053
9	5	2	2	0.512962
11	6	2	4	0.362398
17	9	4	3	0
14	7	3	2	0.304054
9	5	2	2	0.530051
11	6	2	4	0.334084
17	9	4	3	0
14	7	3	2	0.301144
9	5	2	2	0.512178
7	5	2	2	0.463215
11	6	2	4	0.324888
17	9	4	3	0.263335
14	7	3	2	0.460069
9	5	2	2	0.651031
7	5	2	2	0.840513
11	6	2	4	0.595879
18	10	4	5	0.250584
19	11	5	0	0
2	2	0	2	0
12	6	2	4	0.661478
17	9	4	3	0.67327
14	7	3	2	0.414348
10	6	2	4	0.448528
17	9	4	3	0.362217
14	7	3	2	0.383429
10	6	2	4	0.604286
17	9	4	3	0.336457
16	8	3	5	0.414449
20	11	5	0	0
1	1	0	1	0.333693
5	4	1	3	0.528274
13	7	3	2	0.329368
9	5	2	2	0.374105
7	5	2	2	0.347317
11	6	2	4	0.333461
18	10	4	5	0.519998
19	11	5	0	0
2	2	0	2	0.260568
8	5	2	2	0
7	5	2	2	0.538651
7	5	2	2	0.412262
7	5	2	2	0.32625
7	5	2	2	0.275643
7	5	2	2	0.294136
7	5	2	2	0.285731
11	6	2	4	0.391741
17	9	4	3	0.525895
14	7	3	2	0.467444
10	6	2	4	0.836439
18	10	4	5	0.274394
19	11	5	0	0
2	2	0	2	0
8	5	2	2	0
11	6	2	4	0.253779
18	10	4	5	0.542656
19	11	5	0	0
2	2	0	2	0.257147
12	6	2	4	0.695343
18	10	4	5	0.277488
19	11	5	0	0
2	2	0	2	0.262298
8	5	2	2	0
11	6	2	4	0.273874
18	10	4	5	0.466894
19	11	5	0	0
1	1	0	1	0.28008
5	4	1	3	0.948415
13	7	3	2	0.368099
9	5	2	2	0.389456
11	6	2	4	0.314704
18	10	4	5	0.943649
19	11	5	0	0
2	2	0	2	0
12	6	2	4	0.634993
17	9	4	3	0.38573
14	7	3	2	0.415621
9	5	2	2	0.555637
11	6	2	4	0.576008
18	10	4	5	0.699535
19	11	5	0	0
2	2	0	2	0
8	5	2	2	0
11	6	2	4	0
17	9	4	3	0.349385
14	7	3	2	0.345307
10	6	2	4	0.386192
18	10	4	5	0.256049
19	11	5	0	0
2	2	0	2	0
8	5	2	2	0
11	6	2	4	0.257452
18	10	4	5	0.39538
19	11	5	0	0
1	1	0	1	0.556832
4	3	1	1	0.979581
3	3	1	1	0.637452
3	3	1	1	0
6	4	1	3	0.493063
13	7	3	2	0.431432
9	5	2	2	0.365364
11	6	2	4	0.282068
17	9	4	3	0
14	7	3	2	0.291247
9	5	2	2	0.498585
11	6	2	4	0.300543
17	9	4	3	0
16	8	3	5	0.422594
20	11	5	0	0
2	2	0	2	0
8	5	2	2	0.258433
7	5	2	2	0.334411
11	6	2	4	0.429227
18	10	4	5	0.258928
19	11	5	0	0
2	2	0	2	0
12	6	2	4	0.611033
18	10	4	5	0
19	11	5	0	0
1	1	0	1	0.56162
5	4	1	3	0.481445
15	8	3	5	0.467631
20	11	5	0	0
2	2	0	2	0
8	5	2	2	0.287468
11	6	2	4	0.27847
18	10	4	5	0.26468
19	11	5	0	0
1	1	0	1	0.537853
5	4	1	3	0.950933
13	7	3	2	0.370154
10	6	2	4	0.465607
18	10	4	5	0.279319
19	11	5	0	0
2	2	0	2	0
12	6	2	4	0.625753
18	10	4	5	0.260217
19	11	5	0	0
2	2	0	2	0
12	6	2	4	0.587894
17	9	4	3	0.413718
14	7	3	2	0.421969
9	5	2	2	0.605975
7	5	2	2	0.858836
11	6	2	4	0.298749
17	9	4	3	0.62307
14	7	3	2	0.426745
10	6	2	4	0.610828
18	10	4	5	0
19	11	5	0	0
1	1	0	1	0.611041
5	4	1	3	0.461471
15	8	3	5	0.470577
20	11	5	0	0
2	2	0	2	0
12	6	2	4	0.363991
18	10	4	5	0
19	11	5	0	0
1	1	0	1	0.559552
4	3	1	1	0.555314
6	4	1	3	0
13	7	3	2	0.376099
9	5	2	2	0.390218
11	6	2	4	0
17	9	4	3	0
16	8	3	5	0.436431
20	11	5	0	0
2	2	0	2	0
8	5	2	2	0.275713
11	6	2	4	0
18	10	4	5	0.252892
19	11	5	0	0
1	1	0	1	0.271451
5	4	1	3	0.940497
15	8	3	5	0.446132
20	11	5	0	0
1	1	0	1	0.308042
4	3	1	1	0.439605
6	4	1	3	0.457199
13	7	3	2	0.377473
9	5	2	2	0.376205
7	5	2	2	0.3809
11	6	2	4	0.310256
17	9	4	3	0.56925
16	8	3	5	0.490091
20	11	5	0	0
1	1	0	1	0.277121
4	3	1	1	0.468284
3	3	1	1	0.422752
3	3	1	1	0
3	3	1	1	0.287305
6	4	1	3	0.409265
15	8	3	5	0.689217
20	11	5	0	0.305784
1	1	0	1	0.384291
4	3	1	1	0.352164
6	4	1	3	0.448791
13	7	3	2	0.401342
10	6	2	4	0.407809
17	9	4	3	0.416136
16	8	3	5	0.316056
20	11	5	0	0
2	2	0	2	0.277382
8	5	2	2	0.265478
7	5	2	2	0.37442
11	6	2	4	0.410996
18	10	4	5	0
19	11	5	0	0
2	2	0	2	0
12	6	2	4	0.597841
18	10	4	5	0
19	11	5	0	0
2	2	0	2	0.262701
12	6	2	4	0.590291
17	9	4	3	0.410205
14	7	3	2	0.439033
9	5	2	2	0.601437
7	5	2	2	0.864387
11	6	2	4	0.301212
18	10	4	5	0
19	11	5	0	0
1	1	0	1	0.593325
4	3	1	1	0.962709
6	4	1	3	0.261775
13	7	3	2	0.392481
9	5	2	2	0.369194
7	5	2	2	0.377254
7	5	2	2	0.301962
7	5	2	2	0.323298
7	5	2	2	0.321103
7	5	2	2	0.316963
11	6	2	4	0.369334
17	9	4	3	0.61579
16	8	3	5	0.4357
20	11	5	0	0
2	2	0	2	0.308181
8	5	2	2	0.266603
7	5	2	2	0.35188
7	5	2	2	0.417794
11	6	2	4	0.410496
18	10	4	5	0
19	11	5	0	0
1	1	0	1	0.533288
5	4	1	3	0.950917
15	8	3	5	0.390175
20	11	5	0	0
1	1	0	1	0.265581
5	4	1	3	0.373895
13	7	3	2	0.359609
10	6	2	4	0.512779
17	9	4	3	0.399676
14	7	3	2	0.430365
10	6	2	4	0.370919
18	10	4	5	0.268532
19	11	5	0	0
1	1	0	1	0.53924
5	4	1	3	0.950397
13	7	3	2	0.328188
9	5	2	2	0.364757
11	6	2	4	0.293982
17	9	4	3	0
16	8	3	5	0.374553
20	11	5	0	0
1	1	0	1	0.302648
5	4	1	3	0.478807
15	8	3	5	0.366919
20	11	5	0	0
2	2	0	2	0.528692
8	5	2	2	0.339601
11	6	2	4	0.326596
17	9	4	3	0.417889
14	7	3	2	0.312367
9	5	2	2	0.394484
11	6	2	4	0.395166
18	10	4	5	0.746319
19	11	5	0	0
2	2	0	2	0
12	6	2	4	0.614778
18	10	4	5	0
19	11	5	0	0
1	1	0	1	0.266643
4	3	1	1	0.500165
3	3	1	1	0.619053
6	4	1	3	0.726343
13	7	3	2	0.375678
9	5	2	2	0.338333
11	6	2	4	0.276678
17	9	4	3	0
16	8	3	5	0.386577
20	11	5	0	0
2	2	0	2	0.263847
12	6	2	4	0.56723
18	10	4	5	0
19	11	5	0	0
1	1	0	1	0.279705
4	3	1	1	0.483538
6	4	1	3	0
15	8	3	5	0.424772
20	11	5	0	0.252741
1	1	0	1	0.339223
4	3	1	1	0.357141
6	4	1	3	0.443028
13	7	3	2	0.381911
10	6	2	4	0.424225
18	10	4	5	0.300037
19	11	5	0	0
1	1	0	1	0.547045
5	4	1	3	0.953594
15	8	3	5	0.38622
20	11	5	0	0
1	1	0	1	0.252032
5	4	1	3	0.351517
15	8	3	5	0.399399
20	11	5	0	0
2	2	0	2	0.540278
8	5	2	2	0.286733
7	5	2	2	0.356081
11	6	2	4	0.325625
17	9	4	3	0.715552
16	8	3	5	0.462166
20	11	5	0	0
1	1	0	1	0.2627
4	3	1	1	0.430514
6	4	1	3	0.3286
13	7	3	2	0.383066
9	5	2	2	0.329502
11	6	2	4	0.274193
17	9	4	3	0
14	7	3	2	0.284432
10	6	2	4	0.41411
17	9	4	3	0.382117
14	7	3	2	0.352284
10	6	2	4	0.514403
17	9	4	3	0.363871
14	7	3	2	0.333856
9	5	2	2	0.550606
7	5	2	2	0.45566
11	6	2	4	0.327913
18	10	4	5	0
19	11	5	0	0
2	2	0	2	0.276343
12	6	2	4	0.613154
18	10	4	5	0
19	11	5	0	0
2	2	0	2	0.283877
8	5	2	2	0
11	6	2	4	0
18	10	4	5	0.391814
19	11	5	0	0
2	2	0	2	0.540751
12	6	2	4	0.584291
17	9	4	3	0.655431
14	7	3	2	0.377636
9	5	2	2	0.529544
7	5	2	2	0.829538
11	6	2	4	0.314425
17	9	4	3	0.637155
14	7	3	2	0.416855
9	5	2	2	0.627568
11	6	2	4	0.652897
17	9	4	3	0
16	8	3	5	0.419193
20	11	5	0	0
1	1	0	1	0.304346
4	3	1	1	0.540111
3	3	1	1	0.454349
3	3	1	1	0
6	4	1	3	0.468956
13	7	3	2	0.41837
9	5	2	2	0.319819
11	6	2	4	0.271395
17	9	4	3	0
14	7	3	2	0.283413
10	6	2	4	0.41482
17	9	4	3	0.379101
14	7	3	2	0.345854
10	6	2	4	0.514699
18	10	4	5	0.273909
19	11	5	0	0
2	2	0	2	0
8	5	2	2	0
11	6	2	4	0.260663
18	10	4	5	0.37895
19	11	5	0	0
2	2	0	2	0
8	5	2	2	0
7	5	2	2	0.603378
7	5	2	2	0.404193
7	5	2	2	0.359403
11	6	2	4	0.383081
17	9	4	3	0.61874
16	8	3	5	0.484234
20	11	5	0	0
2	2	0	2	0.313504
8	5	2	2	0.263089
11	6	2	4	0.296425
18	10	4	5	0.310079
19	11	5	0	0
1	1	0	1	0.26812
4	3	1	1	0.97034
3	3	1	1	0.614306
3	3	1	1	0
3	3	1	1	0.287482
6	4	1	3	0.414649
15	8	3	5	0.688509
20	11	5	0	0.312194
2	2	0	2	0.275882
12	6	2	4	0.343699
18	10	4	5	0
19	11	5	0	0
2	2	0	2	0.306443
12	6	2	4	0.607385
18	10	4	5	0
19	11	5	0	0
2	2	0	2	0.263387
12	6	2	4	0.597916
17	9	4	3	0.401948
16	8	3	5	0.435705
20	11	5	0	0
2	2	0	2	0
12	6	2	4	0.301
18	10	4	5	0
19	11	5	0	0
1	1	0	1	0.336419
4	3	1	1	0.456696
6	4	1	3	0.251645
15	8	3	5	0.398898
20	11	5	0	0.257448
2	2	0	2	0.288374
8	5	2	2	0
11	6	2	4	0
18	10	4	5	0.293039
19	11	5	0	0
1	1	0	1	0.542814
5	4	1	3	0.965766
15	8	3	5	0.375427
20	11	5	0	0
2	2	0	2	0.254313
8	5	2	2	0.318396
7	5	2	2	0.354966
7	5	2	2	0.374596
7	5	2	2	0.357516
11	6	2	4	0.331598
18	10	4	5	0
19	11	5	0	0
1	1	0	1	0.557979
4	3	1	1	0.954102
6	4	1	3	0.292578
15	8	3	5	0.377697
20	11	5	0	0.250077
1	1	0	1	0.375747
4	3	1	1	0.325337
3	3	1	1	0.672501
6	4	1	3	0.796916
15	8	3	5	0.41883
20	11	5	0	0.254234
2	2	0	2	0.298197
8	5	2	2	0.267976
11	6	2	4	0
17	9	4	3	0.390382
14	7	3	2	0.375735
10	6	2	4	0.375846
18	10	4	5	0
19	11	5	0	0
2	2	0	2	0
8	5	2	2	0
11	6	2	4	0
18	10	4	5	0.376688
19	11	5	0	0
2	2	0	2	0
8	5	2	2	0
7	5	2	2	0.637212
7	5	2	2	0.450381
11	6	2	4	0.390201
17	9	4	3	0.685849
16	8	3	5	0.403032
20	11	5	0	0
1	1	0	1	0.282561
5	4	1	3	0.585362
13	7	3	2	0.373659
9	5	2	2	0.394578
11	6	2	4	0.288862
17	9	4	3	0
14	7	3	2	0.314714
10	6	2	4	0.402919
18	10	4	5	0
19	11	5	0	0
2	2	0	2	0
8	5	2	2	0
11	6	2	4	0
17	9	4	3	0.412315
16	8	3	5	0.523586
20	11	5	0	0
1	1	0	1	0.58121
4	3	1	1	0.463042
6	4	1	3	0.376711
13	7	3	2	0.444591
10	6	2	4	0.436046
18	10	4	5	0.307566
19	11	5	0	0
2	2	0	2	0
8	5	2	2	0
11	6	2	4	0
18	10	4	5	0.355392
19	11	5	0	0
1	1	0	1	0.517885
4	3	1	1	0.952951
3	3	1	1	0.566651
3	3	1	1	0
6	4	1	3	0.509643
13	7	3	2	0.480529
10	6	2	4	0.396016
17	9	4	3	0.410021
14	7	3	2	0.483686
10	6	2	4	0.334513
17	9	4	3	0.382009
14	7	3	2	0.37783
9	5	2	2	0.690655
11	6	2	4	0.269325
17	9	4	3	0
16	8	3	5	0.350999
20	11	5	0	0
1	1	0	1	0.596358
5	4	1	3	0.563303
13	7	3	2	0.339929
9	5	2	2	0.40916
7	5	2	2	0.414643
7	5	2	2	0.292089
7	5	2	2	0.315928
11	6	2	4	0.352738
18	10	4	5	0
19	11	5	0	0
2	2	0	2	0
12	6	2	4	0.596876
18	10	4	5	0
19	11	5	0	0
1	1	0	1	0.296035
5	4	1	3	0.49773
15	8	3	5	0.40722
20	11	5	0	0
2	2	0	2	0.265404
8	5	2	2	0.296698
11	6	2	4	0.264589
18	10	4	5	0.260499
19	11	5	0	0
1	1	0	1	0.522238
5	4	1	3	0.950461
15	8	3	5	0.390589
20	11	5	0	0
2	2	0	2	0.264176
12	6	2	4	0.387665
17	9	4	3	0.668463
16	8	3	5	0.420694
20	11	5	0	0
2	2	0	2	0
8	5	2	2	0.278254
7	5	2	2	0.611975
11	6	2	4	0.394255
17	9	4	3	0.638257
16	8	3	5	0.465043
20	11	5	0	0
2	2	0	2	0.270827
8	5	2	2	0.292943
11	6	2	4	0.268298
17	9	4	3	0.36892
16	8	3	5	0.490356
20	11	5	0	0
1	1	0	1	0.592222
4	3	1	1	0.456598
6	4	1	3	0.369517
15	8	3	5	0.383822
20	11	5	0	0
1	1	0	1	0.38421
5	4	1	3	0.370684
15	8	3	5	0.405401
20	11	5	0	0
1	1	0	1	0.351418
5	4	1	3	0.356708
15	8	3	5	0.383318
20	11	5	0	0
2	2	0	2	0.260642
8	5	2	2	0.309034
7	5	2	2	0.33542
11	6	2	4	0.354384
18	10	4	5	0
19	11	5	0	0
1	1	0	1	0.584695
4	3	1	1	0.946283
6	4	1	3	0.278666
15	8	3	5	0.358065
20	11	5	0	0
2	2	0	2	0.296876
12	6	2	4	0.604761
18	10	4	5	0
19	11	5	0	0
2	2	0	2	0.321236
12	6	2	4	0.607075
17	9	4	3	0.669562
14	7	3	2	0.436858
9	5	2	2	0.590525
7	5	2	2	0.864239
11	6	2	4	0.294812
18	10	4	5	0
19	11	5	0	0
1	1	0	1	0.590417
4	3	1	1	0.944791
6	4	1	3	0.268009
13	7	3	2	0.436088
10	6	2	4	0.441118
18	10	4	5	0.310312
19	11	5	0	0
2	2	0	2	0
12	6	2	4	0.629719
18	10	4	5	0.255532
19	11	5	0	0
1	1	0	1	0.295304
5	4	1	3	0.502784
13	7	3	2	0.400917
9	5	2	2	0.430222
11	6	2	4	0.261404
17	9	4	3	0
16	8	3	5	0.334095
20	11	5	0	0
2	2	0	2	0
8	5	2	2	0.27567
7	5	2	2	0.612037
11	6	2	4	0.3855
18	10	4	5	0
19	11	5	0	0
2	2	0	2	0
12	6	2	4	0.576647
17	9	4	3	0.690879
16	8	3	5	0.410962
20	11	5	0	0
2	2	0	2	0
8	5	2	2	0.284411
11	6	2	4	0
18	10	4	5	0.272861
19	11	5	0	0
2	2	0	2	0
12	6	2	4	0.557834
18	10	4	5	0.265368
19	11	5	0	0
2	2	0	2	0.253515
12	6	2	4	0.570474
18	10	4	5	0.260751
19	11	5	0	0
2	2	0	2	0.254647
8	5	2	2	0
11	6	2	4	0
18	10	4	5	0.357881
19	11	5	0	0
2	2	0	2	0
12	6	2	4	0.515312
17	9	4	3	0.417466
16	8	3	5	0.397948
20	11	5	0	0
1	1	0	1	0.629785
4	3	1	1	0.456743
6	4	1	3	0.369905
13	7	3	2	0.442746
10	6	2	4	0.386571
17	9	4	3	0.402659
16	8	3	5	0.303858
20	11	5	0	0
1	1	0	1	0.577977
4	3	1	1	0.411463
3	3	1	1	0.376165
3	3	1	1	0
3	3	1	1	0.251468
3	3	1	1	0
3	3	1	1	0
3	3	1	1	0.250641
3	3	1	1	0
6	4	1	3	0.795147
15	8	3	5	0.55568
20	11	5	0	0.288599
1	1	0	1	0.493403
4	3	1	1	0.279074
6	4	1	3	0.503989
13	7	3	2	0.469653
9	5	2	2	0.45294
11	6	2	4	0
17	9	4	3	0
14	7	3	2	0.334893
10	6	2	4	0.38109
18	10	4	5	0.277914
19	11	5	0	0
2	2	0	2	0
12	6	2	4	0.607797
17	9	4	3	0.687827
14	7	3	2	0.462279
9	5	2	2	0.67554
11	6	2	4	0.444655
18	10	4	5	0.618088
19	11	5	0	0
2	2	0	2	0
12	6	2	4	0.263404
18	10	4	5	0
19	11	5	0	0
1	1	0	1	0.363027
5	4	1	3	0.52534
13	7	3	2	0.416564
9	5	2	2	0.499191
11	6	2	4	0
17	9	4	3	0
16	8	3	5	0.320923
20	11	5	0	0
1	1	0	1	0.612195
4	3	1	1	0.4291
6	4	1	3	0.36477
15	8	3	5	0.365401
20	11	5	0	0
2	2	0	2	0.297439
12	6	2	4	0.266177
18	10	4	5	0
19	11	5	0	0
2	2	0	2	0.26337
8	5	2	2	0.283295
11	6	2	4	0
17	9	4	3	0.43513
14	7	3	2	0.383717
10	6	2	4	0.340305
18	10	4	5	0
19	11	5	0	0
1	1	0	1	0.637505
5	4	1	3	0.972288
13	7	3	2	0.390487
9	5	2	2	0.494707
11	6	2	4	0
18	10	4	5	0.750144
19	11	5	0	0
2	2	0	2	0
8	5	2	2	0.296515
11	6	2	4	0
17	9	4	3	0.392416
16	8	3	5	0.486616
20	11	5	0	0
1	1	0	1	0.603206
5	4	1	3	0.528918
15	8	3	5	0.327684
20	11	5	0	0
2	2	0	2	0
12	6	2	4	0.409891
18	10	4	5	0
19	11	5	0	0
1	1	0	1	0.350267
4	3	1	1	0.419209
6	4	1	3	0
15	8	3	5	0.374549
20	11	5	0	0
2	2	0	2	0.306921
12	6	2	4	0.265886
18	10	4	5	0
19	11	5	0	0
2	2	0	2	0.321511
12	6	2	4	0.304361
18	10	4	5	0
19	11	5	0	0
2	2	0	2	0.2689
12	6	2	4	0.276948
18	10	4	5	0
19	11	5	0	0
2	2	0	2	0.262981
8	5	2	2	0.273426
7	5	2	2	0.806422
11	6	2	4	0.311065
17	9	4	3	0.677725
14	7	3	2	0.474646
9	5	2	2	0.775333
7	5	2	2	0.950328
7	5	2	2	0.572183
7	5	2	2	0.361107
7	5	2	2	0.347551
7	5	2	2	0.343152
11	6	2	4	0.316748
17	9	4	3	0.639513
16	8	3	5	0.409113
20	11	5	0	0
1	1	0	1	0.282016
4	3	1	1	0.396276
3	3	1	1	0.379262
3	3	1	1	0
3	3	1	1	0.254364
6	4	1	3	0.719633
15	8	3	5	0.599626
20	11	5	0	0.28938
1	1	0	1	0.463488
4	3	1	1	0.30252
6	4	1	3	0.490605
15	8	3	5	0.339437
20	11	5	0	0
2	2	0	2	0.301069
8	5	2	2	0
7	5	2	2	0.635101
7	5	2	2	0.449812
11	6	2	4	0.379511
18	10	4	5	0
19	11	5	0	0
2	2	0	2	0
8	5	2	2	0
11	6	2	4	0
17	9	4	3	0.394743
16	8	3	5	0.447448
20	11	5	0	0
1	1	0	1	0.593848
5	4	1	3	0.604091
13	7	3	2	0.397626
10	6	2	4	0.482771
18	10	4	5	0.281572
19	11	5	0	0
2	2	0	2	0
8	5	2	2	0
7	5	2	2	0.654038
7	5	2	2	0.516908
7	5	2	2	0.353192
7	5	2	2	0.300293
11	6	2	4	0.341086
17	9	4	3	0.61211
16	8	3	5	0.378753
20	11	5	0	0
1	1	0	1	0.276494
4	3	1	1	0.367863
3	3	1	1	0.349782
6	4	1	3	0.798113
13	7	3	2	0.477543
10	6	2	4	0.475927
18	10	4	5	0.320533
19	11	5	0	0
1	1	0	1	0.62425
4	3	1	1	0.952583
3	3	1	1	0.465144
6	4	1	3	0.801879
15	8	3	5	0.381842
20	11	5	0	0.252795
2	2	0	2	0.297536
12	6	2	4	0.292612
17	9	4	3	0.838571
16	8	3	5	0.366808
20	11	5	0	0
2	2	0	2	0
8	5	2	2	0.295763
11	6	2	4	0
18	10	4	5	0.287504
19	11	5	0	0
1	1	0	1	0.532958
4	3	1	1	0.40898
6	4	1	3	0.250418
13	7	3	2	0.457355
10	6	2	4	0.44878
18	10	4	5	0.304822
19	11	5	0	0
1	1	0	1	0.632867
4	3	1	1	0.94219
6	4	1	3	0.379669
15	8	3	5	0.324135
20	11	5	0	0
1	1	0	1	0.40383
4	3	1	1	0.276363
3	3	1	1	0.599253
3	3	1	1	0
6	4	1	3	0.771873
13	7	3	2	0.491146
10	6	2	4	0.412252
18	10	4	5	0.29368
19	11	5	0	0
1	1	0	1	0.608346
4	3	1	1	0.428687
3	3	1	1	0.412904
3	3	1	1	0
3	3	1	1	0
6	4	1	3	0.733053
15	8	3	5	0.488423
20	11	5	0	0.306985
1	1	0	1	0.419997
4	3	1	1	0.250619
3	3	1	1	0.483171
3	3	1	1	0
3	3	1	1	0
3	3	1	1	0
6	4	1	3	0.874454
13	7	3	2	0.54948
9	5	2	2	0.377457
11	6	2	4	0.267252
17	9	4	3	0
16	8	3	5	0.252028
20	11	5	0	0
2	2	0	2	0
8	5	2	2	0.288442
11	6	2	4	0
18	10	4	5	0.267879
19	11	5	0	0
2	2	0	2	0.258213
12	6	2	4	0.561854
18	10	4	5	0
19	11	5	0	0
1	1	0	1	0.317068
5	4	1	3	0.589317
13	7	3	2	0.442088
10	6	2	4	0.460907
17	9	4	3	0.46131
16	8	3	5	0
20	11	5	0	0
1	1	0	1	0.520611
5	4	1	3	0.567911
13	7	3	2	0.358467
9	5	2	2	0.43132
11	6	2	4	0.264428
18	10	4	5	0.771944
19	11	5	0	0
1	1	0	1	0.294759
5	4	1	3	0.607306
15	8	3	5	0.301464
20	11	5	0	0
1	1	0	1	0.316863
5	4	1	3	0.394693
13	7	3	2	0.386712
10	6	2	4	0.44622
18	10	4	5	0.257069
19	11	5	0	0
1	1	0	1	0.560705
5	4	1	3	0.564377
15	8	3	5	0.301171
20	11	5	0	0
1	1	0	1	0.285331
5	4	1	3	0.374922
13	7	3	2	0.361479
10	6	2	4	0.426264
18	10	4	5	0
19	11	5	0	0
1	1	0	1	0.299692
4	3	1	1	0.457443
6	4	1	3	0.285987
13	7	3	2	0.377151
10	6	2	4	0.368842
18	10	4	5	0.257352
19	11	5	0	0
2	2	0	2	0.267961
8	5	2	2	0
7	5	2	2	0.655823
11	6	2	4	0.352951
18	10	4	5	0
19	11	5	0	0
1	1	0	1	0.255147
4	3	1	1	0.423933
3	3	1	1	0.559187
3	3	1	1	0
6	4	1	3	0.720122
13	7	3	2	0.412513
10	6	2	4	0.352793
18	10	4	5	0.250703
19	11	5	0	0
2	2	0	2	0.273885
12	6	2	4	0.579639
18	10	4	5	0
19	11	5	0	0
2	2	0	2	0.337817
8	5	2	2	0.251101
7	5	2	2	0.697225
7	5	2	2	0.46235
7	5	2	2	0.38999
7	5	2	2	0.35294
11	6	2	4	0.343196
18	10	4	5	0
19	11	5	0	0
1	1	0	1	0.25998
4	3	1	1	0.426848
3	3	1	1	0.314254
6	4	1	3	0.756776
15	8	3	5	0.379291
20	11	5	0	0.265156
1	1	0	1	0.363396
4	3	1	1	0.281616
3	3	1	1	0.533009
3	3	1	1	0
3	3	1	1	0
3	3	1	1	0
3	3	1	1	0
3	3	1	1	0
6	4	1	3	0.790389
13	7	3	2	0.487304
9	5	2	2	0.358568
11	6	2	4	0
18	10	4	5	0.373677
19	11	5	0	0
2	2	0	2	0.32882
8	5	2	2	0.251395
11	6	2	4	0
17	9	4	3	0.55251
16	8	3	5	0.389903
20	11	5	0	0
2	2	0	2	0.516134
8	5	2	2	0.269772
7	5	2	2	0.373122
11	6	2	4	0.358565
18	10	4	5	0
19	11	5	0	0
1	1	0	1	0.257799
5	4	1	3	0.557482
15	8	3	5	0.295213
20	11	5	0	0
2	2	0	2	0.350385
8	5	2	2	0.294584
7	5	2	2	0.358541
7	5	2	2	0.350469
7	5	2	2	0.359475
11	6	2	4	0.346271
18	10	4	5	0
19	11	5	0	0
2	2	0	2	0.537856
12	6	2	4	0.589036
17	9	4	3	0.767978
14	7	3	2	0.468609
10	6	2	4	0.428395
18	10	4	5	0
19	11	5	0	0
1	1	0	1	0.281138
4	3	1	1	0.940338
6	4	1	3	0.27033
13	7	3	2	0.406664
9	5	2	2	0.381476
7	5	2	2	0.394172
7	5	2	2	0.312182
11	6	2	4	0.352369
17	9	4	3	0.718564
16	8	3	5	0.349452
20	11	5	0	0
1	1	0	1	0
4	3	1	1	0.335772
3	3	1	1	0.308329
3	3	1	1	0
3	3	1	1	0
3	3	1	1	0
3	3	1	1	0
3	3	1	1	0
3	3	1	1	0
3	3	1	1	0
3	3	1	1	0
3	3	1	1	0
3	3	1	1	0
3	3	1	1	0
6	4	1	3	0.8455
13	7	3	2	0.537941
9	5	2	2	0.341161
7	5	2	2	0.37044
11	6	2	4	0.322126
18	10	4	5	0
19	11	5	0	0
2	2	0	2	0.556696
12	6	2	4	0.604404
17	9	4	3	0.823383
14	7	3	2	0.477417
9	5	2	2	0.552388
11	6	2	4	0.50433
17	9	4	3	0.279184
14	7	3	2	0.328956
10	6	2	4	0.466963
18	10	4	5	0
19	11	5	0	0
2	2	0	2	0.270822
8	5	2	2	0
11	6	2	4	0
18	10	4	5	0.36456
19	11	5	0	0
1	1	0	1	0.26659
5	4	1	3	0.630029
15	8	3	5	0.306216
20	11	5	0	0
2	2	0	2	0.343177
12	6	2	4	0.377795
17	9	4	3	0.757433
14	7	3	2	0.420575
9	5	2	2	0.560089
7	5	2	2	0.841971
11	6	2	4	0.332713
18	10	4	5	0
19	11	5	0	0
2	2	0	2	0.277442
8	5	2	2	0
11	6	2	4	0
17	9	4	3	0.50847
14	7	3	2	0.400965
10	6	2	4	0.374013
18	10	4	5	0
19	11	5	0	0
1	1	0	1	0.278333
5	4	1	3	0.974501
15	8	3	5	0.321467
20	11	5	0	0
1	1	0	1	0.288082
4	3	1	1	0.31784
3	3	1	1	0.561148
3	3	1	1	0
3	3	1	1	0
3	3	1	1	0
6	4	1	3	0.885298
15	8	3	5	0.517213
20	11	5	0	0.316151
1	1	0	1	0.375558
4	3	1	1	0.264894
6	4	1	3	0.494848
15	8	3	5	0.290696
20	11	5	0	0.264776
2	2	0	2	0.393763
12	6	2	4	0.579546
18	10	4	5	0
19	11	5	0	0
1	1	0	1	0.29829
5	4	1	3	0.548256
15	8	3	5	0.298036
20	11	5	0	0
2	2	0	2	0.35038
8	5	2	2	0.284007
7	5	2	2	0.352086
7	5	2	2	0.34107
7	5	2	2	0.356628
7	5	2	2	0.316425
11	6	2	4	0.368977
17	9	4	3	0.724641
16	8	3	5	0.32905
20	11	5	0	0
1	1	0	1	0
5	4	1	3	0.590783
15	8	3	5	0.2665
20	11	5	0	0
1	1	0	1	0
5	4	1	3	0.489044
13	7	3	2	0.400821
10	6	2	4	0.502146
18	10	4	5	0.282305
19	11	5	0	0
2	2	0	2	0.268516
12	6	2	4	0.656589
18	10	4	5	0
19	11	5	0	0
1	1	0	1	0.26348
5	4	1	3	0.52654
15	8	3	5	0.313712
20	11	5	0	0
2	2	0	2	0.35141
12	6	2	4	0.38766
17	9	4	3	0.762878
16	8	3	5	0.340482
20	11	5	0	0
1	1	0	1	0.256776
4	3	1	1	0.381357
6	4	1	3	0.388838
15	8	3	5	0.314515
20	11	5	0	0
2	2	0	2	0.385487
8	5	2	2	0
7	5	2	2	0.574887
11	6	2	4	0.36977
18	10	4	5	0
19	11	5	0	0
1	1	0	1	0.287997
4	3	1	1	0.401169
6	4	1	3	0.295332
13	7	3	2	0.460582
9	5	2	2	0.364656
7	5	2	2	0.36695
11	6	2	4	0.325631
18	10	4	5	0
19	11	5	0	0
1	1	0	1	0
4	3	1	1	0.414161
6	4	1	3	0.274373
15	8	3	5	0.318769
20	11	5	0	0.25156
1	1	0	1	0.324385
5	4	1	3	0.370373
15	8	3	5	0.345809
20	11	5	0	0
1	1	0	1	0.292906
5	4	1	3	0.35922
15	8	3	5	0.325477
20	11	5	0	0
1	1	0	1	0.256498
4	3	1	1	0.304212
3	3	1	1	0.543685
3	3	1	1	0
3	3	1	1	0
6	4	1	3	0.779414
13	7	3	2	0.537555
10	6	2	4	0.416593
18	10	4	5	0.290349
19	11	5	0	0
2	2	0	2	0.291266
8	5	2	2	0
7	5	2	2	0.587047
7	5	2	2	0.408985
7	5	2	2	0.351969
7	5	2	2	0.310631
7	5	2	2	0.32765
11	6	2	4	0.384925
18	10	4	5	0
19	11	5	0	0
1	1	0	1	0
4	3	1	1	0.412124
6	4	1	3	0.293636
15	8	3	5	0.311132
20	11	5	0	0.252152
1	1	0	1	0.29664
5	4	1	3	0.373731
13	7	3	2	0.45714
9	5	2	2	0.355812
7	5	2	2	0.312348
7	5	2	2	0.288198
7	5	2	2	0.299613
11	6	2	4	0.390743
17	9	4	3	0.771816
14	7	3	2	0.488051
10	6	2	4	0.791397
18	10	4	5	0
19	11	5	0	0
2	2	0	2	0.587369
12	6	2	4	0.719776
18	10	4	5	0
19	11	5	0	0
1	1	0	1	0
4	3	1	1	0.390527
6	4	1	3	0.255925
15	8	3	5	0.335521
20	11	5	0	0.257872
1	1	0	1	0.291869
5	4	1	3	0.358399
13	7	3	2	0.437238
10	6	2	4	0.518554
18	10	4	5	0.283569
19	11	5	0	0
1	1	0	1	0
5	4	1	3	0.546187
15	8	3	5	0.326594
20	11	5	0	0
2	2	0	2	0.662062
12	6	2	4	0.66203
18	10	4	5	0
19	11	5	0	0
1	1	0	1	0
4	3	1	1	0.408897
6	4	1	3	0
15	8	3	5	0.344028
20	11	5	0	0.252951
2	2	0	2	0.467907
12	6	2	4	0.610231
18	10	4	5	0
19	11	5	0	0
1	1	0	1	0.318617
4	3	1	1	0.374034
6	4	1	3	0.251486
15	8	3	5	0.333429
20	11	5	0	0.252165
1	1	0	1	0.29874
5	4	1	3	0.351006
15	8	3	5	0.361425
20	11	5	0	0
2	2	0	2	0.455829
12	6	2	4	0.37621
18	10	4	5	0
19	11	5	0	0
2	2	0	2	0.647985
8	5	2	2	0
11	6	2	4	0
18	10	4	5	0.348192
19	11	5	0	0
1	1	0	1	0
5	4	1	3	0.517511
15	8	3	5	0.322055
20	11	5	0	0
2	2	0	2	0.395632
8	5	2	2	0.260211
11	6	2	4	0.29413
17	9	4	3	0.927681
14	7	3	2	0.356474
10	6	2	4	0.35027
18	10	4	5	0
19	11	5	0	0
2	2	0	2	0.56179
8	5	2	2	0
7	5	2	2	0.354124
11	6	2	4	0.425708
17	9	4	3	0.771725
14	7	3	2	0.446971
10	6	2	4	0.515445
18	10	4	5	0
19	11	5	0	0
1	1	0	1	0.254489
5	4	1	3	0.964522
15	8	3	5	0.339061
20	11	5	0	0
1	1	0	1	0.259227
5	4	1	3	0.360854
13	7	3	2	0.402444
9	5	2	2	0.384814
7	5	2	2	0.338274
7	5	2	2	0.300408
11	6	2	4	0.378965
18	10	4	5	0
19	11	5	0	0
2	2	0	2	0.6046
8	5	2	2	0
11	6	2	4	0
17	9	4	3	0.581402
16	8	3	5	0.504204
20	11	5	0	0
2	2	0	2	0.560226
8	5	2	2	0
7	5	2	2	0.359475
7	5	2	2	0.379213
11	6	2	4	0.407506
17	9	4	3	0.880687
14	7	3	2	0.450345
9	5	2	2	0.658101
7	5	2	2	0.841111
11	6	2	4	0.571442
17	9	4	3	0.726301
14	7	3	2	0.452716
9	5	2	2	0.613217
7	5	2	2	0.79678
7	5	2	2	0
11	6	2	4	0.404273
18	10	4	5	0
19	11	5	0	0
1	1	0	1	0
4	3	1	1	0.962029
3	3	1	1	0.351884
3	3	1	1	0
6	4	1	3	0.519231
15	8	3	5	0.504335
20	11	5	0	0.270485
1	1	0	1	0.291557
5	4	1	3	0.315248
15	8	3	5	0.383206
20	11	5	0	0
2	2	0	2	0.638115
12	6	2	4	0.697455
18	10	4	5	0
19	11	5	0	0
1	1	0	1	0
4	3	1	1	0.440064
6	4	1	3	0.25064
13	7	3	2	0.452798
10	6	2	4	0.450075
18	10	4	5	0.291822
19	11	5	0	0
2	2	0	2	0.543216
8	5	2	2	0
11	6	2	4	0.259974
18	10	4	5	0.34001
19	11	5	0	0
2	2	0	2	0.631171
12	6	2	4	0.610458
17	9	4	3	0.743335
14	7	3	2	0.399192
10	6	2	4	0.440479
18	10	4	5	0
19	11	5	0	0
1	1	0	1	0
4	3	1	1	0.971918
6	4	1	3	0.260723
13	7	3	2	0.427972
10	6	2	4	0.399595
18	10	4	5	0.267065
19	11	5	0	0
2	2	0	2	0.279638
8	5	2	2	0
7	5	2	2	0.594001
11	6	2	4	0.396194
18	10	4	5	0
19	11	5	0	0
2	2	0	2	0.573836
12	6	2	4	0.585221
18	10	4	5	0
19	11	5	0	0
1	1	0	1	0.271044
4	3	1	1	0.443428
6	4	1	3	0
13	7	3	2	0.42234
9	5	2	2	0.366592
11	6	2	4	0
17	9	4	3	0.284296
14	7	3	2	0.285099
10	6	2	4	0.37875
18	10	4	5	0
19	11	5	0	0
1	1	0	1	0.250615
4	3	1	1	0.976411
3	3	1	1	0.362575
3	3	1	1	0
6	4	1	3	0.484229
13	7	3	2	0.452367
10	6	2	4	0.358401
17	9	4	3	0.881481
16	8	3	5	0.3178
20	11	5	0	0
2	2	0	2	0.584155
12	6	2	4	0.518141
18	10	4	5	0
19	11	5	0	0
1	1	0	1	0.357673
5	4	1	3	0.42848
15	8	3	5	0.384026
20	11	5	0	0
2	2	0	2	0.371776
12	6	2	4	0.334754
17	9	4	3	0.792055
16	8	3	5	0.413627
20	11	5	0	0
2	2	0	2	0.263447
12	6	2	4	0.261028
17	9	4	3	0.873501
14	7	3	2	0.373694
9	5	2	2	0.608263
11	6	2	4	0.423048
17	9	4	3	0.275438
16	8	3	5	0.363132
20	11	5	0	0
2	2	0	2	0.26115
8	5	2	2	0.266222
7	5	2	2	0.612722
11	6	2	4	0.361747
18	10	4	5	0
19	11	5	0	0
1	1	0	1	0.277163
4	3	1	1	0.501845
6	4	1	3	0.263664
13	7	3	2	0.430571
10	6	2	4	0.3814
17	9	4	3	0.55158
14	7	3	2	0.443453
9	5	2	2	0.447237
7	5	2	2	0.776874
7	5	2	2	0.324652
7	5	2	2	0.337649
11	6	2	4	0.363178
18	10	4	5	0
19	11	5	0	0
1	1	0	1	0
5	4	1	3	0.942186
13	7	3	2	0.372222
9	5	2	2	0.398168
11	6	2	4	0.260268
17	9	4	3	0.253557
14	7	3	2	0.268974
10	6	2	4	0.376152
17	9	4	3	0.732182
16	8	3	5	0.431112
20	11	5	0	0
1	1	0	1	0.271158
5	4	1	3	0.494749
13	7	3	2	0.32091
10	6	2	4	0.429891
17	9	4	3	0.649366
14	7	3	2	0.386169
9	5	2	2	0.402891
11	6	2	4	0.468884
17	9	4	3	0
16	8	3	5	0.400538
20	11	5	0	0
2	2	0	2	0.275422
12	6	2	4	0.546445
18	10	4	5	0
19	11	5	0	0
2	2	0	2	0.312305
8	5	2	2	0
11	6	2	4	0
18	10	4	5	0.356954
19	11	5	0	0
2	2	0	2	0.560326
12	6	2	4	0.565172
18	10	4	5	0
19	11	5	0	0
1	1	0	1	0.271063
4	3	1	1	0.504476
6	4	1	3	0
15	8	3	5	0.4248
20	11	5	0	0.260228
2	2	0	2	0.355147
8	5	2	2	0.255816
11	6	2	4	0
18	10	4	5	0.261893
19	11	5	0	0
2	2	0	2	0.532413
12	6	2	4	0.307728
17	9	4	3	0.716322
14	7	3	2	0.373537
10	6	2	4	0.386866
17	9	4	3	0.729438
14	7	3	2	0.347031
9	5	2	2	0.738454
11	6	2	4	0
17	9	4	3	0.272858
16	8	3	5	0.394198
20	11	5	0	0
2	2	0	2	0
8	5	2	2	0.274001
11	6	2	4	0
17	9	4	3	0.588411
14	7	3	2	0.344185
9	5	2	2	0.507143
7	5	2	2	0.624805
11	6	2	4	0.304773
17	9	4	3	0.612731
16	8	3	5	0.477051
20	11	5	0	0
1	1	0	1	0.266617
5	4	1	3	0.500529
15	8	3	5	0.368539
20	11	5	0	0
1	1	0	1	0
5	4	1	3	0.413876
13	7	3	2	0.353495
10	6	2	4	0.450151
18	10	4	5	0.263171
19	11	5	0	0
2	2	0	2	0
8	5	2	2	0
11	6	2	4	0
18	10	4	5	0.327862
19	11	5	0	0
1	1	0	1	0
4	3	1	1	0.97121
6	4	1	3	0
13	7	3	2	0.390543
9	5	2	2	0.398939
7	5	2	2	0.392013
11	6	2	4	0.304373
17	9	4	3	0.600635
16	8	3	5	0.483087
20	11	5	0	0
2	2	0	2	0.310599
8	5	2	2	0.279999
7	5	2	2	0.363673
11	6	2	4	0.374445
17	9	4	3	0.697517
14	7	3	2	0.385166
9	5	2	2	0.638859
11	6	2	4	0.594936
17	9	4	3	0
14	7	3	2	0.265319
9	5	2	2	0.561922
7	5	2	2	0.459631
11	6	2	4	0.3108
18	10	4	5	0
19	11	5	0	0
2	2	0	2	0.263189
12	6	2	4	0.600737
17	9	4	3	0.703117
16	8	3	5	0.495246
20	11	5	0	0
2	2	0	2	0.261848
12	6	2	4	0.305166
18	10	4	5	0
19	11	5	0	0
1	1	0	1	0.294551
5	4	1	3	0.465253
15	8	3	5	0.438407
20	11	5	0	0
1	1	0	1	0.300921
5	4	1	3	0.349314
13	7	3	2	0.3735
9	5	2	2	0.407693
11	6	2	4	0.261016
17	9	4	3	0
16	8	3	5	0.397508
20	11	5	0	0
1	1	0	1	0.301785
5	4	1	3	0.490884
13	7	3	2	0.326748
10	6	2	4	0.460117
18	10	4	5	0.261097
19	11	5	0	0
1	1	0	1	0.550395
4	3	1	1	0.98448
3	3	1	1	0.58879
3	3	1	1	0
3	3	1	1	0.295512
3	3	1	1	0.259289
3	3	1	1	0.289042
3	3	1	1	0.282781
3	3	1	1	0.265363
3	3	1	1	0.264998
3	3	1	1	0.270749
6	4	1	3	0.512895
13	7	3	2	0.481281
10	6	2	4	0.384066
18	10	4	5	0.276397
19	11	5	0	0
1	1	0	1	0.549968
4	3	1	1	0.544084
3	3	1	1	0.469365
3	3	1	1	0
3	3	1	1	0
6	4	1	3	0.717569
13	7	3	2	0.485742
9	5	2	2	0.351282
7	5	2	2	0.374594
7	5	2	2	0.303822
11	6	2	4	0.357812
17	9	4	3	0.648902
16	8	3	5	0.387263
20	11	5	0	0
2	2	0	2	0.572321
12	6	2	4	0.321769
18	10	4	5	0
19	11	5	0	0
1	1	0	1	0.361253
4	3	1	1	0.384884
6	4	1	3	0.253671
15	8	3	5	0.355846
20	11	5	0	0.266975
2	2	0	2	0.335936
8	5	2	2	0
11	6	2	4	0
17	9	4	3	0.460168
14	7	3	2	0.347882
10	6	2	4	0.38147
17	9	4	3	0.689397
14	7	3	2	0.379591
10	6	2	4	0.551025
18	10	4	5	0.252838
19	11	5	0	0
1	1	0	1	0.536166
5	4	1	3	0.9627
15	8	3	5	0.351037
20	11	5	0	0
1	1	0	1	0.27634
5	4	1	3	0.363455
13	7	3	2	0.382125
9	5	2	2	0.403581
11	6	2	4	0.258563
17	9	4	3	0
14	7	3	2	0.276542
9	5	2	2	0.470802
11	6	2	4	0.295745
17	9	4	3	0.252975
14	7	3	2	0.266199
10	6	2	4	0.428541
18	10	4	5	0.253704
19	11	5	0	0
1	1	0	1	0.513283
4	3	1	1	0.97507
6	4	1	3	0.254148
13	7	3	2	0.39158
9	5	2	2	0.355605
11	6	2	4	0.254942
17	9	4	3	0
16	8	3	5	0.373399
20	11	5	0	0
2	2	0	2	0.275194
8	5	2	2	0
7	5	2	2	0.349228
11	6	2	4	0.382105
18	10	4	5	0
19	11	5	0	0
1	1	0	1	0
5	4	1	3	0.470622
13	7	3	2	0.361245
9	5	2	2	0.377447
7	5	2	2	0.352864
11	6	2	4	0.328136
17	9	4	3	0.586231
14	7	3	2	0.405826
10	6	2	4	0.691584
18	10	4	5	0
19	11	5	0	0
1	1	0	1	0.2674
5	4	1	3	0.444863
15	8	3	5	0.41239
20	11	5	0	0
1	1	0	1	0.255817
5	4	1	3	0.321616
15	8	3	5	0.416695
20	11	5	0	0
1	1	0	1	0
4	3	1	1	0.397491
3	3	1	1	0.671484
3	3	1	1	0
3	3	1	1	0.266496
3	3	1	1	0
3	3	1	1	0
6	4	1	3	0.552666
13	7	3	2	0.463299
9	5	2	2	0.309721
7	5	2	2	0.337192
7	5	2	2	0.308846
11	6	2	4	0.380531
18	10	4	5	0
19	11	5	0	0
2	2	0	2	0.564672
8	5	2	2	0
11	6	2	4	0
18	10	4	5	0.352515
19	11	5	0	0
2	2	0	2	0.598638
8	5	2	2	0
11	6	2	4	0
17	9	4	3	0.440161
14	7	3	2	0.344597
10	6	2	4	0.381709
18	10	4	5	0
19	11	5	0	0
2	2	0	2	0.516501
8	5	2	2	0
7	5	2	2	0.345117
11	6	2	4	0.442064
18	10	4	5	0
19	11	5	0	0
1	1	0	1	0
5	4	1	3	0.482091
13	7	3	2	0.376749
9	5	2	2	0.370348
11	6	2	4	0.26046
18	10	4	5	0.782647
19	11	5	0	0
2	2	0	2	0.560344
12	6	2	4	0.605613
18	10	4	5	0
19	11	5	0	0
1	1	0	1	0
5	4	1	3	0.445218
15	8	3	5	0.408228
20	11	5	0	0
1	1	0	1	0.260468
4	3	1	1	0.396336
6	4	1	3	0.469929
15	8	3	5	0.390363
20	11	5	0	0.258133
2	2	0	2	0.382211
12	6	2	4	0.582516
18	10	4	5	0
19	11	5	0	0
2	2	0	2	0.335879
8	5	2	2	0.268786
7	5	2	2	0.621095
11	6	2	4	0.370183
18	10	4	5	0
19	11	5	0	0
1	1	0	1	0.25913
5	4	1	3	0.485244
15	8	3	5	0.38067
20	11	5	0	0
2	2	0	2	0.325298
8	5	2	2	0.266108
7	5	2	2	0.362061
11	6	2	4	0.301674
17	9	4	3	0.764525
14	7	3	2	0.402174
9	5	2	2	0.578475
11	6	2	4	0.550836
18	10	4	5	0.559911
19	11	5	0	0
1	1	0	1	0.255486
4	3	1	1	0.538791
6	4	1	3	0
15	8	3	5	0.40179
20	11	5	0	0.256136
2	2	0	2	0.374379
8	5	2	2	0
7	5	2	2	0.573556
11	6	2	4	0.341488
17	9	4	3	0.748386
16	8	3	5	0.474977
20	11	5	0	0
2	2	0	2	0.584919
12	6	2	4	0.575304
17	9	4	3	0.926445
16	8	3	5	0.435937
20	11	5	0	0
2	2	0	2	0.281212
8	5	2	2	0
11	6	2	4	0.2646
18	10	4	5	0.264391
19	11	5	0	0
2	2	0	2	0.564255
8	5	2	2	0
7	5	2	2	0.608609
11	6	2	4	0.387071
18	10	4	5	0
19	11	5	0	0
2	2	0	2	0.523405
8	5	2	2	0
7	5	2	2	0.600959
7	5	2	2	0.436927
11	6	2	4	0.406217
17	9	4	3	0.737822
14	7	3	2	0.477374
9	5	2	2	0.65166
7	5	2	2	0.876257
7	5	2	2	0.260018
7	5	2	2	0.332735
7	5	2	2	0.298865
11	6	2	4	0.378249
18	10	4	5	0
19	11	5	0	0
2	2	0	2	0.284044
8	5	2	2	0
11	6	2	4	0
18	10	4	5	0.374461
19	11	5	0	0
2	2	0	2	0.566334
12	6	2	4	0.637846
18	10	4	5	0
19	11	5	0	0
1	1	0	1	0
4	3	1	1	0.482421
6	4	1	3	0.265795
13	7	3	2	0.465027
10	6	2	4	0.446603
18	10	4	5	0.290374
19	11	5	0	0
1	1	0	1	0.525466
4	3	1	1	0.976855
3	3	1	1	0.505753
3	3	1	1	0
6	4	1	3	0.555439
15	8	3	5	0.521846
20	11	5	0	0.275618
1	1	0	1	0.325958
4	3	1	1	0.335602
6	4	1	3	0.464911
15	8	3	5	0.358093
20	11	5	0	0.257891
2	2	0	2	0.356785
8	5	2	2	0
7	5	2	2	0.557671
11	6	2	4	0.362816
17	9	4	3	0.723299
14	7	3	2	0.431449
10	6	2	4	0.569784
18	10	4	5	0
19	11	5	0	0
1	1	0	1	0.250828
4	3	1	1	0.969225
3	3	1	1	0.321256
3	3	1	1	0
6	4	1	3	0.815836
13	7	3	2	0.503387
10	6	2	4	0.419589
17	9	4	3	0.5058
16	8	3	5	0.293733
20	11	5	0	0
2	2	0	2	0.30344
12	6	2	4	0.569848
17	9	4	3	0.897708
16	8	3	5	0.397602
20	11	5	0	0
1	1	0	1	0.289849
4	3	1	1	0.425678
3	3	1	1	0.329365
6	4	1	3	0.827818
13	7	3	2	0.467473
10	6	2	4	0.426924
17	9	4	3	0.473729
16	8	3	5	0.284573
20	11	5	0	0
1	1	0	1	0.264997
4	3	1	1	0.371841
6	4	1	3	0.347247
13	7	3	2	0.446986
10	6	2	4	0.424112
18	10	4	5	0.284375
19	11	5	0	0
2	2	0	2	0
12	6	2	4	0.641047
18	10	4	5	0
19	11	5	0	0
2	2	0	2	0.285851
12	6	2	4	0.603977
17	9	4	3	0.688168
16	8	3	5	0.381155
20	11	5	0	0
2	2	0	2	0.255223
8	5	2	2	0.269194
7	5	2	2	0.613666
7	5	2	2	0.438899
11	6	2	4	0.385734
18	10	4	5	0
19	11	5	0	0
1	1	0	1	0.519573
5	4	1	3	0.543859
13	7	3	2	0.400587
10	6	2	4	0.449966
17	9	4	3	0.446584
16	8	3	5	0.289611
20	11	5	0	0
2	2	0	2	0.277299
8	5	2	2	0.262923
7	5	2	2	0.362874
11	6	2	4	0.381658
18	10	4	5	0
19	11	5	0	0
2	2	0	2	0
8	5	2	2	0
11	6	2	4	0
18	10	4	5	0.349809
19	11	5	0	0
2	2	0	2	0.520882
8	5	2	2	0
11	6	2	4	0
18	10	4	5	0.327127
19	11	5	0	0
2	2	0	2	0.514009
8	5	2	2	0
11	6	2	4	0
18	10	4	5	0.319517
19	11	5	0	0
2	2	0	2	0.507334
12	6	2	4	0.558358
17	9	4	3	0.672201
14	7	3	2	0.419488
10	6	2	4	0.411894
18	10	4	5	0
19	11	5	0	0
1	1	0	1	0.584939
5	4	1	3	0.969947
15	8	3	5	0.352244
20	11	5	0	0
1	1	0	1	0.316998
5	4	1	3	0.373885
15	8	3	5	0.362072
20	11	5	0	0
1	1	0	1	0.298029
4	3	1	1	0.34875
6	4	1	3	0.446699
13	7	3	2	0.424155
9	5	2	2	0.420109
7	5	2	2	0.670119
7	5	2	2	0.312839
11	6	2	4	0.337355
18	10	4	5	0
19	11	5	0	0
2	2	0	2	0
8	5	2	2	0
11	6	2	4	0
18	10	4	5	0.315061
19	11	5	0	0
2	2	0	2	0.528208
8	5	2	2	0
7	5	2	2	0.644689
11	6	2	4	0.367184
18	10	4	5	0
19	11	5	0	0
2	2	0	2	0
12	6	2	4	0.568968
18	10	4	5	0
19	11	5	0	0
2	2	0	2	0.292168
12	6	2	4	0.577284
18	10	4	5	0
19	11	5	0	0
2	2	0	2	0.284609
8	5	2	2	0
7	5	2	2	0.688461
11	6	2	4	0.343419
18	10	4	5	0
19	11	5	0	0
2	2	0	2	0
12	6	2	4	0.291749
17	9	4	3	0.767577
16	8	3	5	0.420263
20	11	5	0	0
2	2	0	2	0
8	5	2	2	0.29642
11	6	2	4	0
17	9	4	3	0.598494
14	7	3	2	0.378815
9	5	2	2	0.575981
7	5	2	2	0.684963
11	6	2	4	0.282668
17	9	4	3	0.618681
14	7	3	2	0.45923
9	5	2	2	0.789606
11	6	2	4	0.615432
18	10	4	5	0.577128
19	11	5	0	0
1	1	0	1	0.585321
5	4	1	3	0.957778
13	7	3	2	0.395187
10	6	2	4	0.425854
17	9	4	3	0.694503
16	8	3	5	0.335831
20	11	5	0	0
1	1	0	1	0.287515
4	3	1	1	0.45069
3	3	1	1	0.368535
3	3	1	1	0
6	4	1	3	0.520917
13	7	3	2	0.457818
9	5	2	2	0.4173
11	6	2	4	0
17	9	4	3	0
14	7	3	2	0.294539
10	6	2	4	0.392025
18	10	4	5	0.256734
19	11	5	0	0
1	1	0	1	0.574056
4	3	1	1	0.975166
3	3	1	1	0.348009
3	3	1	1	0
3	3	1	1	0.259911
3	3	1	1	0
3	3	1	1	0
3	3	1	1	0.254409
3	3	1	1	0
6	4	1	3	0.805371
13	7	3	2	0.500461
9	5	2	2	0.394441
11	6	2	4	0
17	9	4	3	0
14	7	3	2	0.301624
9	5	2	2	0.566069
7	5	2	2	0.547894
11	6	2	4	0.292826
17	9	4	3	0.607718
16	8	3	5	0.403736
20	11	5	0	0
1	1	0	1	0.26484
4	3	1	1	0.379646
6	4	1	3	0.316238
15	8	3	5	0.359258
20	11	5	0	0.265043
2	2	0	2	0.307268
12	6	2	4	0.578468
18	10	4	5	0
19	11	5	0	0
2	2	0	2	0.341994
8	5	2	2	0.257985
7	5	2	2	0.643222
11	6	2	4	0.375908
17	9	4	3	0.665411
14	7	3	2	0.444292
10	6	2	4	0.538324
18	10	4	5	0
19	11	5	0	0
1	1	0	1	0.577265
4	3	1	1	0.964378
3	3	1	1	0.305567
3	3	1	1	0
6	4	1	3	0.821755
13	7	3	2	0.475569
9	5	2	2	0.392179
7	5	2	2	0.400795
7	5	2	2	0.304529
7	5	2	2	0.325443
11	6	2	4	0.353023
17	9	4	3	0.64317
16	8	3	5	0.381926
20	11	5	0	0
2	2	0	2	0.303754
8	5	2	2	0.271081
11	6	2	4	0.282053
18	10	4	5	0.294493
19	11	5	0	0
2	2	0	2	0.265561
8	5	2	2	0
7	5	2	2	0.610752
7	5	2	2	0.432707
7	5	2	2	0.352048
7	5	2	2	0.31787
11	6	2	4	0.358756
17	9	4	3	0.62233
16	8	3	5	0.386088
20	11	5	0	0
1	1	0	1	0.27011
4	3	1	1	0.367008
6	4	1	3	0.327397
15	8	3	5	0.349383
20	11	5	0	0.266702
2	2	0	2	0.291647
8	5	2	2	0
7	5	2	2	0.540683
7	5	2	2	0.366992
7	5	2	2	0.335277
7	5	2	2	0.297951
7	5	2	2	0.286051
11	6	2	4	0.372783
17	9	4	3	0.585843
14	7	3	2	0.486013
9	5	2	2	0.656545
11	6	2	4	0.846823
17	9	4	3	0
16	8	3	5	0.343314
20	11	5	0	0
1	1	0	1	0.313515
4	3	1	1	0.420814
6	4	1	3	0.379692
13	7	3	2	0.448615
9	5	2	2	0.328858
11	6	2	4	0.330592
17	9	4	3	0
14	7	3	2	0.315215
9	5	2	2	0.44489
7	5	2	2	0.429635
7	5	2	2	0
11	6	2	4	0.381366
17	9	4	3	0.545031
14	7	3	2	0.468387
10	6	2	4	0.847526
18	10	4	5	0.259476
19	11	5	0	0
2	2	0	2	0
12	6	2	4	0.772757
17	9	4	3	0.625087
14	7	3	2	0.417541
10	6	2	4	0.563278
17	9	4	3	0.368227
16	8	3	5	0.407428
20	11	5	0	0
1	1	0	1	0.325409
5	4	1	3	0.575646
15	8	3	5	0.32815
20	11	5	0	0
1	1	0	1	0.275059
4	3	1	1	0.378256
3	3	1	1	0.400125
6	4	1	3	0.815356
13	7	3	2	0.426394
10	6	2	4	0.52877
17	9	4	3	0.3952
16	8	3	5	0.298104
20	11	5	0	0
2	2	0	2	0.299588
12	6	2	4	0.660728
17	9	4	3	0.729195
16	8	3	5	0.403919
20	11	5	0	0
2	2	0	2	0.265553
12	6	2	4	0.649426
17	9	4	3	0.647448
16	8	3	5	0.404589
20	11	5	0	0
2	2	0	2	0.259323
12	6	2	4	0.639047
17	9	4	3	0.636969
16	8	3	5	0.396522
20	11	5	0	0
1	1	0	1	0.59058
4	3	1	1	0.418715
6	4	1	3	0.372645
13	7	3	2	0.433957
9	5	2	2	0.372023
11	6	2	4	0.328553
17	9	4	3	0
14	7	3	2	0.313225
10	6	2	4	0.510774
17	9	4	3	0.351511
14	7	3	2	0.379865
10	6	2	4	0.621845
18	10	4	5	0.307353
19	11	5	0	0
1	1	0	1	0.594267
5	4	1	3	0.97086
13	7	3	2	0.368125
9	5	2	2	0.401472
7	5	2	2	0.366793
11	6	2	4	0.317253
18	10	4	5	0.52731
19	11	5	0	0
2	2	0	2	0.25353
8	5	2	2	0
7	5	2	2	0.546875
7	5	2	2	0.425576
11	6	2	4	0.410219
17	9	4	3	0.617765
14	7	3	2	0.429607
10	6	2	4	0.78867
18	10	4	5	0
19	11	5	0	0
1	1	0	1	0.593976
4	3	1	1	0.478721
6	4	1	3	0
15	8	3	5	0.391735
20	11	5	0	0.275831
1	1	0	1	0.333722
4	3	1	1	0.331954
3	3	1	1	0.665823
3	3	1	1	0
6	4	1	3	0.746667
15	8	3	5	0.495047
20	11	5	0	0.295659
1	1	0	1	0.335969
4	3	1	1	0.307896
6	4	1	3	0.430099
13	7	3	2	0.405306
9	5	2	2	0.338162
7	5	2	2	0.342505
11	6	2	4	0.330455
18	10	4	5	0.515013
19	11	5	0	0
1	1	0	1	0.282638
5	4	1	3	0.563397
13	7	3	2	0.362927
9	5	2	2	0.350075
11	6	2	4	0.316775
17	9	4	3	0
14	7	3	2	0.28022
10	6	2	4	0.470596
17	9	4	3	0.359817
16	8	3	5	0.39022
20	11	5	0	0
1	1	0	1	0.319612
5	4	1	3	0.539502
15	8	3	5	0.329874
20	11	5	0	0
1	1	0	1	0.268623
4	3	1	1	0.374272
3	3	1	1	0.404553
6	4	1	3	0.767145
13	7	3	2	0.387194
9	5	2	2	0.319863
7	5	2	2	0.326128
7	5	2	2	0.259416
11	6	2	4	0.386795
17	9	4	3	0.544396
16	8	3	5	0.407462
20	11	5	0	0
2	2	0	2	0.337668
12	6	2	4	0.684912
18	10	4	5	0
19	11	5	0	0
2	2	0	2	0.312922
12	6	2	4	0.680082
18	10	4	5	0
19	11	5	0	0
1	1	0	1	0.268305
4	3	1	1	0.418889
3	3	1	1	0.55797
3	3	1	1	0
3	3	1	1	0
6	4	1	3	0.708502
15	8	3	5	0.596647
20	11	5	0	0.323778
1	1	0	1	0.329799
4	3	1	1	0.298726
3	3	1	1	0.543532
3	3	1	1	0
6	4	1	3	0.808317
13	7	3	2	0.469717
10	6	2	4	0.478417
18	10	4	5	0.348297
19	11	5	0	0
2	2	0	2	0
12	6	2	4	0.699965
18	10	4	5	0.252349
19	11	5	0	0
1	1	0	1	0.25375
5	4	1	3	0.54162
13	7	3	2	0.387229
9	5	2	2	0.384255
11	6	2	4	0.291676
18	10	4	5	0.801944
19	11	5	0	0
2	2	0	2	0.509785
8	5	2	2	0
11	6	2	4	0.252092
17	9	4	3	0.384755
16	8	3	5	0.471864
20	11	5	0	0
2	2	0	2	0.276317
12	6	2	4	0.581424
18	10	4	5	0
19	11	5	0	0
1	1	0	1	0.287156
5	4	1	3	0.531385
15	8	3	5	0.359679
20	11	5	0	0
2	2	0	2	0.280875
12	6	2	4	0.411788
18	10	4	5	0
19	11	5	0	0
1	1	0	1	0.267435
5	4	1	3	0.536499
13	7	3	2	0.386686
10	6	2	4	0.465043
18	10	4	5	0.278354
19	11	5	0	0
1	1	0	1	0.564453
5	4	1	3	0.965485
13	7	3	2	0.347361
9	5	2	2	0.40288
7	5	2	2	0.375798
11	6	2	4	0.307942
18	10	4	5	0
19	11	5	0	0
1	1	0	1	0.251971
4	3	1	1	0.482787
3	3	1	1	0.576806
6	4	1	3	0.767478
13	7	3	2	0.372483
9	5	2	2	0.356354
7	5	2	2	0.364775
7	5	2	2	0.29873
11	6	2	4	0.362431
18	10	4	5	0
19	11	5	0	0
2	2	0	2	0.529653
12	6	2	4	0.601981
17	9	4	3	0.69399
16	8	3	5	0.416039
20	11	5	0	0
2	2	0	2	0.272062
8	5	2	2	0.252762
7	5	2	2	0.339335
7	5	2	2	0.398569
7	5	2	2	0.348108
7	5	2	2	0.307628
11	6	2	4	0.370908
18	10	4	5	0
19	11	5	0	0
1	1	0	1	0.252348
4	3	1	1	0.95155
6	4	1	3	0.25853
15	8	3	5	0.379101
20	11	5	0	0.266045
2	2	0	2	0.339599
12	6	2	4	0.622252
18	10	4	5	0
19	11	5	0	0
2	2	0	2	0.364172
8	5	2	2	0
11	6	2	4	0
18	10	4	5	0.431565
19	11	5	0	0
2	2	0	2	0.55036
8	5	2	2	0
11	6	2	4	0
17	9	4	3	0.417484
14	7	3	2	0.357196
10	6	2	4	0.371345
17	9	4	3	0.682319
16	8	3	5	0.399675
20	11	5	0	0
1	1	0	1	0.302241
4	3	1	1	0.457119
6	4	1	3	0.346877
15	8	3	5	0.382175
20	11	5	0	0.263292
2	2	0	2	0.315849
8	5	2	2	0
11	6	2	4	0
17	9	4	3	0.424121
16	8	3	5	0.449974
20	11	5	0	0
2	2	0	2	0.259027
12	6	2	4	0.324417
17	9	4	3	0.714818
16	8	3	5	0.406465
20	11	5	0	0
2	2	0	2	0
8	5	2	2	0.272902
7	5	2	2	0.583453
11	6	2	4	0.429826
17	9	4	3	0.620125
16	8	3	5	0.426902
20	11	5	0	0
1	1	0	1	0.283294
4	3	1	1	0.374533
6	4	1	3	0.357815
13	7	3	2	0.42437
10	6	2	4	0.472497
17	9	4	3	0.40298
16	8	3	5	0.28548
20	11	5	0	0
1	1	0	1	0.290999
5	4	1	3	0.547661
15	8	3	5	0.300412
20	11	5	0	0
2	2	0	2	0
12	6	2	4	0.53194
18	10	4	5	0
19	11	5	0	0
1	1	0	1	0.2893
4	3	1	1	0.397193
3	3	1	1	0.281358
6	4	1	3	0.829646
13	7	3	2	0.425514
10	6	2	4	0.44358
17	9	4	3	0.406816
14	7	3	2	0.499368
10	6	2	4	0.364797
18	10	4	5	0.273413
19	11	5	0	0
2	2	0	2	0
12	6	2	4	0.681595
18	10	4	5	0
19	11	5	0	0
1	1	0	1	0.310113
5	4	1	3	0.523975
15	8	3	5	0.36756
20	11	5	0	0
2	2	0	2	0.267776
8	5	2	2	0.312305
11	6	2	4	0.2522
18	10	4	5	0.262044
19	11	5	0	0
2	2	0	2	0
8	5	2	2	0
11	6	2	4	0
17	9	4	3	0.378839
16	8	3	5	0.485129
20	11	5	0	0
2	2	0	2	0
8	5	2	2	0.290638
11	6	2	4	0
18	10	4	5	0.273753
19	11	5	0	0
2	2	0	2	0
12	6	2	4	0.559847
18	10	4	5	0.268138
19	11	5	0	0
1	1	0	1	0.330436
5	4	1	3	0.551967
13	7	3	2	0.398366
10	6	2	4	0.440686
18	10	4	5	0.269822
19	11	5	0	0
1	1	0	1	0.638149
4	3	1	1	0.965634
3	3	1	1	0.392806
6	4	1	3	0.789233
13	7	3	2	0.402279
9	5	2	2	0.457746
7	5	2	2	0.451121
7	5	2	2	0.30313
11	6	2	4	0.325775
17	9	4	3	0.616842
16	8	3	5	0.40491
20	11	5	0	0
1	1	0	1	0.269904
5	4	1	3	0.544866
15	8	3	5	0.327722
20	11	5	0	0
1	1	0	1	0.517143
4	3	1	1	0.366694
6	4	1	3	0.30566
13	7	3	2	0.391429
9	5	2	2	0.414267
7	5	2	2	0.416478
7	5	2	2	0.290412
7	5	2	2	0.312895
7	5	2	2	0.310697
11	6	2	4	0.350945
18	10	4	5	0
19	11	5	0	0
2	2	0	2	0
8	5	2	2	0
11	6	2	4	0
18	10	4	5	0.376562
19	11	5	0	0
2	2	0	2	0.522418
12	6	2	4	0.595748
17	9	4	3	0.647502
16	8	3	5	0.390643
20	11	5	0	0
2	2	0	2	0
12	6	2	4	0.323621
17	9	4	3	0.730929
16	8	3	5	0.410425
20	11	5	0	0
2	2	0	2	0
8	5	2	2	0.291861
7	5	2	2	0.603774
7	5	2	2	0.461901
7	5	2	2	0.337658
7	5	2	2	0.283165
11	6	2	4	0.348362
17	9	4	3	0.588546
14	7	3	2	0.494043
10	6	2	4	0.768525
17	9	4	3	0.906094
14	7	3	2	0.40326
10	6	2	4	0.476694
18	10	4	5	0.280235
19	11	5	0	0
2	2	0	2	0
8	5	2	2	0
11	6	2	4	0
18	10	4	5	0.427545
19	11	5	0	0
2	2	0	2	0
12	6	2	4	0.592193
18	10	4	5	0.2724
19	11	5	0	0
2	2	0	2	0
8	5	2	2	0
11	6	2	4	0
17	9	4	3	0.385627
14	7	3	2	0.373153
9	5	2	2	0.581361
7	5	2	2	0.629395
7	5	2	2	0.277172
7	5	2	2	0.296665
7	5	2	2	0.296404
7	5	2	2	0.29176
7	5	2	2	0.286913
7	5	2	2	0.282106
11	6	2	4	0.353469
17	9	4	3	0.555906
16	8	3	5	0.431984
20	11	5	0	0
2	2	0	2	0.280453
8	5	2	2	0.287772
11	6	2	4	0.277694
18	10	4	5	0.362356
19	11	5	0	0
1	1	0	1	0.53578
4	3	1	1	0.957458
6	4	1	3	0
15	8	3	5	0.404672
20	11	5	0	0.257493
