0.537294
0.271291
0.335175
0.324863
0
0
0
0.30215
0
0.310706
0.311701
0
0.367287
0.605811
0.611627
0
0.600154
0.30367
0.507429
0.320132
0.429376
0
0
0.362267
0.283513
0.263384
0.325839
0.299407
0
0.278493
0.323877
0.269911
0
0.583727
0.388318
0.445417
0.284723
0.368288
0.335653
0.59249
0
0.58902
0.426628
0.401464
0
0.263145
0.396354
0.264012
0
0.277891
0.33023
0.390929
0.371577
0.366734
0.309874
0.340088
0
0.262583
0.349371
0.401981
0.375919
0
0.259154
0.287798
0.364926
0.337653
0
0
0.252808
0.289744
0
0.31167
0.29751
0.601054
0
0.61026
0.429
0.390851
0.3592
0
0.256105
0.40821
0
0.255461
0.311353
0.315312
0.336403
0.726579
0.413262
0
0.458075
0.39641
0
0.29118
0.408972
0.968972
0.385597
0.29022
0
0.352388
0.276961
0
0.372115
0
0.253551
0.311653
0.315486
0.327899
0
0.321253
0.289473
0
0.375965
0
0.295133
0.360015
0.27684
0.518482
0.406249
0.971881
0.679733
0.712477
0.327763
0
0.448321
0.345984
0.474918
0
0.533254
0.347442
0.272839
0.317514
0.258025
0.332397
0
0
0.253716
0.303282
0.390298
0.732574
0.289997
0.616861
0.339771
0.443242
0.427231
0.369357
0.62773
0.681647
0.323273
0.582724
0.426355
0
0
0.283781
0.411851
0.614633
0.363376
0.255342
0.350892
0.655261
0.30198
0
0.481011
0.299961
0
0.27276
0.364726
0.381957
0.380469
0
0.504489
0.344239
0.364226
0
0.318159
0.427575
0.331265
0
0.314301
0.407177
0.315715
0
0.299383
0.361394
0.389362
0.375351
0
0.517495
0.388235
0
0
0.250073
0.353873
0.396404
0.377365
0.527135
0
0
0.327338
0.254312
0.282982
0
0.358721
0.359464
0.412948
0.473053
0.332567
0.575868
0.417294
0.592798
0.33154
0.313387
0.362358
0
0.262787
0.399942
0.259742
0
0.269374
0.391094
0
0
0.257591
0.31415
0.384433
0.362613
0.259953
0
0.377252
0
0.252971
0.396314
0.250293
0
0.257736
0.393078
0.600956
0.368708
0.301326
0
0.258153
0.400246
0.366334
0.383244
0.373766
0
0.330415
0.607659
0.29108
0.253408
0.34593
0.426875
0.386205
0.26304
0.256638
0.263415
0.266416
0.285756
0.654103
0.384619
0.251167
0.413238
0.380151
0.371733
0
0.562165
0.270016
0.396387
0.473603
0.265992
0.25128
0.437937
0.364749
0
0.254223
0.376623
0.277993
0
0.54158
0.351952
0.369683
0
0.260558
0.395887
0.36841
0.386903
0
0
0.366942
0
0
0
0.374068
0.381108
0.36144
0
0
0.385307
0
0
0
0.363388
0.291574
0.305526
0.316734
0.411128
0.37738
0
0.328327
0.252947
0.288445
0
0.35959
0.283573
0.35468
0.358806
0.261806
0.661408
0.611926
0
0.267576
0.47788
0.306019
0
0.254452
0.387043
0.363168
0.38827
0.3448
0
0.344795
0.572314
0.288682
0.289524
0.423822
0.554613
0.49681
0
0.583441
0.297474
0.362135
0.419596
0.263804
0.263502
0.350667
0.430855
0.377757
0.280405
0
0.340019
0.266458
0.3023
0
0
0.388702
0.278879
0
0
0.368307
0.333856
0.366486
0.300578
0
0.709813
0.338147
0.430241
0.370323
0.255512
0.269759
0.349144
0.360253
0.312316
0.411529
0.344344
0
0.257596
0.425776
0.323219
0.438666
0.347277
0
0
0.365035
0.344139
0.583689
0.401725
0.475004
0.289537
0
0
0.387686
0.279745
0
0.574351
0.291176
0.342216
0.293922
0.286044
0.307238
0.29431
0.372864
0
0.356564
0
0.637999
0.283044
0.352472
0.347747
0.411745
0
0
0.377941
0.302838
0.334087
0.323375
0.296125
0
0.555738
0.353207
0.557446
0.382751
0
0.340748
0.364039
0.287663
0.299885
0
0.264166
0.392863
0.361031
0.338205
0.293859
0
0.265713
0.39728
0.359372
0.379631
0
0.254209
0.335149
0.297829
0
0.282249
0.326266
0.631862
0.364479
0.290884
0
0.264403
0.369199
0.279823
0.457841
0.400126
0.982771
0.620793
0
0.318386
0.250929
0.348333
0.365026
0
0.305921
0.312514
0.550799
0.374238
0.634512
0.363116
0.581519
0.302733
0.311292
0.385812
0
0
0.521349
0.324303
0.340493
0
0.388289
0.451406
0.969954
0.448411
0.348374
0.30699
0.376165
0.378335
0.376076
0
0.291074
0.313509
0.318534
0
0.38828
0.381688
0.291892
0
0.311648
0.360205
0.281722
0.298769
0.315123
0.282453
0
0.279451
0.293598
0.298646
0
0.374305
0.35604
0.519037
0.363445
0.705451
0.375349
0.475512
0.61807
0.573639
0
0.256068
0.327581
0
0.277593
0.401471
0
0
0.257211
0.331596
0.269877
0.276371
0
0.326999
0.664229
0.360627
0.282764
0
0.280707
0.33883
0.259146
0.279163
0
0.333784
0.674301
0.34818
0.27289
0
0.430787
0.334904
0.298563
0
0.37459
0.479809
0.979767
0.268938
0.32126
0.424599
0.294977
0.337502
0.421915
0.316945
0
0.256018
0.429158
0.641445
0.313047
0.254547
0
0.455931
0.400006
0.398971
0.486346
0.368522
0
0.605314
0.370807
0.58322
0.320798
0
0.363086
0
0.337789
0.286974
0.539937
0.397907
0.68178
0.336001
0
0.326463
0
0.320076
0.295504
0.499731
0.395279
0
0.306189
0.402864
0
0.552536
0.3362
0.267917
0.322793
0.329458
0.412709
0.519238
0.270468
0.4307
0
0
0.332391
0.37375
0.326792
0.364979
0
0.376058
0
0.278598
0.323795
0.394971
0.344622
0
0.272547
0.38209
0.606921
0.36802
0.297373
0
0.375252
0.404161
0.496855
0.43055
0.276797
0.618862
0.349387
0.296421
0.361783
0.392078
0.341638
0
0.257633
0.328976
0.278346
0.630484
0.305724
0
0.285233
0.325605
0.378923
0.308352
0.627293
0.406871
0.272535
0.407976
0.3429
0
0.291595
0.338457
0.268323
0.286908
0.253131
0.280453
0.340223
0
0
0
0.296382
0
0.261656
0
0.254174
0.362904
0
0
0.265885
0.332623
0.526489
0.375274
0
0.285455
0.327794
0.354387
0
0.28798
0.274695
0.74269
0.286089
0
0.27705
0.351965
0.402677
0.377545
0.264987
0.593687
0.262962
0.576506
0.282484
0
0.594924
0
0
0.259512
0
0
0
0.684749
0
0
0.275484
0.333501
0.376596
0.306746
0
0.645405
0.262958
0.302991
0.451535
0.295525
0.291915
0.377391
0.275769
0.625094
0.378371
0.268871
0.418317
0.481816
0.433467
0
0.321479
0
0.271714
0.479454
0.741173
0.346818
0.353378
0.306071
0
0.26848
0.286104
0
0.277445
0.651985
0.723109
0.408262
0.320523
0
0.397123
0.410367
0.511683
0.484627
0.355741
0.311164
0.299905
0
0.640644
0.454726
0.498699
0.389358
0.297389
0
0.270569
0.458426
0.670862
0.417323
0.383964
0
0.34337
0.252862
0.308171
0.338496
0
0.270266
0.298794
0.678028
0.421857
0.352162
0.371962
0.356922
0.33432
0.374034
0
0.33857
0
0.320894
0.34429
0.385518
0.372777
0.273513
0
0.348543
0
0.299858
0.350568
0.466814
0.452371
0
0.275284
0.290228
0
0.502536
0.275305
0
0.271661
0.412007
0
0
0.523049
0.432707
0
0
0
0.3452
0.392272
0.370184
0.265619
0.258493
0
0.27799
0
0.305613
0.374742
0.421918
0
0.282353
0.28977
0
0.751396
0.259428
0
0.259805
0.419848
0.672359
0.434005
0.256816
0.36002
0.516492
0
0.358974
0.290114
0.28358
0.379819
0.294821
0.430186
0
0.326416
0.32281
0.435274
0.679974
0.27136
0.57057
0.410283
0.614282
0.377029
0.68532
0
0.346957
0
0
0.308217
0.260561
0
0
0.268885
0.318515
0
0
0.258578
0.313644
0.356358
0.340452
0.68779
0.408121
0.267237
0.302528
0.417967
0.388317
0.337357
0.665843
0
0.303771
0
0.578716
0.297739
0.39987
0.288728
0.301429
0.308076
0.281656
0.418772
0.66817
0.265186
0
0.38185
0.464152
0.38105
0.257835
0
0.541968
0.674921
0.306052
0.520339
0.433835
0
0
0
0.422027
0.627965
0.424484
0.333393
0.356556
0.263551
0.430391
0.663165
0.256812
0.52864
0.405479
0
0
0
0.336253
0.277896
0.423362
0.309389
0
0
0.297561
0.374166
0.337011
0
0.56935
0.387504
0.521974
0.363773
0.292553
0.293606
0.361552
0.303955
0.665325
0.36199
0.530561
0.319223
0.368936
0.35658
0.575088
0
0.339936
0.30223
0.337895
0
0
0.402132
0.360803
0.390577
0.346891
0.339311
0.268044
0.421782
0
0.39162
0
0
0.379915
0.33128
0.416367
0.334602
0
0.680074
0.328963
0.523656
0.55308
0.337534
0.275456
0.389271
0.375141
0.36997
0.335161
0.651095
0
0.291571
0.293248
0.399527
0.628229
0.256144
0.253749
0.4873
0.301211
0
0.380411
0.456587
0.487071
0.322167
0
0.311954
0
0.262383
0.359641
0.325916
0
0.519197
0.320153
0.388475
0.299081
0
0.276592
0.266707
0.292248
0
0.263322
0.411828
0.342965
0.42438
0
0.253
0.334711
0.261561
0
0
0.353433
0.270145
0
0.533449
0.313375
0.375454
0.359863
0.273297
0
0.433567
0
0.589992
0.352413
0.515194
0.350151
0
0.314562
0.309608
0.295228
0.305546
0.398176
0
0.304839
0.336816
0.406946
0.652745
0.254541
0.566757
0.410789
0.341131
0.383995
0
0.521908
0.31337
0.384775
0.458959
0.271343
0
0.431057
0.355134
0
0.290384
0.388103
0.336415
0.400553
0
0.280176
0.320824
0.396909
0.299117
0
0.367304
0
0.260426
0.367243
0.257602
0
0.255283
0.354165
0.476141
0.513779
0
0.266703
0.354724
0.292499
0.327331
0.272381
0.301326
0.627977
0.401659
0.336541
0.335533
0.312248
0.376378
0.632718
0.257414
0.587342
0.390224
0.57953
0.388451
0.27843
0.386633
0.529249
0.263158
0.266562
0
0.280804
0.296485
0.289436
0.411446
0.646757
0.261297
0.546245
0.393058
0.360743
0.341133
0.384889
0.332402
0
0
0.390328
0.305267
0.401573
0.338283
0
0
0.350525
0.25079
0
0
0.366621
0.255031
0
0
0.355052
0.353687
0.365564
0
0.574267
0.358942
0.530235
0.49798
0
0.568295
0.304148
0.371788
0.318104
0.271569
0.287587
0.305206
0
0.417801
0.388387
0.471695
0.327229
0
0.307726
0.444614
0
0.267956
0.354052
0.353968
0.404655
0.268569
0
0.413533
0.424145
0.500461
0
0.268889
0.35283
0.41573
0.297738
0
0.329259
0
0.294571
0.340544
0.403748
0.304991
0
0.303244
0.277136
0
0.351342
0.300419
0.561061
0
0.291054
0.361571
0.35652
0.359856
0
0.53205
0.309581
0.286883
0
0.299212
0
0
0.531497
0.38397
0
0
0.527037
0.318143
0.382355
0.318416
0
0.26195
0.305874
0.267718
0.634709
0.406947
0.567054
0.260611
0.351441
0.635146
0.292449
0
0.411159
0.541157
0.391657
0.347404
0.332067
0.304479
0.387755
0.315314
0
0
0.336049
0.314854
0.292819
0.405558
0
0.396115
0
0.558567
0.284809
0.343217
0.3336
0.701651
0.39197
0.25068
0.32542
0.39272
0.386838
0.307311
0
0.390554
0
0.558139
0.388915
0.415939
0.400458
0.299387
0.309461
0.383647
0.310168
0.7246
0.373863
0
0.490064
0.414293
0
0.262728
0.405306
0.258345
0
0.262939
0.293128
0.411897
0.287966
0.418001
0
0.524427
0.289512
0.39859
0.471506
0.276786
0.587952
0.365405
0.422774
0.423559
0.405195
0.338784
0
0.257638
0.407605
0.257336
0
0.258097
0.385493
0.604453
0.387817
0.308936
0.388328
0
0.508212
0.315449
0.328799
0.362859
0.279381
0
0.344233
0.31751
0.292529
0.408193
0
0.336598
0.304837
0.421804
0.689811
0.259193
0.567071
0.396373
0.357285
0.358896
0.290116
0.316511
0.310246
0
0
0.266245
0.384816
0.407619
0
0.328654
0.497149
0.399804
0.479495
0
0.255948
0.426626
0.638108
0.361306
0.399685
0
0.370138
0
0.286086
0.356615
0.396395
0
0.31848
0.466425
0.379083
0.477615
0
0.52929
0.422801
0
0
0
0.355366
0.391137
0.454841
0
0.54253
0.424619
0
0
0
0.3435
0.424139
0.405497
0.289294
0.529852
0.513442
0.26086
0.721134
0.40531
0.542773
0.348061
0.317816
0.458812
0.281009
0
0.253221
0.293981
0.270101
0.645715
0.265469
0
0.250785
0.390813
0.405739
0.395273
0.255879
0.263325
0.375211
0.289073
0.417006
0
0.299074
0
0.269925
0.423983
0
0
0
0.329876
0.414383
0.262451
0.348608
0
0.251108
0.381078
0.366723
0.430733
0
0.552407
0.301205
0.425395
0.296929
0
0.555619
0.271145
0.252679
0.664702
0
0
0
0.400439
0.358129
0.403495
0.34929
0.366613
0.431818
0
0.385084
0.341236
0.440126
0
0.338021
0.316329
0.436616
0
0.33072
0.313067
0.43951
0
0.289007
0
0.536925
0.417649
0
0
0
0.42059
0.328578
0.370817
0.336
0.372172
0.455212
0.750599
0.257077
0.64801
0.423014
0
0
0.56472
0.407952
0
0
0.55646
0.403702
0
0
0
0.331052
0.405485
0.351798
0
0.311629
0.303663
0.316095
0.445503
0.738392
0.25316
0
0.569396
0.347116
0
0.286679
0.528997
0.332233
0.453721
0
0
0.376916
0.424307
0
0.282194
0.484681
0.318632
0.370586
0
0.606947
0
0.300182
0.956356
0.514052
0.466483
0.314285
0
0
0.34648
0
0
0.345114
0.379406
0.733442
0.273454
0.665096
0.43246
0.652908
0.394324
0.562569
0
0.28831
0.374802
0.288625
0.313512
0.326094
0.424459
0.440957
0.324121
0
0.289178
0.366728
0.283811
0.299591
0.263323
0.322029
0.677597
0.418117
0.289338
0.412672
0
0.667972
0.392596
0
0.377447
0.444671
0.313976
0.69464
0.423054
0.538251
0.430549
0.632015
0.376633
0.295582
0
0.267345
0.384434
0.3834
0.413304
0.367662
0.323174
0.368491
0
0.262586
0.403919
0.6106
0.359786
0.299044
0.382928
0
0.253401
0.322414
0.359828
0
0.329497
0.414203
0.321056
0
0.315889
0.39819
0.305683
0
0.31875
0.384388
0.365015
0.303871
0.258561
0
0.293686
0.379373
0.349388
0.296517
0.307539
0.323076
0.25443
0.275045
0.42231
0
0.250158
0.285242
0.317157
0
0.320472
0.350075
0.281857
0
0.547753
0.387691
0.336849
0.338112
0.391055
0
0.288466
0
0.422551
0
0.282023
0.354479
0.260389
0
0
0.313062
0.422437
0.324415
0
0.274468
0.45929
0
0.544497
0.402283
0.318248
0.378832
0.29385
0.288403
0
0
0
0.318454
0.403213
0.464072
0
0
0.310892
0.385519
0.376711
0
0.252935
0.398159
0
0
0.45385
0.413938
0.464512
0.257107
0
0.343218
0.400906
0.362161
0.375989
0
0.335098
0.383783
0.349626
0.388367
0.687786
0.269301
0
0.472074
0.306845
0
0.325532
0.382628
0.297502
0.436845
0.301959
0
0
0.347371
0.35883
0.461713
0
0
0.404197
0.358793
0.687682
0.289953
0
0.476546
0.481451
0.303067
0.408025
0
0.570709
0.4074
0.634941
0.36548
0
0.340172
0
0
0.424208
0.399911
0.443569
0.266606
0.683667
0.273129
0
0.493386
0.968522
0.472199
0.277705
0.678715
0.347886
0
0.415521
0.474744
0.304528
0.363105
0.265983
0
0.35975
0
0.577289
0.372965
0.29515
0.351885
0.334628
0.273517
0
0.572251
0.41751
0.636481
0.377658
0.250626
0.360271
0.320725
0.376117
0.678497
0.269225
0
0.448078
0.270695
0.360897
0.630865
0.369969
0.373243
0
0.34242
0.352977
0.382703
0.687054
0.269101
0.643941
0.95531
0
0
0.558489
0.381583
0.588333
0.387103
0.277222
0.34706
0
0.327453
0.280385
0
0.402658
0
0.546021
0.403313
0.314204
0.377821
0.303156
0.387176
0.440306
0.625643
0.688746
0.268045
0
0.426984
0.517933
0.321186
0
0.386405
0
0.265118
0.374608
0.382866
0.374328
0.377712
0.279113
0.365531
0
0
0.347483
0.351354
0.374022
0.595377
0.352306
0.391696
0
0.425781
0
0.520419
0.370335
0.303352
0.271624
0.272683
0.311393
0.322358
0.638846
0.945403
0.26511
0.361451
0.692445
0.315722
0
0.414808
0.500528
0.329658
0.731812
0.426597
0
0.427857
0.341785
0.37453
0
0.599364
0
0.323365
0.378483
0.453978
0.309028
0
0.344207
0
0.26238
0.342568
0.348151
0.417878
0.592939
0.38785
0
0.336069
0
0.535424
0.355277
0.411362
0.397756
0.355599
0
0.356774
0.697051
0.318746
0
0.490652
0.310802
0
0.295785
0.380794
0.29634
0.317933
0.263993
0.333742
0.651128
0.39757
0.320647
0
0.323816
0.40187
0.490965
0.44624
0.296109
0
0.67513
0.404303
0
0.407031
0.353342
0
0.293537
0.42669
0.335186
0
0.297543
0.378831
0.41225
0.37899
0
0.533288
0.412128
0
0
0.287491
0.434226
0.622928
0.366582
0.271888
0.32222
0
0.391496
0
0.260441
0.417614
0.361534
0.350231
0.375912
0.636106
0.263148
0.584424
0.959226
0.251617
0
0.268976
0.962828
0.251473
0
0.268311
0.331573
0.428652
0.488754
0
0.265508
0.33511
0.344115
0.267097
0.287561
0.303992
0.363199
0.644292
0.255709
0.591462
0.394126
0
0
0.258414
0.329489
0.355152
0.283833
0.402238
0
0.272328
0.329213
0.345606
0.413218
0.273206
0.606418
0.398854
0
0
0.253798
0.327626
0.352541
0.282442
0.294955
0.274315
0.547419
0
0.274642
0.378635
0.349691
0.338339
0.283303
0.323558
0.2887
0.294034
0
0.281735
0.417131
0.309047
0.336624
0.294127
0.298801
0
0
0.338391
0.33894
0.288326
0.39617
0
0.275709
0.358592
0.373955
0.338157
0
0.521561
0.358356
0.597701
0.366929
0.283847
0.325214
0
0.364687
0
0.292899
0.320158
0.344958
0.260989
0.276993
0.282504
0
0.335327
0.298555
0.566013
0
0.280298
0.390429
0.292732
0.319082
0.298046
0.379656
0.42805
0.331431
0
0.281578
0.366317
0.256723
0
0.521429
0.347297
0.290916
0.578914
0.376372
0.974564
0.357672
0
0.333273
0
0.305912
0.311443
0.331752
0.264471
0.270709
0.273117
0
0.326698
0.289269
0.356444
0
0.2877
0.311469
0.329767
0.434931
0.26613
0
0.367712
0
0.278552
0.352278
0.398116
0
0.280102
0.346251
0.324936
0.333283
0.285094
0.41114
0
0.674522
0.38427
0.540644
0.39916
0.347313
0.325835
0.273842
0.309136
0.290117
0
0
0.257029
0.356864
0.407957
0.3433
0.562623
0.382369
0.665812
0.265384
0.587622
0.365998
0.371048
0.323529
0
0.505407
0.372276
0
0
0.25682
0.336337
0.271927
0.283121
0.555176
0.392757
0.37583
0.615007
0
0.338973
0
0.252391
0.381733
0.612439
0.330301
0.394843
0
0.299056
0.284046
0.258363
0.360655
0
0.261378
0.324085
0.40054
0.379777
0.27712
0.676091
0.265181
0
0.516623
0.303464
0.460406
0
0.257088
0.383754
0.605531
0.402123
0.278208
0.332548
0.316282
0
0.330282
0.312244
0.581673
0
0.273742
0.354416
0.265688
0
0
0.325569
0.367776
0.467376
0.280955
0.594271
0.362431
0
0
0.251715
0.322998
0.359799
0.285271
0.40062
0
0.268915
0.356685
0.5745
0.383398
0.310464
0
0.273753
0.345111
0.317739
0.349516
0.300868
0
0.388688
0.373718
0.517717
0.296374
0
0.377176
0
0.264438
0.345602
0.259673
0
0.260928
0.344346
0.303384
0.372723
0.301548
0
0.267807
0.334603
0.28293
0
0.510453
0.343978
0.36062
0
0.282845
0.424661
0.312341
0.387207
0.329961
0
0.258344
0.358233
0.331068
0.325231
0.333925
0.349808
0.361125
0
0.26054
0.345313
0.25088
0
0.515081
0.338295
0.452651
0.317602
0.60502
0.361198
0
0.27409
0.314328
0.358862
0.635807
0.261495
0.577296
0.338284
0
0
0.50536
0.342408
0.443805
0.490598
0
0.275274
0.334955
0
0
0.251105
0.347837
0.427506
0.31153
0
0.321057
0
0.395047
0.411803
0.53615
0.293499
0.660387
0.426727
0.307918
0.416632
0.352609
0.37746
0.355721
0.970814
0.295528
0
0.288705
0.334452
0.313514
0.36207
0.29947
0.442934
0
0.615771
0.375054
0.282033
0.373986
0.424232
0.494626
0.343417
0.30164
0.342389
0.297526
0.36591
0.345804
0
0.406639
0
0.25989
0.411086
0.320621
0.288044
0.288687
0.335458
0.280826
0.583469
0.370061
0.339996
0.357171
0
0.298176
0.322761
0.358845
0
0.397612
0.455001
0.963432
0.407036
0.419325
0
0.267993
0.372666
0.28652
0.374484
0.380878
0.967267
0.334408
0.318143
0.272214
0.28089
0.3545
0
0.270011
0.362041
0.571978
0.374604
0.348571
0
0.365613
0
0.332033
0.318855
0.358319
0
0.367822
0.461145
0.98325
0.275417
0
0.277644
0.571552
0.329631
0
0.333301
0
0.2666
0.377914
0.356752
0.346616
0.334757
0.303431
0
0.381043
0.377819
0.508745
0.278541
0.644955
0.424421
0.294059
0.368874
0
0
0.254995
0.318209
0.340671
0
0.295044
0.348584
0.33202
0.343581
0.301568
0.428605
0.592052
0.563128
0.250451
0.628315
0.415054
0.282879
0.341111
0.418595
0.494188
0.343538
0.282015
0.363609
0.265251
0
0.532737
0.329892
0.471146
0.499309
0
0.253376
0.404901
0.303655
0.427896
0.374656
0.972701
0.290548
0
0.415802
0.36125
0.441792
0.48818
0
0.291828
0.30853
0.343598
0
0.369899
0.398787
0.306342
0
0.306683
0.407523
0.354483
0.376058
0.320793
0.271815
0
0.401933
0.411826
0.534907
0.489066
0.596278
0.594776
0.580293
0
0
0.294206
0
0.273972
0
0.401978
0.337363
0.319412
0
0.353927
0.460814
0.958835
0.425947
0.36096
0.304683
0.954344
0.310668
0.522592
0.344973
0
0.282371
0.291758
0.306818
0
0.358423
0.464349
0.950262
0.387721
0.425525
0
0.293839
0.33632
0.282242
0.275346
0.383992
0
0.277553
0.336626
0.28586
0.340346
0.292247
0
0.340603
0.388312
0.459469
0
0.285746
0.395945
0.603724
0.396427
0.319322
0.45054
0
0
0.339579
0
0.27331
0.382443
0.251214
0
0
0.313565
0.405182
0.441466
0
0.277024
0.373949
0.284976
0.324564
0.3154
0.413384
0.3802
0.301096
0
0.358064
0.350853
0.380701
0.430459
0
0
0.362356
0.311906
0.250829
0.347389
0
0.294462
0.406371
0.627081
0.404446
0.34592
0.636061
0.270175
0.633655
0.394694
0.319181
0.341586
0.265201
0.319983
0
0
0.54136
0.410589
0
0
0
0.31995
0.337851
0
0.307328
0.395051
0.642609
0.314776
0.292289
0.303601
0
0.250519
0.37486
0.316593
0.376777
0.288144
0
0.421226
0.562059
0.507497
0
0
0.358914
0
0.252321
0.37671
0.306499
0.349208
0.460428
0
0
0.340107
0.261734
0
0.362803
0.297625
0.335133
0.345277
0
0.347748
0.271517
0.569691
0
0.276934
0.418541
0.296476
0.447655
0.385342
0.983975
0.268699
0.397788
0.547389
0.531829
0.27769
0.263647
0.257427
0.260232
0.715291
0.424933
0.262177
0.409885
0.370829
0.345825
0.299576
0
0.337484
0.523471
0.70158
0.393247
0.25487
0.41179
0.358084
0.334031
0.397986
0.357924
0
0.65356
0.318753
0.507238
0.552183
0.355725
0.251726
0.31363
0.403727
0.326855
0
0.281247
0.259865
0.393187
0
0.29301
0.260596
0.266369
0.385428
0
0.321273
0.272394
0.277957
0.399137
0
0.318056
0.298243
0.260753
0.413447
0
0.273285
0.28862
0.346965
0.328544
0
0.53098
0
0.366251
0
0.561671
0.257458
0.329125
0.355262
0
0.291291
0.256266
0.453978
0.744047
0.273451
0
0.33711
0.435917
0.363349
0.251103
0
0
0
0.573806
0.79558
0.413279
0.265836
0.277333
0.577329
0.660997
0.352298
0.268028
0.96118
0.323772
0.468626
0.298421
0.325973
0.305117
0.253754
0
0.29674
0.686874
0.456714
0
0.57934
0.340815
0.95413
0.361836
0
0.360147
0
0
0.413229
0.354357
0.280405
0
0.395873
0
0.379012
0
0.564738
0.658455
0.387479
0.503702
0
0.27654
0.404445
0.371558
0.407144
0.270277
0.300283
0.378674
0.3195
0.759276
0.39436
0.534801
0.398243
0.399955
0.369415
0.434725
0.384486
0
0.600589
0.312585
0.398107
0.358312
0
0.361004
0
0.539728
0.265018
0.402699
0
0.387353
0
0.256492
0.368768
0.288703
0.310941
0.261855
0.338874
0
0
0.274664
0.410475
0.435213
0
0.260276
0.35125
0.419311
0.355842
0
0.26401
0.278297
0.363026
0.331883
0
0.348796
0.263885
0.422546
0.718997
0.267456
0
0.538692
0.27824
0.394672
0.254834
0.612941
0
0.312979
0.411472
0.35289
0.386884
0
0
0.371066
0.304699
0.602058
0
0.297398
0.366992
0.478734
0.427213
0.293475
0.532949
0
0.708213
0.318879
0
0.397327
0.549635
0.556794
0.358411
0.592616
0.971724
0.252992
0
0.255019
0.297652
0.383266
0.362237
0.264615
0.504502
0.256651
0.280906
0
0.319122
0.298967
0.616103
0
0
0.396513
0.283817
0.590666
0.406081
0.988343
0.331343
0
0.252586
0.388184
0.286501
0.306663
0.25674
0.320435
0
0
0.283491
0.416485
0.609177
0.388186
0.284189
0.35559
0.258265
0.271688
0.34967
0.276438
0.685824
0.396099
0.520227
0.404354
0
0
0.269886
0.391755
0.258585
0
0.281058
0.271011
0.384388
0.288741
0.397192
0
