1	1	0	1	0.351838
4	3	1	1	0.500999
6	4	1	3	0.35683
15	8	3	5	0.329497
20	11	5	0	0
1	1	0	1	0.301235
5	4	1	3	0.28804
15	8	3	5	0.267569
20	11	5	0	0.26563
1	1	0	1	0.334229
5	4	1	3	0.287695
13	7	3	2	0.335739
10	6	2	4	0.362373
17	9	4	3	0.274059
14	7	3	2	0.252472
10	6	2	4	0.375215
17	9	4	3	0.260955
14	7	3	2	0.291493
10	6	2	4	0.26581
17	9	4	3	0.282018
14	7	3	2	0.303203
9	5	2	2	0.504132
7	5	2	2	0.388592
11	6	2	4	0.372996
17	9	4	3	0
16	8	3	5	0.360077
20	11	5	0	0
2	2	0	2	0.580189
12	6	2	4	0.482455
18	10	4	5	0.389985
19	11	5	0	0
2	2	0	2	0.304209
12	6	2	4	0.409463
18	10	4	5	0.424435
19	11	5	0	0
1	1	0	1	0.311003
4	3	1	1	0.293939
3	3	1	1	0.701153
6	4	1	3	0.429905
15	8	3	5	0.263494
20	11	5	0	0
1	1	0	1	0.29218
4	3	1	1	0.486703
3	3	1	1	0.547114
6	4	1	3	0.364732
15	8	3	5	0.254856
20	11	5	0	0
2	2	0	2	0.320111
12	6	2	4	0.307066
18	10	4	5	0.617887
19	11	5	0	0
1	1	0	1	0.309249
5	4	1	3	0.322686
15	8	3	5	0.28687
20	11	5	0	0.316985
2	2	0	2	0.311155
12	6	2	4	0.261162
18	10	4	5	0.644576
19	11	5	0	0
1	1	0	1	0.326878
4	3	1	1	0
3	3	1	1	0.630305
6	4	1	3	0.464016
13	7	3	2	0.5482
9	5	2	2	0.515759
11	6	2	4	0
18	10	4	5	0.322538
19	11	5	0	0
1	1	0	1	0.305972
5	4	1	3	0.325071
13	7	3	2	0.338623
9	5	2	2	0.466692
7	5	2	2	0.526409
7	5	2	2	0.449216
7	5	2	2	0.328159
7	5	2	2	0.328869
7	5	2	2	0.331961
11	6	2	4	0.271485
18	10	4	5	0.34655
19	11	5	0	0
1	1	0	1	0
5	4	1	3	0.310668
15	8	3	5	0.28556
20	11	5	0	0.315357
1	1	0	1	0.319865
5	4	1	3	0.282686
15	8	3	5	0.272462
20	11	5	0	0.25268
2	2	0	2	0.348336
12	6	2	4	0.546279
17	9	4	3	0
16	8	3	5	0.32275
20	11	5	0	0
1	1	0	1	0
5	4	1	3	0.290295
15	8	3	5	0
20	11	5	0	0.263169
1	1	0	1	0.303432
5	4	1	3	0.288206
13	7	3	2	0.342512
9	5	2	2	0.417668
7	5	2	2	0.472862
7	5	2	2	0.368489
11	6	2	4	0.321821
17	9	4	3	0.270095
16	8	3	5	0.359374
20	11	5	0	0
1	1	0	1	0
4	3	1	1	0.413718
3	3	1	1	0.860619
3	3	1	1	0.444881
6	4	1	3	0.411616
13	7	3	2	0.304952
9	5	2	2	0.385625
7	5	2	2	0.694049
7	5	2	2	0.343739
7	5	2	2	0.287317
11	6	2	4	0.304602
18	10	4	5	0.393493
19	11	5	0	0
1	1	0	1	0
4	3	1	1	0.281756
3	3	1	1	0.596507
3	3	1	1	0.439814
3	3	1	1	0.378974
3	3	1	1	0.354855
3	3	1	1	0.343759
3	3	1	1	0.33381
6	4	1	3	0.44198
15	8	3	5	0
20	11	5	0	0
1	1	0	1	0
5	4	1	3	0.317826
15	8	3	5	0
20	11	5	0	0.283913
1	1	0	1	0.276455
5	4	1	3	0.319105
15	8	3	5	0
20	11	5	0	0.269443
1	1	0	1	0.268092
4	3	1	1	0.411361
3	3	1	1	0.442244
6	4	1	3	0.425582
13	7	3	2	0.606596
9	5	2	2	0.385979
11	6	2	4	0.285937
18	10	4	5	0.392035
19	11	5	0	0
2	2	0	2	0.695569
12	6	2	4	0.460642
17	9	4	3	0.522684
14	7	3	2	0.596016
9	5	2	2	0.358001
7	5	2	2	0.340401
11	6	2	4	0.397565
18	10	4	5	0.678756
19	11	5	0	0
1	1	0	1	0
4	3	1	1	0
6	4	1	3	0.48556
15	8	3	5	0.270782
20	11	5	0	0
2	2	0	2	0.66172
8	5	2	2	0
11	6	2	4	0.526174
18	10	4	5	0.348335
19	11	5	0	0
2	2	0	2	0.718915
12	6	2	4	0.423544
18	10	4	5	0.521712
19	11	5	0	0
1	1	0	1	0.251989
5	4	1	3	0.601674
15	8	3	5	0.269782
20	11	5	0	0.328276
1	1	0	1	0.296455
5	4	1	3	0.311344
15	8	3	5	0
20	11	5	0	0.26162
1	1	0	1	0.281466
5	4	1	3	0.308949
13	7	3	2	0.635867
10	6	2	4	0.378501
18	10	4	5	0
19	11	5	0	0
2	2	0	2	0.930697
8	5	2	2	0.379868
11	6	2	4	0.602453
18	10	4	5	0.322818
19	11	5	0	0
2	2	0	2	0.781244
12	6	2	4	0.388288
18	10	4	5	0.460389
19	11	5	0	0
2	2	0	2	0.406773
12	6	2	4	0.369751
18	10	4	5	0.433666
19	11	5	0	0
1	1	0	1	0.272276
4	3	1	1	0.263483
6	4	1	3	0.485586
15	8	3	5	0.273969
20	11	5	0	0
2	2	0	2	0.409598
8	5	2	2	0.262815
11	6	2	4	0
17	9	4	3	0.382509
14	7	3	2	0.394658
10	6	2	4	0.419902
18	10	4	5	0.265647
19	11	5	0	0
2	2	0	2	0.955574
12	6	2	4	0.371751
18	10	4	5	0.43276
19	11	5	0	0
1	1	0	1	0.289327
4	3	1	1	0.264501
6	4	1	3	0.478893
13	7	3	2	0.339573
10	6	2	4	0.356615
17	9	4	3	0.621619
16	8	3	5	0.270897
20	11	5	0	0
1	1	0	1	0
5	4	1	3	0.29906
13	7	3	2	0.60121
10	6	2	4	0.325682
17	9	4	3	0.602906
14	7	3	2	0.526966
9	5	2	2	0.526026
7	5	2	2	0.425154
7	5	2	2	0.425613
11	6	2	4	0
17	9	4	3	0.325094
14	7	3	2	0.410359
10	6	2	4	0.412042
18	10	4	5	0.274149
19	11	5	0	0
1	1	0	1	0
5	4	1	3	0.311842
15	8	3	5	0.306653
20	11	5	0	0.280404
2	2	0	2	0.385718
12	6	2	4	0
17	9	4	3	0
14	7	3	2	0.336548
10	6	2	4	0.385163
18	10	4	5	0
19	11	5	0	0
1	1	0	1	0
5	4	1	3	0.306711
13	7	3	2	0.34128
9	5	2	2	0.460931
7	5	2	2	0.503504
11	6	2	4	0.360201
18	10	4	5	0.395209
19	11	5	0	0
1	1	0	1	0
4	3	1	1	0.300821
3	3	1	1	0.630305
3	3	1	1	0.46112
6	4	1	3	0.399849
13	7	3	2	0.295195
10	6	2	4	0.414359
17	9	4	3	0.591218
14	7	3	2	0.278979
10	6	2	4	0.374408
18	10	4	5	0
19	11	5	0	0
1	1	0	1	0
5	4	1	3	0.304047
15	8	3	5	0.313564
20	11	5	0	0.284664
1	1	0	1	0.328726
5	4	1	3	0.266188
15	8	3	5	0.27958
20	11	5	0	0.261595
1	1	0	1	0.318523
5	4	1	3	0.267198
13	7	3	2	0.321911
9	5	2	2	0.440375
11	6	2	4	0
18	10	4	5	0.417418
19	11	5	0	0
2	2	0	2	0.439268
8	5	2	2	0.34343
7	5	2	2	0
11	6	2	4	0.299312
17	9	4	3	0.293175
16	8	3	5	0.375545
20	11	5	0	0
2	2	0	2	0.679802
8	5	2	2	0.441263
11	6	2	4	0.254134
17	9	4	3	0.373916
16	8	3	5	0.357025
20	11	5	0	0
2	2	0	2	0.662079
12	6	2	4	0.409554
18	10	4	5	0.313276
19	11	5	0	0
2	2	0	2	0.388872
12	6	2	4	0.35204
17	9	4	3	0.382815
16	8	3	5	0.513442
20	11	5	0	0
1	1	0	1	0
4	3	1	1	0.420376
6	4	1	3	0.63019
15	8	3	5	0.295747
20	11	5	0	0
2	2	0	2	0.375771
8	5	2	2	0.287296
11	6	2	4	0
18	10	4	5	0.290987
19	11	5	0	0
1	1	0	1	0.264817
5	4	1	3	0.318807
13	7	3	2	0.329009
10	6	2	4	0.349986
18	10	4	5	0
19	11	5	0	0
2	2	0	2	0.797415
8	5	2	2	0.442612
7	5	2	2	0.27595
7	5	2	2	0.363598
11	6	2	4	0
17	9	4	3	0.314502
14	7	3	2	0.383742
9	5	2	2	0.494241
11	6	2	4	0.27217
17	9	4	3	0.49194
16	8	3	5	0.367138
20	11	5	0	0
1	1	0	1	0
5	4	1	3	0.270716
13	7	3	2	0.556524
9	5	2	2	0.428327
11	6	2	4	0
17	9	4	3	0.376952
14	7	3	2	0.492627
9	5	2	2	0.439334
11	6	2	4	0.345465
18	10	4	5	0.384964
19	11	5	0	0
2	2	0	2	0.690909
12	6	2	4	0.37104
17	9	4	3	0.571437
16	8	3	5	0.511688
20	11	5	0	0
1	1	0	1	0
4	3	1	1	0.426151
3	3	1	1	0.85421
3	3	1	1	0.438411
6	4	1	3	0.38183
15	8	3	5	0.273192
20	11	5	0	0
2	2	0	2	0.360394
8	5	2	2	0.305146
11	6	2	4	0
18	10	4	5	0.305779
19	11	5	0	0
2	2	0	2	0.376002
12	6	2	4	0.37533
17	9	4	3	0.45555
16	8	3	5	0.484984
20	11	5	0	0
1	1	0	1	0
4	3	1	1	0.375924
3	3	1	1	0.786109
6	4	1	3	0.43472
13	7	3	2	0.547002
10	6	2	4	0.429428
18	10	4	5	0
19	11	5	0	0
1	1	0	1	0
5	4	1	3	0.297577
13	7	3	2	0.339723
10	6	2	4	0.356583
18	10	4	5	0
19	11	5	0	0
2	2	0	2	0.751133
12	6	2	4	0.344664
18	10	4	5	0.404328
19	11	5	0	0
2	2	0	2	0.355541
12	6	2	4	0.338568
17	9	4	3	0.466399
14	7	3	2	0.50285
9	5	2	2	0.499647
11	6	2	4	0.330988
17	9	4	3	0.485882
16	8	3	5	0.322556
20	11	5	0	0
2	2	0	2	0.575786
12	6	2	4	0.361478
18	10	4	5	0.285403
19	11	5	0	0
2	2	0	2	0.332613
8	5	2	2	0.389688
7	5	2	2	0.272115
7	5	2	2	0.423791
7	5	2	2	0.709952
11	6	2	4	0
18	10	4	5	0.549417
19	11	5	0	0
1	1	0	1	0.256348
5	4	1	3	0.285888
15	8	3	5	0.295515
20	11	5	0	0.329819
2	2	0	2	0.327215
8	5	2	2	0.553336
7	5	2	2	0.613788
11	6	2	4	0.289804
18	10	4	5	0.563231
19	11	5	0	0
1	1	0	1	0.278378
4	3	1	1	0.282455
6	4	1	3	0.398469
13	7	3	2	0.332722
10	6	2	4	0.359872
17	9	4	3	0.57677
16	8	3	5	0.289859
20	11	5	0	0
1	1	0	1	0
5	4	1	3	0.270428
15	8	3	5	0
20	11	5	0	0.28304
1	1	0	1	0.369208
5	4	1	3	0.268324
13	7	3	2	0.321077
9	5	2	2	0.488388
7	5	2	2	0.842719
7	5	2	2	0.443242
7	5	2	2	0.330496
11	6	2	4	0.267336
17	9	4	3	0.293619
16	8	3	5	0.402815
20	11	5	0	0
1	1	0	1	0
4	3	1	1	0.416889
6	4	1	3	0.618454
15	8	3	5	0.303971
20	11	5	0	0
1	1	0	1	0.298661
4	3	1	1	0.47911
3	3	1	1	0.519207
3	3	1	1	0.350247
3	3	1	1	0.371396
3	3	1	1	0.344873
3	3	1	1	0.334959
6	4	1	3	0.416907
15	8	3	5	0.251558
20	11	5	0	0
1	1	0	1	0.278626
5	4	1	3	0.297602
15	8	3	5	0
20	11	5	0	0.283773
2	2	0	2	0.354572
12	6	2	4	0.553959
18	10	4	5	0.620376
19	11	5	0	0
2	2	0	2	0.369188
12	6	2	4	0.398572
18	10	4	5	0.486012
19	11	5	0	0
1	1	0	1	0.300659
5	4	1	3	0.582384
15	8	3	5	0.276846
20	11	5	0	0.32742
1	1	0	1	0.35995
5	4	1	3	0.297319
15	8	3	5	0
20	11	5	0	0.261061
2	2	0	2	0.366219
12	6	2	4	0.252305
17	9	4	3	0
14	7	3	2	0.372224
9	5	2	2	0.47352
11	6	2	4	0.338577
18	10	4	5	0.401202
19	11	5	0	0
1	1	0	1	0
4	3	1	1	0.256412
3	3	1	1	0.513456
6	4	1	3	0.488162
13	7	3	2	0.575966
10	6	2	4	0.433411
18	10	4	5	0
19	11	5	0	0
2	2	0	2	0.769398
12	6	2	4	0.348228
18	10	4	5	0.396968
19	11	5	0	0
1	1	0	1	0.310978
5	4	1	3	0.324292
15	8	3	5	0.279249
20	11	5	0	0.32364
2	2	0	2	0.371264
8	5	2	2	0.553125
11	6	2	4	0
18	10	4	5	0.27736
19	11	5	0	0
1	1	0	1	0.271441
5	4	1	3	0.334452
15	8	3	5	0.269374
20	11	5	0	0.316958
1	1	0	1	0.376192
4	3	1	1	0.463625
6	4	1	3	0.401577
15	8	3	5	0.313878
20	11	5	0	0
2	2	0	2	0.391401
8	5	2	2	0.296526
11	6	2	4	0
17	9	4	3	0.374031
14	7	3	2	0.402947
9	5	2	2	0.503107
7	5	2	2	0.434707
11	6	2	4	0.333189
17	9	4	3	0
14	7	3	2	0.373254
9	5	2	2	0.47647
11	6	2	4	0.316811
18	10	4	5	0.362597
19	11	5	0	0
2	2	0	2	0.695302
8	5	2	2	0.414648
7	5	2	2	0.271138
7	5	2	2	0.364961
7	5	2	2	0.617522
11	6	2	4	0.271226
18	10	4	5	0.318179
19	11	5	0	0
1	1	0	1	0
5	4	1	3	0.314322
15	8	3	5	0.272743
20	11	5	0	0.309912
2	2	0	2	0.366829
12	6	2	4	0.254825
18	10	4	5	0.5674
19	11	5	0	0
1	1	0	1	0.303529
4	3	1	1	0.253393
6	4	1	3	0.48313
15	8	3	5	0.268544
20	11	5	0	0
2	2	0	2	0.380842
12	6	2	4	0.275323
18	10	4	5	0.27386
19	11	5	0	0
1	1	0	1	0.302573
5	4	1	3	0.322071
15	8	3	5	0.274015
20	11	5	0	0.29621
1	1	0	1	0.359768
5	4	1	3	0.293798
15	8	3	5	0
20	11	5	0	0
1	1	0	1	0.337182
5	4	1	3	0.293836
15	8	3	5	0
20	11	5	0	0
1	1	0	1	0.329848
4	3	1	1	0.47341
6	4	1	3	0.410227
15	8	3	5	0.311086
20	11	5	0	0
2	2	0	2	0.411549
8	5	2	2	0.274591
11	6	2	4	0
17	9	4	3	0.393078
14	7	3	2	0.398125
9	5	2	2	0.46588
11	6	2	4	0.316348
18	10	4	5	0.313836
19	11	5	0	0
1	1	0	1	0
4	3	1	1	0.264646
6	4	1	3	0.45339
13	7	3	2	0.351851
9	5	2	2	0.503045
7	5	2	2	0.506329
7	5	2	2	0.434246
7	5	2	2	0.318754
7	5	2	2	0.315603
11	6	2	4	0.280563
17	9	4	3	0.308226
14	7	3	2	0.408231
10	6	2	4	0.489157
18	10	4	5	0.258947
19	11	5	0	0
2	2	0	2	0.985644
8	5	2	2	0.453946
7	5	2	2	0
7	5	2	2	0.309908
7	5	2	2	0.313224
11	6	2	4	0.294318
17	9	4	3	0.297294
16	8	3	5	0.400065
20	11	5	0	0
2	2	0	2	0.678371
8	5	2	2	0.425808
7	5	2	2	0.289219
11	6	2	4	0.370591
18	10	4	5	0.36886
19	11	5	0	0
1	1	0	1	0
4	3	1	1	0.283434
6	4	1	3	0.450275
13	7	3	2	0.345813
9	5	2	2	0.44041
11	6	2	4	0.313539
17	9	4	3	0.331151
16	8	3	5	0.465691
20	11	5	0	0
1	1	0	1	0
4	3	1	1	0.395724
6	4	1	3	0.659253
13	7	3	2	0.347541
10	6	2	4	0.465242
18	10	4	5	0
19	11	5	0	0
1	1	0	1	0
4	3	1	1	0.265218
6	4	1	3	0.418206
15	8	3	5	0.289177
20	11	5	0	0
1	1	0	1	0.26403
4	3	1	1	0.458188
3	3	1	1	0.509631
3	3	1	1	0.343793
6	4	1	3	0.442513
15	8	3	5	0
20	11	5	0	0
2	2	0	2	0.66758
8	5	2	2	0.262846
11	6	2	4	0.268327
17	9	4	3	0.387617
14	7	3	2	0.392514
9	5	2	2	0.416023
7	5	2	2	0.354578
11	6	2	4	0.407226
17	9	4	3	0.254679
16	8	3	5	0.302351
20	11	5	0	0
2	2	0	2	0.673808
12	6	2	4	0.492608
17	9	4	3	0.572313
16	8	3	5	0.454803
20	11	5	0	0
2	2	0	2	0.655516
8	5	2	2	0.403039
7	5	2	2	0.304838
7	5	2	2	0.313327
11	6	2	4	0.287472
17	9	4	3	0.298228
16	8	3	5	0.358102
20	11	5	0	0
2	2	0	2	0.64058
12	6	2	4	0.519942
18	10	4	5	0.386423
19	11	5	0	0
1	1	0	1	0.251965
5	4	1	3	0.340181
15	8	3	5	0
20	11	5	0	0.279032
1	1	0	1	0.318386
4	3	1	1	0.435263
3	3	1	1	0.473056
3	3	1	1	0.324913
3	3	1	1	0.344268
6	4	1	3	0.476383
15	8	3	5	0
20	11	5	0	0
2	2	0	2	0.368361
12	6	2	4	0.343859
18	10	4	5	0.583796
19	11	5	0	0
2	2	0	2	0.361715
12	6	2	4	0.435433
17	9	4	3	0.488182
14	7	3	2	0.634926
10	6	2	4	0.479422
18	10	4	5	0
19	11	5	0	0
1	1	0	1	0
5	4	1	3	0.642996
13	7	3	2	0.385059
9	5	2	2	0.420853
11	6	2	4	0.287673
18	10	4	5	0.502118
19	11	5	0	0
2	2	0	2	0.374225
8	5	2	2	0.342511
11	6	2	4	0.645762
18	10	4	5	0.395463
19	11	5	0	0
1	1	0	1	0
4	3	1	1	0
3	3	1	1	0.51934
3	3	1	1	0.379442
6	4	1	3	0.474276
15	8	3	5	0
20	11	5	0	0
2	2	0	2	0.365761
8	5	2	2	0.29674
11	6	2	4	0
17	9	4	3	0.342216
16	8	3	5	0.302049
20	11	5	0	0
2	2	0	2	0.611019
12	6	2	4	0.435376
18	10	4	5	0.321729
19	11	5	0	0
1	1	0	1	0.2826
4	3	1	1	0.266092
3	3	1	1	0.387921
3	3	1	1	0.350725
3	3	1	1	0.308461
6	4	1	3	0.489963
13	7	3	2	0.643477
9	5	2	2	0.43262
11	6	2	4	0
18	10	4	5	0.301618
19	11	5	0	0
2	2	0	2	0.365267
8	5	2	2	0.361118
11	6	2	4	0.610443
17	9	4	3	0.757414
16	8	3	5	0.308966
20	11	5	0	0
2	2	0	2	0.600832
12	6	2	4	0.415648
18	10	4	5	0.310628
19	11	5	0	0
1	1	0	1	0.293904
4	3	1	1	0.257938
3	3	1	1	0.373403
6	4	1	3	0.553
13	7	3	2	0.649954
10	6	2	4	0.435421
17	9	4	3	0.569249
14	7	3	2	0.603299
10	6	2	4	0.408739
17	9	4	3	0.309062
16	8	3	5	0.331275
20	11	5	0	0
1	1	0	1	0
4	3	1	1	0.345226
6	4	1	3	0.645193
13	7	3	2	0.383188
10	6	2	4	0.400354
17	9	4	3	0.570764
14	7	3	2	0.567558
9	5	2	2	0.523829
7	5	2	2	0.456384
11	6	2	4	0.355568
18	10	4	5	0.635802
19	11	5	0	0
1	1	0	1	0.296078
5	4	1	3	0.619341
13	7	3	2	0.36547
10	6	2	4	0.379639
18	10	4	5	0
19	11	5	0	0
1	1	0	1	0
5	4	1	3	0.346757
15	8	3	5	0.27223
20	11	5	0	0.305148
1	1	0	1	0.368176
5	4	1	3	0.30682
13	7	3	2	0.638344
9	5	2	2	0.446171
11	6	2	4	0
18	10	4	5	0.423549
19	11	5	0	0
1	1	0	1	0.304253
4	3	1	1	0
6	4	1	3	0.468422
13	7	3	2	0.332653
10	6	2	4	0.395431
18	10	4	5	0
19	11	5	0	0
1	1	0	1	0
4	3	1	1	0.263586
6	4	1	3	0.414199
15	8	3	5	0.288369
20	11	5	0	0
2	2	0	2	0.388271
12	6	2	4	0.265377
17	9	4	3	0.261393
16	8	3	5	0.3044
20	11	5	0	0
2	2	0	2	0.628407
8	5	2	2	0.500853
11	6	2	4	0.250528
17	9	4	3	0.352888
14	7	3	2	0.373215
9	5	2	2	0.484614
7	5	2	2	0.438284
7	5	2	2	0.440304
7	5	2	2	0.356073
7	5	2	2	0.352527
11	6	2	4	0.270332
17	9	4	3	0.279654
14	7	3	2	0.418911
10	6	2	4	0.481484
18	10	4	5	0.283647
19	11	5	0	0
1	1	0	1	0
5	4	1	3	0.32773
15	8	3	5	0.296665
20	11	5	0	0.286225
1	1	0	1	0.328508
4	3	1	1	0.474637
6	4	1	3	0.374134
15	8	3	5	0.321492
20	11	5	0	0
1	1	0	1	0.285499
4	3	1	1	0.451093
3	3	1	1	0.491436
6	4	1	3	0.391912
13	7	3	2	0.572804
9	5	2	2	0.443897
7	5	2	2	0.492286
7	5	2	2	0.377515
11	6	2	4	0.321829
18	10	4	5	0.334136
19	11	5	0	0
2	2	0	2	0.686306
12	6	2	4	0.391971
17	9	4	3	0.581587
14	7	3	2	0.553914
10	6	2	4	0.42357
17	9	4	3	0.604418
16	8	3	5	0.406703
20	11	5	0	0
1	1	0	1	0
5	4	1	3	0.304543
15	8	3	5	0
20	11	5	0	0.295494
2	2	0	2	0.359024
8	5	2	2	0
11	6	2	4	0
18	10	4	5	0.32055
19	11	5	0	0
1	1	0	1	0
4	3	1	1	0.280844
3	3	1	1	0.577592
3	3	1	1	0.408461
6	4	1	3	0.435722
15	8	3	5	0
20	11	5	0	0
1	1	0	1	0.269614
4	3	1	1	0.418667
6	4	1	3	0.399975
15	8	3	5	0.310474
20	11	5	0	0
2	2	0	2	0.377866
12	6	2	4	0.29903
17	9	4	3	0.25315
16	8	3	5	0.281966
20	11	5	0	0
1	1	0	1	0
5	4	1	3	0.321333
13	7	3	2	0.647513
9	5	2	2	0.394894
11	6	2	4	0
17	9	4	3	0.381293
14	7	3	2	0.594624
9	5	2	2	0.419163
11	6	2	4	0.3637
18	10	4	5	0.406835
19	11	5	0	0
2	2	0	2	0.707706
8	5	2	2	0.390942
7	5	2	2	0.259269
7	5	2	2	0.342264
11	6	2	4	0.266481
17	9	4	3	0.298743
16	8	3	5	0.37712
20	11	5	0	0
1	1	0	1	0
4	3	1	1	0.356106
6	4	1	3	0.666583
15	8	3	5	0.28207
20	11	5	0	0
1	1	0	1	0.283133
4	3	1	1	0.409889
6	4	1	3	0.390266
15	8	3	5	0.313955
20	11	5	0	0
2	2	0	2	0.366218
8	5	2	2	0.264771
11	6	2	4	0.269623
18	10	4	5	0.35008
19	11	5	0	0
1	1	0	1	0
4	3	1	1	0.250777
6	4	1	3	0.457985
13	7	3	2	0.364778
10	6	2	4	0.468768
17	9	4	3	0.564239
14	7	3	2	0.304013
10	6	2	4	0.421513
18	10	4	5	0.266537
19	11	5	0	0
1	1	0	1	0
5	4	1	3	0.605805
13	7	3	2	0.370296
9	5	2	2	0.419702
7	5	2	2	0.492286
11	6	2	4	0.430519
17	9	4	3	0.259949
16	8	3	5	0.258135
20	11	5	0	0
1	1	0	1	0
5	4	1	3	0.298785
13	7	3	2	0.606089
9	5	2	2	0.380029
11	6	2	4	0
17	9	4	3	0.382926
16	8	3	5	0.496118
20	11	5	0	0
2	2	0	2	0.679046
8	5	2	2	0.452329
7	5	2	2	0.325113
7	5	2	2	0.328808
11	6	2	4	0.285098
17	9	4	3	0.29753
14	7	3	2	0.41477
9	5	2	2	0.427412
11	6	2	4	0.336805
18	10	4	5	0.386737
19	11	5	0	0
2	2	0	2	0.708664
8	5	2	2	0.353967
11	6	2	4	0.621576
18	10	4	5	0.363493
19	11	5	0	0
1	1	0	1	0
5	4	1	3	0.318062
13	7	3	2	0.342927
10	6	2	4	0.43894
18	10	4	5	0
19	11	5	0	0
2	2	0	2	0.802162
8	5	2	2	0.388129
11	6	2	4	0.347103
18	10	4	5	0.339783
19	11	5	0	0
1	1	0	1	0
5	4	1	3	0.301088
13	7	3	2	0.332108
9	5	2	2	0.407744
11	6	2	4	0.276652
18	10	4	5	0.472525
19	11	5	0	0
2	2	0	2	0.385127
8	5	2	2	0.325747
11	6	2	4	0.640844
18	10	4	5	0.402873
19	11	5	0	0
1	1	0	1	0
4	3	1	1	0.287955
3	3	1	1	0.618432
3	3	1	1	0.454482
6	4	1	3	0.386705
15	8	3	5	0.270742
20	11	5	0	0
1	1	0	1	0.269379
5	4	1	3	0.27781
15	8	3	5	0
20	11	5	0	0.273346
1	1	0	1	0.316171
5	4	1	3	0.279366
15	8	3	5	0
20	11	5	0	0.26267
2	2	0	2	0.377845
12	6	2	4	0.521182
18	10	4	5	0.57863
19	11	5	0	0
1	1	0	1	0.284972
5	4	1	3	0.555201
13	7	3	2	0.349629
10	6	2	4	0.389749
17	9	4	3	0.58528
14	7	3	2	0.257286
10	6	2	4	0.428808
17	9	4	3	0.296073
14	7	3	2	0.286382
9	5	2	2	0.518452
7	5	2	2	0.403564
7	5	2	2	0.408848
11	6	2	4	0.267844
18	10	4	5	0.31514
19	11	5	0	0
1	1	0	1	0
4	3	1	1	0.280429
6	4	1	3	0.398621
15	8	3	5	0.302283
20	11	5	0	0
2	2	0	2	0.396384
8	5	2	2	0.25668
7	5	2	2	0.541559
11	6	2	4	0.335448
18	10	4	5	0.346689
19	11	5	0	0
1	1	0	1	0
5	4	1	3	0.291465
13	7	3	2	0.330763
10	6	2	4	0.400477
17	9	4	3	0.578543
14	7	3	2	0
10	6	2	4	0.439522
18	10	4	5	0.253568
19	11	5	0	0
1	1	0	1	0
4	3	1	1	0.286435
6	4	1	3	0.361046
15	8	3	5	0.312736
20	11	5	0	0
1	1	0	1	0.275313
4	3	1	1	0.508162
6	4	1	3	0.33133
13	7	3	2	0.359752
10	6	2	4	0.406206
17	9	4	3	0.618904
14	7	3	2	0.257899
10	6	2	4	0.377959
18	10	4	5	0
19	11	5	0	0
1	1	0	1	0
4	3	1	1	0.285215
6	4	1	3	0.354545
15	8	3	5	0.314215
20	11	5	0	0
2	2	0	2	0.414396
8	5	2	2	0.262589
7	5	2	2	0.553342
11	6	2	4	0.324852
17	9	4	3	0.288031
14	7	3	2	0.315296
10	6	2	4	0.472609
18	10	4	5	0.262795
19	11	5	0	0
1	1	0	1	0
4	3	1	1	0.282608
3	3	1	1	0.636396
6	4	1	3	0.397802
13	7	3	2	0.255327
10	6	2	4	0.455406
17	9	4	3	0.60039
14	7	3	2	0.274712
10	6	2	4	0.414149
18	10	4	5	0
19	11	5	0	0
1	1	0	1	0
5	4	1	3	0.287201
13	7	3	2	0.332963
10	6	2	4	0.378767
18	10	4	5	0
19	11	5	0	0
1	1	0	1	0
5	4	1	3	0.269658
13	7	3	2	0.314092
9	5	2	2	0.452584
7	5	2	2	0.503891
11	6	2	4	0.370679
17	9	4	3	0.292128
16	8	3	5	0.364952
20	11	5	0	0
1	1	0	1	0
5	4	1	3	0
13	7	3	2	0.504552
10	6	2	4	0.367381
18	10	4	5	0
19	11	5	0	0
2	2	0	2	0.909187
12	6	2	4	0.376751
17	9	4	3	0.722923
16	8	3	5	0.591801
20	11	5	0	0
2	2	0	2	0.685265
8	5	2	2	0.438239
11	6	2	4	0.255808
18	10	4	5	0.295594
19	11	5	0	0
1	1	0	1	0
4	3	1	1	0.322005
3	3	1	1	0.677702
6	4	1	3	0.379121
15	8	3	5	0.5292
20	11	5	0	0
1	1	0	1	0.269203
5	4	1	3	0.251965
15	8	3	5	0.281034
20	11	5	0	0.265393
2	2	0	2	0.397898
12	6	2	4	0.528681
17	9	4	3	0.253373
16	8	3	5	0.356027
20	11	5	0	0
1	1	0	1	0
4	3	1	1	0.428266
3	3	1	1	0.859463
6	4	1	3	0.393997
13	7	3	2	0.262298
10	6	2	4	0.435461
18	10	4	5	0
19	11	5	0	0
1	1	0	1	0
4	3	1	1	0.283859
3	3	1	1	0.602569
6	4	1	3	0.400271
13	7	3	2	0.258375
9	5	2	2	0.514591
7	5	2	2	0.820359
11	6	2	4	0.370321
18	10	4	5	0.376205
19	11	5	0	0
2	2	0	2	0.777707
8	5	2	2	0.379799
7	5	2	2	0.265936
11	6	2	4	0.309762
18	10	4	5	0.314594
19	11	5	0	0
1	1	0	1	0
5	4	1	3	0.288608
15	8	3	5	0.293818
20	11	5	0	0.317103
2	2	0	2	0.412224
8	5	2	2	0.505313
11	6	2	4	0
17	9	4	3	0.410316
16	8	3	5	0.405169
20	11	5	0	0
2	2	0	2	0.676245
8	5	2	2	0.469029
11	6	2	4	0.259635
17	9	4	3	0.382524
16	8	3	5	0.342394
20	11	5	0	0
1	1	0	1	0
5	4	1	3	0.282296
13	7	3	2	0.564484
10	6	2	4	0.365015
17	9	4	3	0.597343
14	7	3	2	0.256056
10	6	2	4	0.41317
17	9	4	3	0.293141
16	8	3	5	0.433006
20	11	5	0	0
2	2	0	2	0.648572
8	5	2	2	0.562825
11	6	2	4	0.270579
18	10	4	5	0.313415
19	11	5	0	0
2	2	0	2	0.6977
12	6	2	4	0.387651
17	9	4	3	0.49232
16	8	3	5	0.541668
20	11	5	0	0
2	2	0	2	0.613454
12	6	2	4	0.416576
17	9	4	3	0.544518
16	8	3	5	0.539315
20	11	5	0	0
2	2	0	2	0.60066
8	5	2	2	0.486
11	6	2	4	0.254998
17	9	4	3	0.316759
14	7	3	2	0.34271
10	6	2	4	0.4454
18	10	4	5	0.294805
19	11	5	0	0
1	1	0	1	0
4	3	1	1	0.275802
6	4	1	3	0.399054
13	7	3	2	0.319687
10	6	2	4	0.385522
18	10	4	5	0
19	11	5	0	0
2	2	0	2	0.738898
8	5	2	2	0.474432
11	6	2	4	0.298202
17	9	4	3	0.505588
16	8	3	5	0.365943
20	11	5	0	0
1	1	0	1	0
5	4	1	3	0.283468
15	8	3	5	0
20	11	5	0	0.270046
1	1	0	1	0.367363
4	3	1	1	0.502149
3	3	1	1	0.556988
6	4	1	3	0.360738
15	8	3	5	0.255847
20	11	5	0	0
1	1	0	1	0.313747
4	3	1	1	0.462591
3	3	1	1	0.523366
3	3	1	1	0.355846
6	4	1	3	0.41916
15	8	3	5	0.251189
20	11	5	0	0
2	2	0	2	0.357289
12	6	2	4	0.297499
17	9	4	3	0
16	8	3	5	0.291366
20	11	5	0	0
2	2	0	2	0.581664
8	5	2	2	0.517795
7	5	2	2	0.411466
11	6	2	4	0.322178
18	10	4	5	0.60331
19	11	5	0	0
2	2	0	2	0.359436
8	5	2	2	0.377881
11	6	2	4	0.32788
18	10	4	5	0.378461
19	11	5	0	0
1	1	0	1	0.26196
5	4	1	3	0.339575
13	7	3	2	0.341789
9	5	2	2	0.54095
11	6	2	4	0.25326
17	9	4	3	0.356293
14	7	3	2	0.560386
10	6	2	4	0.367559
18	10	4	5	0.257647
19	11	5	0	0
1	1	0	1	0
5	4	1	3	0.328754
13	7	3	2	0.34957
9	5	2	2	0.526287
11	6	2	4	0.256143
18	10	4	5	0.475371
19	11	5	0	0
2	2	0	2	0.363307
8	5	2	2	0.370231
7	5	2	2	0.257523
11	6	2	4	0.305765
17	9	4	3	0
14	7	3	2	0.338163
10	6	2	4	0.428349
18	10	4	5	0.289264
19	11	5	0	0
1	1	0	1	0
5	4	1	3	0.308979
15	8	3	5	0.306252
20	11	5	0	0.268385
2	2	0	2	0.34379
8	5	2	2	0.532005
7	5	2	2	0.614434
11	6	2	4	0.306146
18	10	4	5	0.319469
19	11	5	0	0
2	2	0	2	0.372576
12	6	2	4	0.370366
18	10	4	5	0.429131
19	11	5	0	0
1	1	0	1	0.320923
4	3	1	1	0.28516
6	4	1	3	0.430914
15	8	3	5	0.291055
20	11	5	0	0
1	1	0	1	0.325358
4	3	1	1	0.480323
3	3	1	1	0.531007
3	3	1	1	0.361371
3	3	1	1	0.383114
3	3	1	1	0.356005
6	4	1	3	0.40589
13	7	3	2	0.567923
9	5	2	2	0.504139
7	5	2	2	0.900876
7	5	2	2	0.465476
7	5	2	2	0.374709
7	5	2	2	0.358592
7	5	2	2	0.359513
7	5	2	2	0.354665
11	6	2	4	0.273956
17	9	4	3	0.276505
16	8	3	5	0.377884
20	11	5	0	0
2	2	0	2	0.636144
8	5	2	2	0.430083
11	6	2	4	0.277335
17	9	4	3	0.334882
14	7	3	2	0.363686
10	6	2	4	0.480464
17	9	4	3	0.286406
14	7	3	2	0.319917
10	6	2	4	0.270666
17	9	4	3	0.54455
16	8	3	5	0.44367
20	11	5	0	0
1	1	0	1	0
4	3	1	1	0.379546
6	4	1	3	0.636747
13	7	3	2	0.338519
9	5	2	2	0.974402
7	5	2	2	0.50726
11	6	2	4	0.419432
17	9	4	3	0
14	7	3	2	0.307868
10	6	2	4	0.481161
18	10	4	5	0.280289
19	11	5	0	0
1	1	0	1	0
5	4	1	3	0.328117
15	8	3	5	0.297725
20	11	5	0	0.284615
2	2	0	2	0.337481
8	5	2	2	0
7	5	2	2	0.280006
7	5	2	2	0.321071
7	5	2	2	0.327507
7	5	2	2	0.323501
11	6	2	4	0.29424
17	9	4	3	0.282805
14	7	3	2	0.397412
10	6	2	4	0.495258
18	10	4	5	0.298641
19	11	5	0	0
1	1	0	1	0
4	3	1	1	0.267172
6	4	1	3	0.407866
15	8	3	5	0.290546
20	11	5	0	0
2	2	0	2	0.343024
12	6	2	4	0.603136
18	10	4	5	0.59394
19	11	5	0	0
2	2	0	2	0.343309
12	6	2	4	0.433584
17	9	4	3	0.473688
14	7	3	2	0.547222
9	5	2	2	0.437372
11	6	2	4	0.414772
18	10	4	5	0.550933
19	11	5	0	0
2	2	0	2	0.667947
12	6	2	4	0.395663
17	9	4	3	0.550358
14	7	3	2	0.518972
10	6	2	4	0.390343
17	9	4	3	0.567601
16	8	3	5	0.436571
20	11	5	0	0
2	2	0	2	0.578084
12	6	2	4	0.450327
18	10	4	5	0.330332
19	11	5	0	0
2	2	0	2	0.307267
8	5	2	2	0.308926
11	6	2	4	0.595742
18	10	4	5	0.372741
19	11	5	0	0
2	2	0	2	0.590729
12	6	2	4	0.374455
17	9	4	3	0.393989
14	7	3	2	0.53865
9	5	2	2	0.495795
7	5	2	2	0.468052
7	5	2	2	0.450559
7	5	2	2	0.614513
11	6	2	4	0.285675
18	10	4	5	0.590345
19	11	5	0	0
1	1	0	1	0
4	3	1	1	0.286541
3	3	1	1	0.593984
6	4	1	3	0.429454
13	7	3	2	0.527314
10	6	2	4	0.43288
18	10	4	5	0
19	11	5	0	0
1	1	0	1	0
5	4	1	3	0.307319
15	8	3	5	0.295676
20	11	5	0	0.301472
2	2	0	2	0.302809
8	5	2	2	0.254567
11	6	2	4	0
17	9	4	3	0.303177
16	8	3	5	0.385779
20	11	5	0	0
1	1	0	1	0
4	3	1	1	0.40249
3	3	1	1	0.843795
6	4	1	3	0.426735
15	8	3	5	0
20	11	5	0	0
2	2	0	2	0.311244
8	5	2	2	0.283191
11	6	2	4	0
17	9	4	3	0.293681
14	7	3	2	0.359866
10	6	2	4	0.437461
17	9	4	3	0.29477
14	7	3	2	0.291543
10	6	2	4	0.256329
17	9	4	3	0.295171
14	7	3	2	0.313069
10	6	2	4	0.27757
17	9	4	3	0.286984
16	8	3	5	0.445119
20	11	5	0	0
1	1	0	1	0.250521
5	4	1	3	0.278861
13	7	3	2	0.571903
10	6	2	4	0.372266
18	10	4	5	0.262539
19	11	5	0	0
1	1	0	1	0
4	3	1	1	0.277862
6	4	1	3	0.367273
13	7	3	2	0.329016
9	5	2	2	0.594763
11	6	2	4	0.28448
17	9	4	3	0.26235
14	7	3	2	0.436863
10	6	2	4	0.368356
18	10	4	5	0.279258
19	11	5	0	0
2	2	0	2	0.780804
8	5	2	2	0.488771
11	6	2	4	0.313557
17	9	4	3	0.361496
16	8	3	5	0.356183
20	11	5	0	0
1	1	0	1	0
4	3	1	1	0.4027
3	3	1	1	0.838481
3	3	1	1	0.41814
6	4	1	3	0.367642
13	7	3	2	0.303493
10	6	2	4	0.447364
17	9	4	3	0.258361
16	8	3	5	0.293958
20	11	5	0	0
1	1	0	1	0
5	4	1	3	0.273681
13	7	3	2	0.563689
9	5	2	2	0.49398
11	6	2	4	0
17	9	4	3	0.311844
16	8	3	5	0.502429
20	11	5	0	0
1	1	0	1	0
5	4	1	3	0.267226
13	7	3	2	0.553387
9	5	2	2	0.48238
11	6	2	4	0
17	9	4	3	0.310642
14	7	3	2	0.463103
10	6	2	4	0.375918
17	9	4	3	0.295291
14	7	3	2	0.267897
10	6	2	4	0.268202
18	10	4	5	0.287844
19	11	5	0	0
1	1	0	1	0
4	3	1	1	0.272357
6	4	1	3	0.341167
15	8	3	5	0.321546
20	11	5	0	0
1	1	0	1	0.319229
5	4	1	3	0.254242
15	8	3	5	0.27269
20	11	5	0	0.289172
1	1	0	1	0.353518
4	3	1	1	0.485815
6	4	1	3	0.318543
13	7	3	2	0.358369
9	5	2	2	0.579566
7	5	2	2	0.545988
11	6	2	4	0.422938
18	10	4	5	0.778878
19	11	5	0	0
1	1	0	1	0
4	3	1	1	0.281415
3	3	1	1	0.597253
3	3	1	1	0.437348
6	4	1	3	0.365284
13	7	3	2	0.299643
9	5	2	2	0.47457
11	6	2	4	0
17	9	4	3	0.275296
16	8	3	5	0.465094
20	11	5	0	0
2	2	0	2	0.63127
12	6	2	4	0.488936
18	10	4	5	0.388599
19	11	5	0	0
2	2	0	2	0.32476
8	5	2	2	0.304275
7	5	2	2	0
7	5	2	2	0.359515
7	5	2	2	0.361531
11	6	2	4	0.295511
18	10	4	5	0.628944
19	11	5	0	0
2	2	0	2	0.639549
12	6	2	4	0.428366
17	9	4	3	0.4105
16	8	3	5	0.501096
20	11	5	0	0
2	2	0	2	0.580185
8	5	2	2	0.427512
7	5	2	2	0.350095
11	6	2	4	0.347157
17	9	4	3	0
16	8	3	5	0.313751
20	11	5	0	0
1	1	0	1	0
5	4	1	3	0.281745
13	7	3	2	0.56756
10	6	2	4	0.392059
18	10	4	5	0.257409
19	11	5	0	0
2	2	0	2	0.701022
8	5	2	2	0.390341
11	6	2	4	0.336285
18	10	4	5	0.340818
19	11	5	0	0
1	1	0	1	0
4	3	1	1	0.271498
6	4	1	3	0.375563
15	8	3	5	0.306138
20	11	5	0	0
1	1	0	1	0.308564
5	4	1	3	0.278095
15	8	3	5	0.261923
20	11	5	0	0.282122
1	1	0	1	0.342918
4	3	1	1	0.459697
6	4	1	3	0.344423
15	8	3	5	0.333893
20	11	5	0	0
1	1	0	1	0.296978
5	4	1	3	0.283683
13	7	3	2	0.328591
10	6	2	4	0.369067
18	10	4	5	0
19	11	5	0	0
1	1	0	1	0
4	3	1	1	0.25645
6	4	1	3	0.36224
13	7	3	2	0.330577
10	6	2	4	0.411053
17	9	4	3	0.553276
16	8	3	5	0.296891
20	11	5	0	0
2	2	0	2	0.59875
8	5	2	2	0.397169
7	5	2	2	0.343793
7	5	2	2	0.351236
7	5	2	2	0.350388
11	6	2	4	0.297484
18	10	4	5	0.369669
19	11	5	0	0
2	2	0	2	0.668062
8	5	2	2	0.300866
7	5	2	2	0
7	5	2	2	0.329859
7	5	2	2	0.330684
11	6	2	4	0.305488
17	9	4	3	0.255839
14	7	3	2	0.366255
9	5	2	2	0.47727
11	6	2	4	0.324977
17	9	4	3	0.424931
16	8	3	5	0.327503
20	11	5	0	0
1	1	0	1	0
4	3	1	1	0.376803
3	3	1	1	0.831759
3	3	1	1	0.406376
3	3	1	1	0.353268
3	3	1	1	0.339362
6	4	1	3	0.385136
15	8	3	5	0.257942
20	11	5	0	0
2	2	0	2	0.336306
8	5	2	2	0.250223
11	6	2	4	0.282138
18	10	4	5	0.365998
19	11	5	0	0
1	1	0	1	0
5	4	1	3	0.343979
15	8	3	5	0.272743
20	11	5	0	0.345798
1	1	0	1	0.322646
5	4	1	3	0.298149
13	7	3	2	0.608811
10	6	2	4	0.397415
18	10	4	5	0
19	11	5	0	0
2	2	0	2	0.805195
12	6	2	4	0.453287
18	10	4	5	0.54107
19	11	5	0	0
1	1	0	1	0.27291
4	3	1	1	0.25365
6	4	1	3	0.4343
15	8	3	5	0.287364
20	11	5	0	0
2	2	0	2	0.349802
8	5	2	2	0
11	6	2	4	0.258438
18	10	4	5	0.329455
19	11	5	0	0
2	2	0	2	0.626841
8	5	2	2	0.30602
7	5	2	2	0
7	5	2	2	0.338333
7	5	2	2	0.33655
11	6	2	4	0.298778
17	9	4	3	0.261344
16	8	3	5	0.339973
20	11	5	0	0
1	1	0	1	0
5	4	1	3	0.300192
15	8	3	5	0
20	11	5	0	0.289017
1	1	0	1	0.303918
4	3	1	1	0.419169
6	4	1	3	0.368987
15	8	3	5	0.319204
20	11	5	0	0
1	1	0	1	0.275516
5	4	1	3	0.302414
15	8	3	5	0
20	11	5	0	0.2681
2	2	0	2	0.345965
12	6	2	4	0.620823
17	9	4	3	0
14	7	3	2	0.376822
9	5	2	2	0.47659
7	5	2	2	0.400099
11	6	2	4	0.404604
17	9	4	3	0
14	7	3	2	0.370506
10	6	2	4	0.481769
17	9	4	3	0.267716
16	8	3	5	0.360221
20	11	5	0	0
1	1	0	1	0
5	4	1	3	0.302508
15	8	3	5	0
20	11	5	0	0.28066
1	1	0	1	0.307583
5	4	1	3	0.294904
13	7	3	2	0.608346
9	5	2	2	0.957415
11	6	2	4	0.274344
18	10	4	5	0.553806
19	11	5	0	0
2	2	0	2	0.368825
12	6	2	4	0.467125
18	10	4	5	0.559424
19	11	5	0	0
2	2	0	2	0.352536
8	5	2	2	0.295762
11	6	2	4	0.652571
17	9	4	3	0.723609
14	7	3	2	0.36771
9	5	2	2	0.478337
11	6	2	4	0.358503
17	9	4	3	0.46422
14	7	3	2	0.33651
9	5	2	2	0.466988
7	5	2	2	0.407631
11	6	2	4	0.37927
18	10	4	5	0.694672
19	11	5	0	0
1	1	0	1	0.25863
5	4	1	3	0.305692
15	8	3	5	0.293366
20	11	5	0	0.314861
1	1	0	1	0.317142
5	4	1	3	0.276719
13	7	3	2	0.331562
10	6	2	4	0.377021
17	9	4	3	0.534416
14	7	3	2	0
10	6	2	4	0.387983
18	10	4	5	0.294315
19	11	5	0	0
1	1	0	1	0
4	3	1	1	0.278195
6	4	1	3	0.370112
15	8	3	5	0.30679
20	11	5	0	0
2	2	0	2	0.357303
8	5	2	2	0
11	6	2	4	0.257451
18	10	4	5	0.331172
19	11	5	0	0
2	2	0	2	0.640303
12	6	2	4	0.422089
17	9	4	3	0.469168
14	7	3	2	0.498162
9	5	2	2	0.462463
7	5	2	2	0.427877
11	6	2	4	0.352522
18	10	4	5	0.658902
19	11	5	0	0
2	2	0	2	0.35513
8	5	2	2	0.297359
11	6	2	4	0.62837
17	9	4	3	0.711561
16	8	3	5	0.379977
20	11	5	0	0
1	1	0	1	0
4	3	1	1	0.407853
6	4	1	3	0.582114
15	8	3	5	0.305044
20	11	5	0	0
2	2	0	2	0.336363
8	5	2	2	0
7	5	2	2	0.553157
11	6	2	4	0.344482
18	10	4	5	0.628927
19	11	5	0	0
2	2	0	2	0.611982
12	6	2	4	0.418178
17	9	4	3	0.425541
14	7	3	2	0.505113
9	5	2	2	0.467614
7	5	2	2	0.442083
11	6	2	4	0.349042
18	10	4	5	0.665657
19	11	5	0	0
2	2	0	2	0.336078
12	6	2	4	0.404717
17	9	4	3	0.418201
14	7	3	2	0.486863
9	5	2	2	0.457007
11	6	2	4	0.383759
17	9	4	3	0.44933
14	7	3	2	0.30436
10	6	2	4	0.42054
17	9	4	3	0.300991
16	8	3	5	0.429853
20	11	5	0	0
2	2	0	2	0.565672
12	6	2	4	0.449597
18	10	4	5	0.337284
19	11	5	0	0
1	1	0	1	0.288235
4	3	1	1	0.330056
3	3	1	1	0.499783
3	3	1	1	0.450391
3	3	1	1	0.392024
6	4	1	3	0.381077
13	7	3	2	0.305597
9	5	2	2	0.49187
11	6	2	4	0
18	10	4	5	0.315054
19	11	5	0	0
1	1	0	1	0.306514
5	4	1	3	0.305995
13	7	3	2	0.334076
9	5	2	2	0.482177
11	6	2	4	0.254133
18	10	4	5	0.443277
19	11	5	0	0
1	1	0	1	0.300012
5	4	1	3	0.295109
15	8	3	5	0.304591
20	11	5	0	0.306565
2	2	0	2	0.325329
8	5	2	2	0
11	6	2	4	0
17	9	4	3	0.304058
14	7	3	2	0.327697
9	5	2	2	0.489959
7	5	2	2	0.433788
7	5	2	2	0.44508
11	6	2	4	0.262934
17	9	4	3	0.271572
16	8	3	5	0.425219
20	11	5	0	0
1	1	0	1	0
4	3	1	1	0.40942
6	4	1	3	0.589762
13	7	3	2	0.327433
10	6	2	4	0.416186
18	10	4	5	0
19	11	5	0	0
1	1	0	1	0
4	3	1	1	0.275911
3	3	1	1	0.593322
3	3	1	1	0.442266
6	4	1	3	0.380933
15	8	3	5	0.273795
20	11	5	0	0
2	2	0	2	0.341632
8	5	2	2	0.266284
7	5	2	2	0.560895
7	5	2	2	0.343531
11	6	2	4	0.257817
17	9	4	3	0.269697
14	7	3	2	0.353854
10	6	2	4	0.455765
18	10	4	5	0.310502
19	11	5	0	0
2	2	0	2	0.851192
8	5	2	2	0.428858
7	5	2	2	0.269824
7	5	2	2	0.333538
7	5	2	2	0.337381
11	6	2	4	0.293477
17	9	4	3	0
16	8	3	5	0.380663
20	11	5	0	0
1	1	0	1	0
5	4	1	3	0.280433
15	8	3	5	0
20	11	5	0	0.300537
1	1	0	1	0.30093
4	3	1	1	0.459547
6	4	1	3	0.351917
15	8	3	5	0.330823
20	11	5	0	0
2	2	0	2	0.334644
12	6	2	4	0.604753
18	10	4	5	0.611685
19	11	5	0	0
1	1	0	1	0.280994
5	4	1	3	0.31829
15	8	3	5	0.286363
20	11	5	0	0.325703
1	1	0	1	0.326869
5	4	1	3	0.285377
15	8	3	5	0.252739
20	11	5	0	0.263146
2	2	0	2	0.334892
8	5	2	2	0
11	6	2	4	0.259525
18	10	4	5	0.339496
19	11	5	0	0
2	2	0	2	0.631508
12	6	2	4	0.432101
17	9	4	3	0.464403
16	8	3	5	0.480829
20	11	5	0	0
2	2	0	2	0.605245
8	5	2	2	0.40073
11	6	2	4	0.27814
17	9	4	3	0.303941
14	7	3	2	0.325575
9	5	2	2	0.481637
11	6	2	4	0.348406
18	10	4	5	0.435732
19	11	5	0	0
1	1	0	1	0
4	3	1	1	0.265885
6	4	1	3	0.407385
15	8	3	5	0.290604
20	11	5	0	0
1	1	0	1	0.298565
5	4	1	3	0.292057
13	7	3	2	0.602146
10	6	2	4	0.370108
17	9	4	3	0.534967
16	8	3	5	0.276926
20	11	5	0	0
1	1	0	1	0
5	4	1	3	0.288686
13	7	3	2	0.585711
9	5	2	2	0.428318
7	5	2	2	0.818799
11	6	2	4	0.423941
18	10	4	5	0.463962
19	11	5	0	0
2	2	0	2	0.671375
12	6	2	4	0.41866
18	10	4	5	0.448821
19	11	5	0	0
2	2	0	2	0.342421
8	5	2	2	0.308856
11	6	2	4	0.616545
17	9	4	3	0.710066
16	8	3	5	0.363754
20	11	5	0	0
2	2	0	2	0.597621
8	5	2	2	0.42372
11	6	2	4	0.270356
17	9	4	3	0.296287
16	8	3	5	0.312249
20	11	5	0	0
1	1	0	1	0
5	4	1	3	0.296588
13	7	3	2	0.588897
10	6	2	4	0.381362
17	9	4	3	0.518905
16	8	3	5	0.261642
20	11	5	0	0
1	1	0	1	0
4	3	1	1	0.393834
6	4	1	3	0.637453
15	8	3	5	0.290675
20	11	5	0	0
2	2	0	2	0.326553
8	5	2	2	0.262187
7	5	2	2	0.325803
11	6	2	4	0.351926
17	9	4	3	0
16	8	3	5	0.324755
20	11	5	0	0
1	1	0	1	0
5	4	1	3	0.300026
15	8	3	5	0
20	11	5	0	0.267746
2	2	0	2	0.314036
8	5	2	2	0
7	5	2	2	0.316649
11	6	2	4	0.367342
18	10	4	5	0.677267
19	11	5	0	0
2	2	0	2	0.344163
8	5	2	2	0.313642
7	5	2	2	0
11	6	2	4	0.370515
18	10	4	5	0.675297
19	11	5	0	0
2	2	0	2	0.341749
12	6	2	4	0.439512
17	9	4	3	0.413258
14	7	3	2	0.56187
9	5	2	2	0.478242
7	5	2	2	0.471556
11	6	2	4	0.373679
17	9	4	3	0
16	8	3	5	0.333771
20	11	5	0	0
1	1	0	1	0
4	3	1	1	0.380518
3	3	1	1	0.839826
6	4	1	3	0.457704
15	8	3	5	0
20	11	5	0	0
2	2	0	2	0.313291
12	6	2	4	0.348438
17	9	4	3	0
16	8	3	5	0.286726
20	11	5	0	0
1	1	0	1	0
5	4	1	3	0.3065
15	8	3	5	0
20	11	5	0	0.265965
2	2	0	2	0.299383
8	5	2	2	0
11	6	2	4	0.264709
17	9	4	3	0.278312
16	8	3	5	0.313828
20	11	5	0	0
2	2	0	2	0.560874
8	5	2	2	0.462566
11	6	2	4	0.294192
17	9	4	3	0.269209
14	7	3	2	0.357326
10	6	2	4	0.521276
17	9	4	3	0.263691
14	7	3	2	0.318562
10	6	2	4	0.294446
18	10	4	5	0.290165
19	11	5	0	0
1	1	0	1	0
5	4	1	3	0.58842
15	8	3	5	0.285128
20	11	5	0	0.260623
2	2	0	2	0.29248
8	5	2	2	0.26232
11	6	2	4	0.262616
18	10	4	5	0.358305
19	11	5	0	0
1	1	0	1	0.29365
4	3	1	1	0.271954
3	3	1	1	0.586858
6	4	1	3	0.481938
13	7	3	2	0.578086
10	6	2	4	0.494242
17	9	4	3	0
16	8	3	5	0.269718
20	11	5	0	0
1	1	0	1	0
4	3	1	1	0.363512
6	4	1	3	0.646946
15	8	3	5	0.277364
20	11	5	0	0
1	1	0	1	0.338446
5	4	1	3	0.306282
13	7	3	2	0.634471
10	6	2	4	0.392781
18	10	4	5	0.265722
19	11	5	0	0
1	1	0	1	0
5	4	1	3	0.581803
15	8	3	5	0.279586
20	11	5	0	0.264771
2	2	0	2	0.31389
12	6	2	4	0.292905
18	10	4	5	0.672505
19	11	5	0	0
1	1	0	1	0.344345
4	3	1	1	0
3	3	1	1	0.60925
3	3	1	1	0.421453
3	3	1	1	0.364312
3	3	1	1	0.341358
6	4	1	3	0.430394
15	8	3	5	0
20	11	5	0	0
1	1	0	1	0.31739
4	3	1	1	0.383333
3	3	1	1	0.438038
6	4	1	3	0.415589
13	7	3	2	0.618837
10	6	2	4	0.475805
17	9	4	3	0.262665
14	7	3	2	0.336925
9	5	2	2	0.559345
7	5	2	2	0.490858
11	6	2	4	0.37659
18	10	4	5	0.701379
19	11	5	0	0
1	1	0	1	0.296436
5	4	1	3	0.606859
15	8	3	5	0.265635
20	11	5	0	0.310138
1	1	0	1	0.366782
5	4	1	3	0.309756
13	7	3	2	0.646398
10	6	2	4	0.92761
17	9	4	3	0.534918
16	8	3	5	0.258906
20	11	5	0	0
1	1	0	1	0
5	4	1	3	0.30416
15	8	3	5	0
20	11	5	0	0.269399
1	1	0	1	0.333151
5	4	1	3	0.301268
15	8	3	5	0
20	11	5	0	0
2	2	0	2	0.349784
12	6	2	4	0.551699
17	9	4	3	0
16	8	3	5	0.284683
20	11	5	0	0
2	2	0	2	0.633936
12	6	2	4	0.489688
17	9	4	3	0.510538
14	7	3	2	0.641226
9	5	2	2	0.475967
11	6	2	4	0.435838
17	9	4	3	0.371138
14	7	3	2	0.354988
10	6	2	4	0.471519
18	10	4	5	0.295071
19	11	5	0	0
1	1	0	1	0
4	3	1	1	0.252665
6	4	1	3	0.435098
13	7	3	2	0.344948
10	6	2	4	0.937433
17	9	4	3	0.526019
14	7	3	2	0.298937
9	5	2	2	0.556984
11	6	2	4	0.340182
18	10	4	5	0.460104
19	11	5	0	0
2	2	0	2	0.652584
8	5	2	2	0.379781
7	5	2	2	0.297875
7	5	2	2	0.39813
11	6	2	4	0.252614
17	9	4	3	0.2742
16	8	3	5	0.374662
20	11	5	0	0
2	2	0	2	0.594471
12	6	2	4	0.479855
18	10	4	5	0.368642
19	11	5	0	0
2	2	0	2	0.324966
8	5	2	2	0.311663
11	6	2	4	0.337027
17	9	4	3	0.636381
14	7	3	2	0.382556
10	6	2	4	0.437825
17	9	4	3	0.290247
14	7	3	2	0.329649
9	5	2	2	0.647257
11	6	2	4	0.352414
17	9	4	3	0.352884
14	7	3	2	0.349358
9	5	2	2	0.506494
11	6	2	4	0.357264
18	10	4	5	0.488485
19	11	5	0	0
2	2	0	2	0.598769
12	6	2	4	0.40181
18	10	4	5	0.456645
19	11	5	0	0
2	2	0	2	0.300762
12	6	2	4	0.390991
18	10	4	5	0.461874
19	11	5	0	0
1	1	0	1	0.346063
5	4	1	3	0.30598
15	8	3	5	0.283663
20	11	5	0	0.31862
1	1	0	1	0.411325
5	4	1	3	0.277581
15	8	3	5	0.265326
20	11	5	0	0.258065
1	1	0	1	0.382129
5	4	1	3	0.277389
15	8	3	5	0.261244
20	11	5	0	0.253748
1	1	0	1	0.370663
5	4	1	3	0.277594
15	8	3	5	0.257834
20	11	5	0	0
1	1	0	1	0.359466
4	3	1	1	0.500373
3	3	1	1	0.551975
6	4	1	3	0.382551
13	7	3	2	0.555717
9	5	2	2	0.531842
7	5	2	2	0.876228
7	5	2	2	0.469603
11	6	2	4	0.294892
18	10	4	5	0.607804
19	11	5	0	0
2	2	0	2	0.369866
8	5	2	2	0.344129
7	5	2	2	0.281096
7	5	2	2	0.369382
7	5	2	2	0.363275
7	5	2	2	0.362889
11	6	2	4	0.271163
17	9	4	3	0.276082
14	7	3	2	0.381383
10	6	2	4	0.466019
17	9	4	3	0.272146
14	7	3	2	0.309953
10	6	2	4	0.275091
17	9	4	3	0.277959
14	7	3	2	0.307541
9	5	2	2	0.494091
11	6	2	4	0.365605
17	9	4	3	0.381579
14	7	3	2	0.330307
10	6	2	4	0.445698
18	10	4	5	0.299103
19	11	5	0	0
1	1	0	1	0
5	4	1	3	0.299822
13	7	3	2	0.3368
9	5	2	2	0.439391
7	5	2	2	0.51133
7	5	2	2	0.426225
7	5	2	2	0.317117
11	6	2	4	0.298828
17	9	4	3	0.269869
16	8	3	5	0.420308
20	11	5	0	0
1	1	0	1	0
5	4	1	3	0.264979
13	7	3	2	0.548988
9	5	2	2	0.38134
7	5	2	2	0.750811
11	6	2	4	0.443258
18	10	4	5	0.528696
19	11	5	0	0
1	1	0	1	0
5	4	1	3	0.283988
13	7	3	2	0.309441
9	5	2	2	0.392038
7	5	2	2	0.448182
11	6	2	4	0.43818
18	10	4	5	0.757174
19	11	5	0	0
1	1	0	1	0
5	4	1	3	0.281603
15	8	3	5	0.299442
20	11	5	0	0.302553
2	2	0	2	0.356143
12	6	2	4	0.597704
18	10	4	5	0.667439
19	11	5	0	0
1	1	0	1	0.25598
4	3	1	1	0.319826
3	3	1	1	0.760746
3	3	1	1	0.547554
6	4	1	3	0.393814
13	7	3	2	0.280277
10	6	2	4	0.489491
18	10	4	5	0.258373
19	11	5	0	0
1	1	0	1	0
5	4	1	3	0.287235
13	7	3	2	0.303117
9	5	2	2	0.393768
11	6	2	4	0.272901
17	9	4	3	0.381044
16	8	3	5	0.578111
20	11	5	0	0
1	1	0	1	0
5	4	1	3	0.255817
13	7	3	2	0.525721
9	5	2	2	0.367839
7	5	2	2	0.747047
7	5	2	2	0.353074
11	6	2	4	0.326671
17	9	4	3	0.272746
14	7	3	2	0.302929
9	5	2	2	0.386408
11	6	2	4	0.363488
18	10	4	5	0.450861
19	11	5	0	0
1	1	0	1	0
4	3	1	1	0.352321
6	4	1	3	0.368987
13	7	3	2	0.296951
9	5	2	2	0.430272
7	5	2	2	0.433839
11	6	2	4	0.428477
17	9	4	3	0.252925
16	8	3	5	0.584911
20	11	5	0	0
2	2	0	2	0.67524
12	6	2	4	0.489449
17	9	4	3	0.535177
16	8	3	5	0.616316
20	11	5	0	0
1	1	0	1	0
4	3	1	1	0.488842
3	3	1	1	0.890018
3	3	1	1	0.513071
3	3	1	1	0.442713
3	3	1	1	0.420247
6	4	1	3	0.39172
15	8	3	5	0.264392
20	11	5	0	0
1	1	0	1	0
4	3	1	1	0.492405
6	4	1	3	0.374222
15	8	3	5	0.329136
20	11	5	0	0
2	2	0	2	0.632221
8	5	2	2	0
7	5	2	2	0.26125
11	6	2	4	0.368262
18	10	4	5	0.425917
19	11	5	0	0
2	2	0	2	0.695336
12	6	2	4	0.450638
18	10	4	5	0.542826
19	11	5	0	0
1	1	0	1	0
4	3	1	1	0.283653
6	4	1	3	0.463461
15	8	3	5	0.284072
20	11	5	0	0
1	1	0	1	0.253266
5	4	1	3	0.285469
13	7	3	2	0.594898
10	6	2	4	0.386875
17	9	4	3	0.539145
16	8	3	5	0.274814
20	11	5	0	0
1	1	0	1	0
4	3	1	1	0.401634
3	3	1	1	0.846217
3	3	1	1	0.416874
3	3	1	1	0.362292
6	4	1	3	0.416018
15	8	3	5	0
20	11	5	0	0
1	1	0	1	0
5	4	1	3	0.292716
15	8	3	5	0
20	11	5	0	0.290081
2	2	0	2	0.376715
12	6	2	4	0.611513
17	9	4	3	0
16	8	3	5	0.289797
20	11	5	0	0
2	2	0	2	0.688594
8	5	2	2	0.405049
11	6	2	4	0.287747
18	10	4	5	0.354282
19	11	5	0	0
2	2	0	2	0.721509
8	5	2	2	0.295595
7	5	2	2	0
11	6	2	4	0.355799
17	9	4	3	0.252704
16	8	3	5	0.295469
20	11	5	0	0
1	1	0	1	0
4	3	1	1	0.356951
6	4	1	3	0.698517
15	8	3	5	0.272133
20	11	5	0	0
2	2	0	2	0.365964
12	6	2	4	0.590922
17	9	4	3	0
14	7	3	2	0.383744
10	6	2	4	0.459121
17	9	4	3	0.28508
14	7	3	2	0.325553
9	5	2	2	0.552821
11	6	2	4	0.375418
18	10	4	5	0.468451
19	11	5	0	0
2	2	0	2	0.694418
8	5	2	2	0.35186
11	6	2	4	0.339853
18	10	4	5	0.350744
19	11	5	0	0
2	2	0	2	0.669317
8	5	2	2	0.316729
7	5	2	2	0
11	6	2	4	0.344911
18	10	4	5	0.658003
19	11	5	0	0
1	1	0	1	0
5	4	1	3	0.328444
13	7	3	2	0.346347
10	6	2	4	0.398848
18	10	4	5	0.255552
19	11	5	0	0
1	1	0	1	0
4	3	1	1	0.269205
3	3	1	1	0.540074
3	3	1	1	0.406102
3	3	1	1	0.353721
3	3	1	1	0.329711
6	4	1	3	0.434417
15	8	3	5	0
20	11	5	0	0
2	2	0	2	0.370285
12	6	2	4	0.311034
18	10	4	5	0.577211
19	11	5	0	0
1	1	0	1	0.291011
5	4	1	3	0.599934
13	7	3	2	0.362664
9	5	2	2	0.461627
11	6	2	4	0.257188
17	9	4	3	0.370658
14	7	3	2	0.520283
9	5	2	2	0.43961
7	5	2	2	0.438944
7	5	2	2	0.436089
7	5	2	2	0.348606
7	5	2	2	0.342606
11	6	2	4	0.27742
18	10	4	5	0.365967
19	11	5	0	0
1	1	0	1	0
5	4	1	3	0.315835
15	8	3	5	0.272275
20	11	5	0	0.34421
1	1	0	1	0.31068
5	4	1	3	0.288444
13	7	3	2	0.615712
9	5	2	2	0.402042
7	5	2	2	0.48628
7	5	2	2	0.377596
7	5	2	2	0.282851
7	5	2	2	0.293407
7	5	2	2	0.293153
7	5	2	2	0.293039
7	5	2	2	0.287708
7	5	2	2	0.280476
7	5	2	2	0.271627
7	5	2	2	0.265606
11	6	2	4	0.333264
18	10	4	5	0.427022
19	11	5	0	0
2	2	0	2	0.788482
12	6	2	4	0.762484
18	10	4	5	0.587858
19	11	5	0	0
2	2	0	2	0.66525
12	6	2	4	0.72719
17	9	4	3	0.504431
14	7	3	2	0.522021
9	5	2	2	0.33412
7	5	2	2	0.32477
7	5	2	2	0.312762
7	5	2	2	0.258318
7	5	2	2	0.257595
11	6	2	4	0.320098
17	9	4	3	0.283842
14	7	3	2	0.361363
9	5	2	2	0.340419
7	5	2	2	0.286391
7	5	2	2	0.294921
11	6	2	4	0.594219
18	10	4	5	0.399293
19	11	5	0	0
2	2	0	2	0.690788
8	5	2	2	0
11	6	2	4	0.77965
17	9	4	3	0.745192
14	7	3	2	0.344263
10	6	2	4	0.552249
18	10	4	5	0.281526
19	11	5	0	0
1	1	0	1	0
4	3	1	1	0.27708
3	3	1	1	0.578172
3	3	1	1	0.419784
6	4	1	3	0.41183
15	8	3	5	0.264315
20	11	5	0	0
1	1	0	1	0
5	4	1	3	0.275615
13	7	3	2	0.594405
10	6	2	4	0.426935
17	9	4	3	0.273572
16	8	3	5	0.285795
20	11	5	0	0
1	1	0	1	0
4	3	1	1	0.388786
6	4	1	3	0.63687
13	7	3	2	0.344043
9	5	2	2	0.399931
11	6	2	4	0.346721
18	10	4	5	0.542386
19	11	5	0	0
1	1	0	1	0
4	3	1	1	0.262014
6	4	1	3	0.423725
15	8	3	5	0.29334
20	11	5	0	0
1	1	0	1	0
4	3	1	1	0.452161
3	3	1	1	0.474067
3	3	1	1	0.321267
6	4	1	3	0.419983
13	7	3	2	0.324637
10	6	2	4	0.540436
18	10	4	5	0.276635
19	11	5	0	0
2	2	0	2	0.865192
8	5	2	2	0.283613
7	5	2	2	0
11	6	2	4	0.378468
17	9	4	3	0.270723
16	8	3	5	0.315291
20	11	5	0	0
1	1	0	1	0
5	4	1	3	0.28672
13	7	3	2	0.594322
9	5	2	2	0.330037
7	5	2	2	0.655313
11	6	2	4	0.471715
18	10	4	5	0.492885
19	11	5	0	0
2	2	0	2	0.781428
12	6	2	4	0.451831
17	9	4	3	0.600422
16	8	3	5	0.465324
20	11	5	0	0
1	1	0	1	0
4	3	1	1	0.372956
6	4	1	3	0.631511
13	7	3	2	0.346736
10	6	2	4	0.469666
17	9	4	3	0.543754
16	8	3	5	0.294203
20	11	5	0	0
2	2	0	2	0.662089
8	5	2	2	0.332765
7	5	2	2	0.271342
7	5	2	2	0.280127
11	6	2	4	0.291212
17	9	4	3	0.300082
16	8	3	5	0.380758
20	11	5	0	0
2	2	0	2	0.670786
8	5	2	2	0.368296
7	5	2	2	0.271468
11	6	2	4	0.401214
17	9	4	3	0
14	7	3	2	0.335473
10	6	2	4	0.555634
18	10	4	5	0.551594
19	11	5	0	0
2	2	0	2	0.928566
8	5	2	2	0.377067
7	5	2	2	0
11	6	2	4	0.395202
17	9	4	3	0
16	8	3	5	0.318513
20	11	5	0	0
2	2	0	2	0.63819
8	5	2	2	0.360498
11	6	2	4	0.320233
18	10	4	5	0.376125
19	11	5	0	0
1	1	0	1	0
5	4	1	3	0.330255
15	8	3	5	0.268236
20	11	5	0	0.343004
2	2	0	2	0.338213
12	6	2	4	0.600561
17	9	4	3	0
14	7	3	2	0.365417
10	6	2	4	0.479923
17	9	4	3	0.276057
14	7	3	2	0.31209
9	5	2	2	0.514665
7	5	2	2	0.373408
7	5	2	2	0.364043
7	5	2	2	0.291025
7	5	2	2	0.290954
7	5	2	2	0.286516
11	6	2	4	0.335339
17	9	4	3	0.250905
14	7	3	2	0.376763
10	6	2	4	0.559241
18	10	4	5	0.577013
19	11	5	0	0
1	1	0	1	0
5	4	1	3	0.320176
15	8	3	5	0.298741
20	11	5	0	0.290382
1	1	0	1	0.285555
5	4	1	3	0.280509
15	8	3	5	0.266273
20	11	5	0	0.268049
1	1	0	1	0.277235
5	4	1	3	0.280764
13	7	3	2	0.341773
9	5	2	2	0.375292
7	5	2	2	0.405522
7	5	2	2	0.318295
7	5	2	2	0
11	6	2	4	0.35383
17	9	4	3	0.29252
14	7	3	2	0.347152
9	5	2	2	0.368647
11	6	2	4	0.376556
17	9	4	3	0.436982
14	7	3	2	0.329411
9	5	2	2	0.345416
7	5	2	2	0.306469
11	6	2	4	0.466391
17	9	4	3	0
14	7	3	2	0.317903
10	6	2	4	0.56863
18	10	4	5	0.567804
19	11	5	0	0
1	1	0	1	0
4	3	1	1	0.30065
6	4	1	3	0.398853
13	7	3	2	0.314963
10	6	2	4	0.520721
18	10	4	5	0.269995
19	11	5	0	0
2	2	0	2	0.829796
12	6	2	4	0.497657
17	9	4	3	0.57643
14	7	3	2	0.460985
10	6	2	4	0.468765
17	9	4	3	0.278608
16	8	3	5	0.500342
20	11	5	0	0
2	2	0	2	0.635228
12	6	2	4	0.540585
17	9	4	3	0.498399
16	8	3	5	0.60364
20	11	5	0	0
2	2	0	2	0.625391
8	5	2	2	0.357497
11	6	2	4	0.315643
18	10	4	5	0.37432
19	11	5	0	0
2	2	0	2	0.64548
8	5	2	2	0.289348
11	6	2	4	0.702084
17	9	4	3	0.615526
16	8	3	5	0.404397
20	11	5	0	0
2	2	0	2	0.599289
8	5	2	2	0.387613
11	6	2	4	0.303685
17	9	4	3	0.266543
16	8	3	5	0.343419
20	11	5	0	0
2	2	0	2	0.581002
12	6	2	4	0.515633
17	9	4	3	0.40636
16	8	3	5	0.547722
20	11	5	0	0
1	1	0	1	0
4	3	1	1	0.413377
6	4	1	3	0.646022
13	7	3	2	0.331255
9	5	2	2	0.968588
7	5	2	2	0.48006
11	6	2	4	0.45524
18	10	4	5	0.858905
19	11	5	0	0
2	2	0	2	0.612486
12	6	2	4	0.436892
18	10	4	5	0.495305
19	11	5	0	0
1	1	0	1	0.290279
4	3	1	1	0.290725
6	4	1	3	0.462024
13	7	3	2	0.320153
9	5	2	2	0.966328
11	6	2	4	0.305289
17	9	4	3	0
16	8	3	5	0.474701
20	11	5	0	0
2	2	0	2	0.594908
12	6	2	4	0.474865
17	9	4	3	0.409966
16	8	3	5	0.520252
20	11	5	0	0
1	1	0	1	0.251057
5	4	1	3	0.289281
13	7	3	2	0.576121
9	5	2	2	0.409737
11	6	2	4	0
18	10	4	5	0.451371
19	11	5	0	0
2	2	0	2	0.300897
8	5	2	2	0.32198
7	5	2	2	0
7	5	2	2	0.332671
7	5	2	2	0.332441
7	5	2	2	0.329627
11	6	2	4	0.28999
17	9	4	3	0
16	8	3	5	0.408591
20	11	5	0	0
2	2	0	2	0.332755
8	5	2	2	0.417613
11	6	2	4	0.301123
18	10	4	5	0.365251
19	11	5	0	0
2	2	0	2	0.594685
8	5	2	2	0.299182
11	6	2	4	0.674828
18	10	4	5	0.441235
19	11	5	0	0
2	2	0	2	0.584792
8	5	2	2	0.30439
11	6	2	4	0.656684
17	9	4	3	0.551082
14	7	3	2	0.370666
10	6	2	4	0.476023
18	10	4	5	0.336798
19	11	5	0	0
1	1	0	1	0
5	4	1	3	0.313599
13	7	3	2	0.332773
9	5	2	2	0.430887
7	5	2	2	0.48684
7	5	2	2	0.411866
11	6	2	4	0.308061
17	9	4	3	0
16	8	3	5	0.377509
20	11	5	0	0
1	1	0	1	0.256425
4	3	1	1	0.430883
6	4	1	3	0.627487
13	7	3	2	0.320451
10	6	2	4	0.951705
18	10	4	5	0.279536
19	11	5	0	0
1	1	0	1	0
4	3	1	1	0.284965
6	4	1	3	0.388055
13	7	3	2	0.316943
9	5	2	2	0.481059
11	6	2	4	0.304988
17	9	4	3	0.251891
16	8	3	5	0.478218
20	11	5	0	0
2	2	0	2	0.597711
12	6	2	4	0.477707
17	9	4	3	0.415439
14	7	3	2	0.550357
10	6	2	4	0.397641
17	9	4	3	0.299752
16	8	3	5	0.444163
20	11	5	0	0
2	2	0	2	0.550485
8	5	2	2	0.514693
11	6	2	4	0.286857
18	10	4	5	0.600221
19	11	5	0	0
1	1	0	1	0
4	3	1	1	0.291796
6	4	1	3	0.39781
13	7	3	2	0.317958
10	6	2	4	0.422391
18	10	4	5	0.285171
19	11	5	0	0
2	2	0	2	0.662323
8	5	2	2	0.386416
11	6	2	4	0.329754
18	10	4	5	0.332691
19	11	5	0	0
1	1	0	1	0
4	3	1	1	0.290232
6	4	1	3	0.39129
15	8	3	5	0.302319
20	11	5	0	0
1	1	0	1	0.312908
5	4	1	3	0.282334
15	8	3	5	0.278414
20	11	5	0	0.27224
