2	2	0	2	0.265564
12	6	2	4	0.471734
18	10	4	5	0.288674
19	11	5	0	0
1	1	0	1	0.632005
4	3	1	1	0.272278
3	3	1	1	1.02916
3	3	1	1	0.386062
3	3	1	1	0.352619
3	3	1	1	0.33902
3	3	1	1	0.329627
3	3	1	1	0.320404
3	3	1	1	0.311438
6	4	1	3	0.426435
13	7	3	2	0.336529
10	6	2	4	0.377147
17	9	4	3	0
16	8	3	5	0.284845
20	11	5	0	0
1	1	0	1	0.533339
5	4	1	3	0.486175
13	7	3	2	0.782391
10	6	2	4	0
18	10	4	5	0.671342
19	11	5	0	0
1	1	0	1	0.325186
5	4	1	3	0.345974
13	7	3	2	0.423719
10	6	2	4	0.298167
17	9	4	3	0
14	7	3	2	0.45004
10	6	2	4	0.401911
17	9	4	3	0.295093
16	8	3	5	0.317177
20	11	5	0	0
2	2	0	2	0.268132
12	6	2	4	0.401071
17	9	4	3	0.689566
14	7	3	2	0.51892
9	5	2	2	0.532178
7	5	2	2	0.28377
7	5	2	2	0.330162
11	6	2	4	0.426593
18	10	4	5	0.787807
19	11	5	0	0
2	2	0	2	0.552174
8	5	2	2	0.27527
11	6	2	4	0.325917
17	9	4	3	0.34494
14	7	3	2	0.423026
10	6	2	4	0.362508
18	10	4	5	0.331958
19	11	5	0	0
1	1	0	1	0.679213
5	4	1	3	0.317183
13	7	3	2	0.376149
9	5	2	2	0.585021
11	6	2	4	0.410006
18	10	4	5	0
19	11	5	0	0
2	2	0	2	0
8	5	2	2	0.271498
11	6	2	4	0.321432
17	9	4	3	0.305138
14	7	3	2	0.365658
10	6	2	4	0.33664
18	10	4	5	0.31899
19	11	5	0	0
2	2	0	2	0
8	5	2	2	0.281952
11	6	2	4	0.292236
18	10	4	5	0.30115
19	11	5	0	0
2	2	0	2	0
8	5	2	2	0.284103
7	5	2	2	0.335519
11	6	2	4	0.440439
17	9	4	3	0
14	7	3	2	0.643719
9	5	2	2	0.625275
7	5	2	2	0.27791
11	6	2	4	0.366268
18	10	4	5	0.515103
19	11	5	0	0
2	2	0	2	0.287458
12	6	2	4	0.376198
17	9	4	3	0.342871
14	7	3	2	0.440351
9	5	2	2	0.549951
7	5	2	2	0.307872
7	5	2	2	0.355483
7	5	2	2	0.350648
11	6	2	4	0.363705
18	10	4	5	0.711139
19	11	5	0	0
2	2	0	2	0.290121
12	6	2	4	0.372336
17	9	4	3	0.350164
14	7	3	2	0.444676
9	5	2	2	0.534229
11	6	2	4	0.340957
18	10	4	5	0.25569
19	11	5	0	0
2	2	0	2	0
12	6	2	4	0.468997
18	10	4	5	0.255001
19	11	5	0	0
2	2	0	2	0
12	6	2	4	0.424869
18	10	4	5	0.294571
19	11	5	0	0
1	1	0	1	0.793811
4	3	1	1	0.294246
3	3	1	1	1.18358
3	3	1	1	0.404788
3	3	1	1	0.363661
3	3	1	1	0.352515
3	3	1	1	0.340019
6	4	1	3	0.36903
13	7	3	2	0.290157
10	6	2	4	0.309894
18	10	4	5	0.657092
19	11	5	0	0
2	2	0	2	0.259949
12	6	2	4	0.330666
18	10	4	5	0
19	11	5	0	0
2	2	0	2	0
8	5	2	2	0.319235
7	5	2	2	0.30799
7	5	2	2	0.323744
11	6	2	4	0.319913
18	10	4	5	0.398499
19	11	5	0	0
1	1	0	1	0
4	3	1	1	0.366515
6	4	1	3	0.400717
13	7	3	2	0.31814
9	5	2	2	0.741364
7	5	2	2	0.535807
7	5	2	2	0.291097
7	5	2	2	0.291805
7	5	2	2	0.374188
11	6	2	4	0.318355
17	9	4	3	0.26755
16	8	3	5	0
20	11	5	0	0
1	1	0	1	0.579826
4	3	1	1	0.391304
6	4	1	3	0.393637
15	8	3	5	0.341327
20	11	5	0	0
1	1	0	1	0
4	3	1	1	0.475268
3	3	1	1	0.366755
6	4	1	3	0.399496
15	8	3	5	0.333663
20	11	5	0	0.269071
2	2	0	2	0.570284
8	5	2	2	0.25647
11	6	2	4	0.276243
18	10	4	5	0.367892
19	11	5	0	0
2	2	0	2	0
8	5	2	2	0.258115
11	6	2	4	0.280805
17	9	4	3	0.370838
16	8	3	5	0.260823
20	11	5	0	0
2	2	0	2	0.297985
12	6	2	4	0.395664
17	9	4	3	0.619964
14	7	3	2	0.527402
9	5	2	2	0.533822
7	5	2	2	0.294075
11	6	2	4	0.335732
18	10	4	5	0.522305
19	11	5	0	0
2	2	0	2	0.283463
12	6	2	4	0.353235
17	9	4	3	0.619743
16	8	3	5	0.298343
20	11	5	0	0
2	2	0	2	0
8	5	2	2	0.357379
7	5	2	2	0.39178
7	5	2	2	0.305806
11	6	2	4	0.353746
18	10	4	5	0.739024
19	11	5	0	0
1	1	0	1	0.253826
4	3	1	1	0.334657
3	3	1	1	0.429743
6	4	1	3	0.41869
15	8	3	5	0.315888
20	11	5	0	0.261023
1	1	0	1	0
4	3	1	1	0.436056
3	3	1	1	0.328439
6	4	1	3	0.429727
15	8	3	5	0.301
20	11	5	0	0.260981
1	1	0	1	0
4	3	1	1	0.414704
6	4	1	3	0.388583
15	8	3	5	0.291158
20	11	5	0	0
1	1	0	1	0
5	4	1	3	0.413309
13	7	3	2	0.356112
10	6	2	4	0.252211
18	10	4	5	0.683733
19	11	5	0	0
2	2	0	2	0.275734
12	6	2	4	0.354503
18	10	4	5	0
19	11	5	0	0
2	2	0	2	0
12	6	2	4	0.421095
18	10	4	5	0.26353
19	11	5	0	0
1	1	0	1	0.747263
5	4	1	3	0.633852
15	8	3	5	0.323928
20	11	5	0	0
2	2	0	2	0.300094
8	5	2	2	0.269123
11	6	2	4	0.259857
18	10	4	5	0.38938
19	11	5	0	0
1	1	0	1	0.26255
5	4	1	3	0.339971
15	8	3	5	0.327177
20	11	5	0	0
1	1	0	1	0.270023
5	4	1	3	0.446342
15	8	3	5	0.262047
20	11	5	0	0
2	2	0	2	0.59843
8	5	2	2	0.29094
11	6	2	4	0
18	10	4	5	0.290183
19	11	5	0	0
1	1	0	1	0.591411
4	3	1	1	0.279246
3	3	1	1	1.03087
6	4	1	3	0.418238
15	8	3	5	0.289104
20	11	5	0	0
2	2	0	2	0.570254
12	6	2	4	0.325787
17	9	4	3	0.589876
14	7	3	2	0.503636
9	5	2	2	0.5397
7	5	2	2	0.319377
7	5	2	2	0.373271
11	6	2	4	0.333275
17	9	4	3	0.285697
14	7	3	2	0.739485
10	6	2	4	0.4332
18	10	4	5	0
19	11	5	0	0
1	1	0	1	0.770878
5	4	1	3	0.63199
13	7	3	2	0.365813
9	5	2	2	0.703564
7	5	2	2	0.40747
11	6	2	4	0.276561
17	9	4	3	0.3374
16	8	3	5	0
20	11	5	0	0
1	1	0	1	0.611175
5	4	1	3	0.357445
13	7	3	2	0.439952
10	6	2	4	0
17	9	4	3	0
16	8	3	5	0.323381
20	11	5	0	0
2	2	0	2	0.294486
12	6	2	4	0.363638
18	10	4	5	0
19	11	5	0	0
2	2	0	2	0
8	5	2	2	0.291615
7	5	2	2	0.302342
7	5	2	2	0.300205
11	6	2	4	0.332888
18	10	4	5	0.425728
19	11	5	0	0
2	2	0	2	0.568623
12	6	2	4	0.329718
17	9	4	3	0.699439
16	8	3	5	0.297355
20	11	5	0	0
2	2	0	2	0.27104
12	6	2	4	0.363553
17	9	4	3	0.848821
16	8	3	5	0.277586
20	11	5	0	0
2	2	0	2	0.276095
8	5	2	2	0.356512
7	5	2	2	0.386503
7	5	2	2	0.317923
7	5	2	2	0.335429
7	5	2	2	0.451776
7	5	2	2	0.46734
7	5	2	2	0.431727
11	6	2	4	0.34081
17	9	4	3	0.255542
16	8	3	5	0
20	11	5	0	0
2	2	0	2	0.28966
8	5	2	2	0.285649
7	5	2	2	0.295992
11	6	2	4	0.411077
18	10	4	5	0.507792
19	11	5	0	0
2	2	0	2	0.281886
8	5	2	2	0.277223
11	6	2	4	0.302273
18	10	4	5	0.253231
19	11	5	0	0
1	1	0	1	0.326167
5	4	1	3	0.346383
15	8	3	5	0.331243
20	11	5	0	0
1	1	0	1	0
5	4	1	3	0.442164
15	8	3	5	0.270658
20	11	5	0	0
1	1	0	1	0
5	4	1	3	0.401562
13	7	3	2	0.326991
10	6	2	4	0.2604
18	10	4	5	0.687525
19	11	5	0	0
1	1	0	1	0.306875
5	4	1	3	0.327156
15	8	3	5	0.310698
20	11	5	0	0
2	2	0	2	0.595201
8	5	2	2	0.267138
7	5	2	2	0.264081
11	6	2	4	0.408191
17	9	4	3	0.279665
16	8	3	5	0
20	11	5	0	0
1	1	0	1	0.619225
4	3	1	1	0.367058
6	4	1	3	0.409636
15	8	3	5	0.300546
20	11	5	0	0
1	1	0	1	0
4	3	1	1	0.452127
6	4	1	3	0.366007
13	7	3	2	0.338599
9	5	2	2	0.434608
11	6	2	4	0.448766
18	10	4	5	0
19	11	5	0	0
2	2	0	2	0
8	5	2	2	0.265749
7	5	2	2	0.292968
11	6	2	4	0.441191
18	10	4	5	0.493908
19	11	5	0	0
2	2	0	2	0.560891
12	6	2	4	0.366655
17	9	4	3	0.676647
14	7	3	2	0.484198
9	5	2	2	0.514311
11	6	2	4	0.326201
17	9	4	3	0.561161
16	8	3	5	0.259725
20	11	5	0	0
1	1	0	1	0.548889
4	3	1	1	0.948684
3	3	1	1	0.456744
6	4	1	3	0.398028
13	7	3	2	0.298904
9	5	2	2	0.777672
7	5	2	2	0.421917
7	5	2	2	0.273466
11	6	2	4	0.429871
18	10	4	5	0.486013
19	11	5	0	0
1	1	0	1	0
5	4	1	3	0.330399
13	7	3	2	0.362437
10	6	2	4	0
17	9	4	3	0
14	7	3	2	0.417696
9	5	2	2	0.412413
7	5	2	2	0.266738
7	5	2	2	0.337408
11	6	2	4	0.380439
18	10	4	5	0.481225
19	11	5	0	0
1	1	0	1	0
4	3	1	1	0.355268
6	4	1	3	0.372428
15	8	3	5	0.320047
20	11	5	0	0
1	1	0	1	0
4	3	1	1	0.455861
6	4	1	3	0.336442
13	7	3	2	0.309127
9	5	2	2	0.385393
11	6	2	4	0.439839
18	10	4	5	0
19	11	5	0	0
2	2	0	2	0
12	6	2	4	0.697989
17	9	4	3	0.736182
14	7	3	2	0.437321
9	5	2	2	0.438258
11	6	2	4	0.328923
17	9	4	3	0.594192
16	8	3	5	0.266321
20	11	5	0	0
2	2	0	2	0.323844
8	5	2	2	0.273759
11	6	2	4	0.293036
17	9	4	3	0.373285
14	7	3	2	0.345445
10	6	2	4	0.346579
17	9	4	3	0.316415
14	7	3	2	0.405618
10	6	2	4	0.378168
17	9	4	3	0.309367
16	8	3	5	0.341147
20	11	5	0	0
2	2	0	2	0.277828
12	6	2	4	0.377229
18	10	4	5	0
19	11	5	0	0
2	2	0	2	0
12	6	2	4	0.381122
18	10	4	5	0.351406
19	11	5	0	0
2	2	0	2	0
12	6	2	4	0.424887
17	9	4	3	0.292147
14	7	3	2	0.419089
10	6	2	4	0.328824
18	10	4	5	0.269877
19	11	5	0	0
1	1	0	1	0.706201
4	3	1	1	0.286354
3	3	1	1	1.1406
3	3	1	1	0.373425
3	3	1	1	0.3361
6	4	1	3	0.344333
15	8	3	5	0.313207
20	11	5	0	0.257086
2	2	0	2	0.536994
8	5	2	2	0.295496
11	6	2	4	0.260477
17	9	4	3	0.355107
14	7	3	2	0.622126
10	6	2	4	0.346014
17	9	4	3	0.296944
16	8	3	5	0.318244
20	11	5	0	0
2	2	0	2	0.263221
12	6	2	4	0.356387
18	10	4	5	0
19	11	5	0	0
1	1	0	1	0.66111
4	3	1	1	0
3	3	1	1	0.61553
6	4	1	3	0.373932
15	8	3	5	0.296426
20	11	5	0	0.264946
1	1	0	1	0.256455
4	3	1	1	0.42661
3	3	1	1	0.327941
3	3	1	1	0.319762
3	3	1	1	0.293119
3	3	1	1	0.284822
6	4	1	3	0.387427
15	8	3	5	0.270748
20	11	5	0	0.268992
1	1	0	1	0
4	3	1	1	0.381221
6	4	1	3	0.371423
13	7	3	2	0.341731
10	6	2	4	0
17	9	4	3	0
16	8	3	5	0.270281
20	11	5	0	0
2	2	0	2	0.272618
12	6	2	4	0.358863
17	9	4	3	0.826159
14	7	3	2	0.715542
9	5	2	2	0.570008
11	6	2	4	0.300732
18	10	4	5	0
19	11	5	0	0
1	1	0	1	0.719895
4	3	1	1	0
3	3	1	1	1.11558
6	4	1	3	0.400763
13	7	3	2	0.303636
10	6	2	4	0.304391
17	9	4	3	0
14	7	3	2	0.428704
9	5	2	2	0.476848
11	6	2	4	0.293812
17	9	4	3	0.585593
14	7	3	2	0.651734
10	6	2	4	0.299028
18	10	4	5	0.271017
19	11	5	0	0
1	1	0	1	0.697772
5	4	1	3	0.592533
13	7	3	2	0.368051
9	5	2	2	0.616506
11	6	2	4	0.333062
17	9	4	3	0.662424
14	7	3	2	0.612395
10	6	2	4	0.292894
17	9	4	3	0.302529
14	7	3	2	0.39603
9	5	2	2	0.48914
7	5	2	2	0.328671
7	5	2	2	0.385679
7	5	2	2	0.356229
7	5	2	2	0.439502
11	6	2	4	0.328827
17	9	4	3	0.257769
16	8	3	5	0
20	11	5	0	0
1	1	0	1	0.590458
4	3	1	1	0.33269
3	3	1	1	0.403883
3	3	1	1	0.319204
6	4	1	3	0.346225
15	8	3	5	0.289555
20	11	5	0	0.287978
2	2	0	2	0.554503
12	6	2	4	0.384145
17	9	4	3	0.269165
16	8	3	5	0.278342
20	11	5	0	0
1	1	0	1	0.616505
5	4	1	3	0.393618
13	7	3	2	0.725249
9	5	2	2	0.738148
11	6	2	4	0.388209
17	9	4	3	0.58945
14	7	3	2	0.612441
10	6	2	4	0.346438
18	10	4	5	0.324751
19	11	5	0	0
2	2	0	2	0
12	6	2	4	0.456
18	10	4	5	0.263161
19	11	5	0	0
1	1	0	1	0.7416
5	4	1	3	0.575957
15	8	3	5	0.3104
20	11	5	0	0
1	1	0	1	0
5	4	1	3	0.379815
15	8	3	5	0.258092
20	11	5	0	0.250748
2	2	0	2	0.574662
8	5	2	2	0.305091
11	6	2	4	0.279234
18	10	4	5	0.354378
19	11	5	0	0
2	2	0	2	0
12	6	2	4	0.412677
17	9	4	3	0.576362
16	8	3	5	0.293862
20	11	5	0	0
1	1	0	1	0.640241
4	3	1	1	0.48791
6	4	1	3	0.385556
15	8	3	5	0.271566
20	11	5	0	0
1	1	0	1	0
4	3	1	1	0.397607
6	4	1	3	0.331917
13	7	3	2	0.305034
10	6	2	4	0.251298
18	10	4	5	0.695134
19	11	5	0	0
2	2	0	2	0.270545
8	5	2	2	0.35708
7	5	2	2	0.355764
7	5	2	2	0.323968
11	6	2	4	0.345981
17	9	4	3	0.273633
16	8	3	5	0
20	11	5	0	0
1	1	0	1	0.651016
5	4	1	3	0.343572
15	8	3	5	0
20	11	5	0	0
1	1	0	1	0
4	3	1	1	0.476635
6	4	1	3	0.316294
15	8	3	5	0.279965
20	11	5	0	0
2	2	0	2	0.601141
8	5	2	2	0.305737
11	6	2	4	0.295895
18	10	4	5	0.292524
19	11	5	0	0
1	1	0	1	0.593897
5	4	1	3	0.315692
13	7	3	2	0.376293
10	6	2	4	0.314638
18	10	4	5	0.614638
19	11	5	0	0
2	2	0	2	0.272308
12	6	2	4	0.354065
18	10	4	5	0
19	11	5	0	0
1	1	0	1	0.794672
4	3	1	1	0
3	3	1	1	1.18431
3	3	1	1	0.319333
3	3	1	1	0.288833
3	3	1	1	0.281841
3	3	1	1	0.274622
6	4	1	3	0.364772
15	8	3	5	0.265097
20	11	5	0	0.267614
1	1	0	1	0
5	4	1	3	0.379869
13	7	3	2	0.593972
9	5	2	2	0.721055
11	6	2	4	0.394502
17	9	4	3	0.698051
14	7	3	2	0.645431
10	6	2	4	0.302645
18	10	4	5	0.279032
19	11	5	0	0
2	2	0	2	0
8	5	2	2	0.309834
11	6	2	4	0.269962
17	9	4	3	0.372361
14	7	3	2	0.617988
9	5	2	2	0.449422
7	5	2	2	0.284607
11	6	2	4	0.335195
17	9	4	3	0.313081
16	8	3	5	0
20	11	5	0	0
2	2	0	2	0.296664
8	5	2	2	0.407293
11	6	2	4	0.272762
17	9	4	3	0.353147
14	7	3	2	0.640473
9	5	2	2	0.542932
11	6	2	4	0.304683
18	10	4	5	0.324874
19	11	5	0	0
1	1	0	1	0.697956
5	4	1	3	0.612874
13	7	3	2	0.321113
10	6	2	4	0.261787
18	10	4	5	0.617823
19	11	5	0	0
2	2	0	2	0.277114
12	6	2	4	0.338031
18	10	4	5	0
19	11	5	0	0
2	2	0	2	0
12	6	2	4	0.401467
17	9	4	3	0.327433
14	7	3	2	0.419837
9	5	2	2	0.53608
7	5	2	2	0.354844
7	5	2	2	0.41059
11	6	2	4	0.33901
17	9	4	3	0.270962
16	8	3	5	0
20	11	5	0	0
2	2	0	2	0.310518
8	5	2	2	0.340333
11	6	2	4	0.2682
18	10	4	5	0.333015
19	11	5	0	0
1	1	0	1	0.278299
4	3	1	1	0.312801
6	4	1	3	0.408798
15	8	3	5	0.295479
20	11	5	0	0
1	1	0	1	0
5	4	1	3	0.347627
15	8	3	5	0.275995
20	11	5	0	0
2	2	0	2	0.608467
12	6	2	4	0.335525
17	9	4	3	0.580015
14	7	3	2	0.430994
10	6	2	4	0.303058
18	10	4	5	0.273703
19	11	5	0	0
2	2	0	2	0
8	5	2	2	0.325228
11	6	2	4	0.264816
17	9	4	3	0.340752
14	7	3	2	0.341675
10	6	2	4	0.301992
18	10	4	5	0.291859
19	11	5	0	0
1	1	0	1	0.719594
4	3	1	1	0.266349
6	4	1	3	0.623952
13	7	3	2	0.335327
10	6	2	4	0
17	9	4	3	0
16	8	3	5	0.330085
20	11	5	0	0
2	2	0	2	0.281313
12	6	2	4	0.338007
18	10	4	5	0
19	11	5	0	0
2	2	0	2	0
8	5	2	2	0.340007
7	5	2	2	0.359931
7	5	2	2	0.352824
11	6	2	4	0.315464
17	9	4	3	0.263419
16	8	3	5	0
20	11	5	0	0
1	1	0	1	0.684697
4	3	1	1	0.343077
3	3	1	1	0.426466
6	4	1	3	0.366949
13	7	3	2	0.279774
9	5	2	2	0.834071
7	5	2	2	0.521883
11	6	2	4	0.274465
17	9	4	3	0.332192
14	7	3	2	0.603209
10	6	2	4	0.356113
17	9	4	3	0.302053
14	7	3	2	0.395313
9	5	2	2	0.48537
11	6	2	4	0.308719
18	10	4	5	0
19	11	5	0	0
2	2	0	2	0
8	5	2	2	0.316871
11	6	2	4	0.282527
18	10	4	5	0
19	11	5	0	0
2	2	0	2	0
12	6	2	4	0.398256
18	10	4	5	0
19	11	5	0	0
2	2	0	2	0
8	5	2	2	0.337413
11	6	2	4	0.252263
17	9	4	3	0.344829
14	7	3	2	0.344624
10	6	2	4	0.332126
18	10	4	5	0.285115
19	11	5	0	0
2	2	0	2	0
8	5	2	2	0.340172
7	5	2	2	0.367698
7	5	2	2	0.358649
7	5	2	2	0.409795
7	5	2	2	0.496988
11	6	2	4	0.308288
17	9	4	3	0.254992
14	7	3	2	0.637526
10	6	2	4	0.449502
17	9	4	3	0.283094
16	8	3	5	0.359071
20	11	5	0	0
2	2	0	2	0.257793
12	6	2	4	0.36001
18	10	4	5	0
19	11	5	0	0
1	1	0	1	0.651215
5	4	1	3	0.309488
15	8	3	5	0.337542
20	11	5	0	0
1	1	0	1	0
5	4	1	3	0.387207
15	8	3	5	0.298503
20	11	5	0	0.253577
1	1	0	1	0
4	3	1	1	0.504458
3	3	1	1	0.364873
3	3	1	1	0.360018
6	4	1	3	0.352172
13	7	3	2	0.283733
10	6	2	4	0.312508
18	10	4	5	0.654329
19	11	5	0	0
1	1	0	1	0.315214
4	3	1	1	0.308419
3	3	1	1	0.747333
6	4	1	3	0.370585
15	8	3	5	0.307811
20	11	5	0	0.277912
2	2	0	2	0.553823
12	6	2	4	0.339235
18	10	4	5	0
19	11	5	0	0
2	2	0	2	0
8	5	2	2	0.363081
11	6	2	4	0.257816
17	9	4	3	0.340816
16	8	3	5	0.252486
20	11	5	0	0
2	2	0	2	0.292438
12	6	2	4	0.401807
18	10	4	5	0
19	11	5	0	0
1	1	0	1	0.802139
5	4	1	3	0.603841
15	8	3	5	0.305117
20	11	5	0	0
2	2	0	2	0.294692
8	5	2	2	0.317636
7	5	2	2	0.567146
7	5	2	2	0.335761
11	6	2	4	0.312059
18	10	4	5	0.3929
19	11	5	0	0
1	1	0	1	0
4	3	1	1	0.323703
3	3	1	1	0.429515
6	4	1	3	0.400532
15	8	3	5	0.294712
20	11	5	0	0.265538
2	2	0	2	0.552574
12	6	2	4	0.324178
18	10	4	5	0
19	11	5	0	0
1	1	0	1	0.771631
5	4	1	3	0.355149
13	7	3	2	0.407415
10	6	2	4	0
18	10	4	5	0.526742
19	11	5	0	0
2	2	0	2	0.268075
12	6	2	4	0.294169
17	9	4	3	0.769913
14	7	3	2	0.439929
10	6	2	4	0.258773
17	9	4	3	0.58166
16	8	3	5	0.34285
20	11	5	0	0
1	1	0	1	0.553064
5	4	1	3	0.382944
13	7	3	2	0.69595
10	6	2	4	0
17	9	4	3	0
14	7	3	2	0.400338
10	6	2	4	0.309924
17	9	4	3	0.316155
14	7	3	2	0.401593
9	5	2	2	0.572769
11	6	2	4	0.276618
18	10	4	5	0
19	11	5	0	0
2	2	0	2	0
8	5	2	2	0.33665
11	6	2	4	0.252835
17	9	4	3	0.609964
14	7	3	2	0.344596
9	5	2	2	0.538139
7	5	2	2	0.317706
11	6	2	4	0.303679
17	9	4	3	0.298211
14	7	3	2	0.572289
10	6	2	4	0.415028
17	9	4	3	0.303214
14	7	3	2	0.384879
9	5	2	2	0.512757
11	6	2	4	0.288618
18	10	4	5	0
19	11	5	0	0
1	1	0	1	0.677071
5	4	1	3	0.290072
13	7	3	2	0.316046
9	5	2	2	0.472049
11	6	2	4	0.33536
18	10	4	5	0
19	11	5	0	0
2	2	0	2	0
12	6	2	4	0.383922
17	9	4	3	0.677723
14	7	3	2	0.378142
9	5	2	2	0.555105
7	5	2	2	0.361207
11	6	2	4	0.303211
17	9	4	3	0.303773
16	8	3	5	0.271725
20	11	5	0	0
2	2	0	2	0.271969
8	5	2	2	0.385343
11	6	2	4	0.257319
18	10	4	5	0.367675
19	11	5	0	0
1	1	0	1	0.53501
5	4	1	3	0.277776
13	7	3	2	0.325026
10	6	2	4	0.26139
18	10	4	5	0.596869
19	11	5	0	0
1	1	0	1	0.314319
5	4	1	3	0.277693
13	7	3	2	0.320421
10	6	2	4	0
17	9	4	3	0
14	7	3	2	0.333973
9	5	2	2	0.487772
7	5	2	2	0.355909
11	6	2	4	0.291332
17	9	4	3	0.307814
16	8	3	5	0.290567
20	11	5	0	0
2	2	0	2	0.280087
8	5	2	2	0.374544
7	5	2	2	0.354461
11	6	2	4	0.340693
17	9	4	3	0.256586
16	8	3	5	0.281642
20	11	5	0	0
1	1	0	1	0.651102
5	4	1	3	0.298188
13	7	3	2	0.358826
9	5	2	2	0.776066
11	6	2	4	0.343856
17	9	4	3	0.605686
16	8	3	5	0.339139
20	11	5	0	0
2	2	0	2	0.291845
8	5	2	2	0.341419
11	6	2	4	0.267727
18	10	4	5	0.301771
19	11	5	0	0
2	2	0	2	0
12	6	2	4	0.374396
17	9	4	3	0.595129
14	7	3	2	0.366767
9	5	2	2	0.521562
11	6	2	4	0.303377
18	10	4	5	0
19	11	5	0	0
2	2	0	2	0
8	5	2	2	0.325783
11	6	2	4	0.275076
17	9	4	3	0.548727
16	8	3	5	0.343989
20	11	5	0	0
2	2	0	2	0.264415
12	6	2	4	0.38252
17	9	4	3	0.565692
16	8	3	5	0.933879
20	11	5	0	0
1	1	0	1	0.944154
4	3	1	1	0.989849
3	3	1	1	0.561578
3	3	1	1	0.397432
6	4	1	3	0.315607
15	8	3	5	0.35776
20	11	5	0	0.257307
1	1	0	1	0
5	4	1	3	0.324535
15	8	3	5	0.301347
20	11	5	0	0
2	2	0	2	0.559193
12	6	2	4	0.345297
18	10	4	5	0
19	11	5	0	0
2	2	0	2	0
12	6	2	4	0.576418
18	10	4	5	0.289886
19	11	5	0	0
2	2	0	2	0
12	6	2	4	0.346701
18	10	4	5	0.32195
19	11	5	0	0
1	1	0	1	0.828274
5	4	1	3	0.300259
13	7	3	2	0.299103
10	6	2	4	0
17	9	4	3	0
16	8	3	5	0.379168
20	11	5	0	0
1	1	0	1	0.660516
4	3	1	1	0.610478
3	3	1	1	0.513539
6	4	1	3	0.346358
13	7	3	2	0.263174
10	6	2	4	0.291983
18	10	4	5	0.636697
19	11	5	0	0
2	2	0	2	0.255288
8	5	2	2	0.386596
7	5	2	2	0.667567
7	5	2	2	0.371141
7	5	2	2	0.376971
11	6	2	4	0.307113
17	9	4	3	0.258007
16	8	3	5	0
20	11	5	0	0
1	1	0	1	0.646025
4	3	1	1	0.390437
6	4	1	3	0.357094
13	7	3	2	0.298645
9	5	2	2	0.611654
7	5	2	2	0.608274
11	6	2	4	0.264803
17	9	4	3	0.33153
16	8	3	5	0.263311
20	11	5	0	0
2	2	0	2	0.279757
8	5	2	2	0.326228
7	5	2	2	0.322855
11	6	2	4	0.361306
18	10	4	5	0.50744
19	11	5	0	0
2	2	0	2	0.535848
12	6	2	4	0.340003
18	10	4	5	0
19	11	5	0	0
2	2	0	2	0
12	6	2	4	0.375391
18	10	4	5	0.347262
19	11	5	0	0
1	1	0	1	0.762286
4	3	1	1	0
6	4	1	3	0.913385
15	8	3	5	0.28312
20	11	5	0	0
2	2	0	2	0.58086
8	5	2	2	0.331005
11	6	2	4	0
18	10	4	5	0.255695
19	11	5	0	0
1	1	0	1	0.614762
4	3	1	1	0.305767
3	3	1	1	0.835255
6	4	1	3	0.363292
15	8	3	5	0.320587
20	11	5	0	0.258445
1	1	0	1	0
4	3	1	1	0.456512
6	4	1	3	0.333521
13	7	3	2	0.305752
10	6	2	4	0
17	9	4	3	0
16	8	3	5	0.323394
20	11	5	0	0
1	1	0	1	0.615763
4	3	1	1	0.531917
6	4	1	3	0.383846
15	8	3	5	0.296737
20	11	5	0	0
1	1	0	1	0
4	3	1	1	0.425996
6	4	1	3	0.333264
13	7	3	2	0.30918
10	6	2	4	0
17	9	4	3	0
16	8	3	5	0.308257
20	11	5	0	0
2	2	0	2	0.290749
12	6	2	4	0.329296
18	10	4	5	0
19	11	5	0	0
1	1	0	1	0.623153
4	3	1	1	0
3	3	1	1	0.548941
3	3	1	1	0.325661
3	3	1	1	0.298642
3	3	1	1	0.290187
6	4	1	3	0.369236
13	7	3	2	0.300124
9	5	2	2	0.764131
11	6	2	4	0.332202
17	9	4	3	0.730779
16	8	3	5	0
20	11	5	0	0
1	1	0	1	0.542988
5	4	1	3	0.381977
13	7	3	2	0.708927
10	6	2	4	0
18	10	4	5	0.551444
19	11	5	0	0
1	1	0	1	0.297387
5	4	1	3	0.311402
13	7	3	2	0.367066
9	5	2	2	0.764615
11	6	2	4	0.30946
18	10	4	5	0
19	11	5	0	0
1	1	0	1	0.595339
4	3	1	1	0
6	4	1	3	0.919701
13	7	3	2	0.330236
10	6	2	4	0
18	10	4	5	0.272512
19	11	5	0	0
2	2	0	2	0.303135
12	6	2	4	0.297385
18	10	4	5	0
19	11	5	0	0
1	1	0	1	0.706763
4	3	1	1	0
6	4	1	3	0.914942
15	8	3	5	0.253677
20	11	5	0	0
2	2	0	2	0.665786
8	5	2	2	0.320313
11	6	2	4	0
17	9	4	3	0.677592
16	8	3	5	0
20	11	5	0	0
1	1	0	1	0.564289
5	4	1	3	0.327954
15	8	3	5	0
20	11	5	0	0
1	1	0	1	0
5	4	1	3	0.348072
13	7	3	2	0.257551
10	6	2	4	0
18	10	4	5	0.354724
19	11	5	0	0
2	2	0	2	0.28386
8	5	2	2	0.351232
11	6	2	4	0
18	10	4	5	0
19	11	5	0	0
2	2	0	2	0.266196
12	6	2	4	0.31521
17	9	4	3	0.854291
16	8	3	5	0.280231
20	11	5	0	0
2	2	0	2	0.310106
8	5	2	2	0.402115
7	5	2	2	0.758229
7	5	2	2	0.363669
7	5	2	2	0.386242
7	5	2	2	0.505268
11	6	2	4	0.285355
18	10	4	5	0.372566
19	11	5	0	0
2	2	0	2	0.603313
8	5	2	2	0.31545
11	6	2	4	0
17	9	4	3	0.724821
16	8	3	5	0.252147
20	11	5	0	0
1	1	0	1	0.536702
5	4	1	3	0.347495
15	8	3	5	0
20	11	5	0	0
2	2	0	2	0.705152
8	5	2	2	0.340224
11	6	2	4	0.260246
17	9	4	3	0.422681
16	8	3	5	0
20	11	5	0	0
2	2	0	2	0.324675
12	6	2	4	0.350318
17	9	4	3	0.668592
16	8	3	5	0.274545
20	11	5	0	0
1	1	0	1	0.619312
5	4	1	3	0.369915
13	7	3	2	0.690338
10	6	2	4	0
17	9	4	3	0
16	8	3	5	0.2868
20	11	5	0	0
1	1	0	1	0.587382
5	4	1	3	0.372851
15	8	3	5	0
20	11	5	0	0
1	1	0	1	0
5	4	1	3	0.341561
13	7	3	2	0.256336
9	5	2	2	0.38497
11	6	2	4	0.415876
18	10	4	5	0
19	11	5	0	0
2	2	0	2	0
12	6	2	4	0.430941
17	9	4	3	0.684711
14	7	3	2	0.400763
10	6	2	4	0.318738
18	10	4	5	0.289984
19	11	5	0	0
2	2	0	2	0
8	5	2	2	0.325855
7	5	2	2	0.370559
11	6	2	4	0.406054
17	9	4	3	0.277981
16	8	3	5	0
20	11	5	0	0
1	1	0	1	0.611953
5	4	1	3	0.314911
15	8	3	5	0.254852
20	11	5	0	0
1	1	0	1	0
4	3	1	1	0.511829
3	3	1	1	0.31395
3	3	1	1	0.322314
3	3	1	1	0.295811
3	3	1	1	0.287371
6	4	1	3	0.349796
15	8	3	5	0.287972
20	11	5	0	0
1	1	0	1	0
4	3	1	1	0.385864
6	4	1	3	0.335409
15	8	3	5	0.277838
20	11	5	0	0
1	1	0	1	0
5	4	1	3	0.352073
15	8	3	5	0.252103
20	11	5	0	0
2	2	0	2	0.641901
12	6	2	4	0.359473
18	10	4	5	0.250282
19	11	5	0	0
2	2	0	2	0
8	5	2	2	0.387807
7	5	2	2	0.341154
11	6	2	4	0.367909
17	9	4	3	0.301175
14	7	3	2	0.706777
9	5	2	2	0.636926
7	5	2	2	0.316765
11	6	2	4	0.342539
17	9	4	3	0.322982
14	7	3	2	0.661149
10	6	2	4	0.4738
17	9	4	3	0.3243
16	8	3	5	0.290919
20	11	5	0	0
1	1	0	1	0.546484
4	3	1	1	0.464688
3	3	1	1	0.411391
6	4	1	3	0.388556
13	7	3	2	0.293148
9	5	2	2	0.780398
11	6	2	4	0.408365
17	9	4	3	0.660777
16	8	3	5	0
20	11	5	0	0
1	1	0	1	0.510421
5	4	1	3	0.370501
15	8	3	5	0
20	11	5	0	0
2	2	0	2	0.690664
8	5	2	2	0.336875
7	5	2	2	0.337962
7	5	2	2	0.323114
7	5	2	2	0.337695
11	6	2	4	0.387281
17	9	4	3	0.266946
14	7	3	2	0.724565
10	6	2	4	0.541716
18	10	4	5	0.322767
19	11	5	0	0
2	2	0	2	0
12	6	2	4	0.501965
17	9	4	3	0.307821
14	7	3	2	0.455482
9	5	2	2	0.481693
7	5	2	2	0.330403
7	5	2	2	0.383487
11	6	2	4	0.406418
18	10	4	5	0.549437
19	11	5	0	0
1	1	0	1	0
4	3	1	1	0.324249
3	3	1	1	0.411273
6	4	1	3	0.386952
13	7	3	2	0.291226
10	6	2	4	0.36185
18	10	4	5	0.71351
19	11	5	0	0
2	2	0	2	0.296974
8	5	2	2	0.318267
7	5	2	2	0.332394
11	6	2	4	0.468323
17	9	4	3	0.256252
16	8	3	5	0
20	11	5	0	0
1	1	0	1	0.426927
4	3	1	1	0.313544
6	4	1	3	0.401161
15	8	3	5	0.292037
20	11	5	0	0
1	1	0	1	0
5	4	1	3	0.366372
13	7	3	2	0.320121
10	6	2	4	0.270112
17	9	4	3	0
14	7	3	2	0.41059
9	5	2	2	0.408419
11	6	2	4	0.339717
18	10	4	5	0.251638
19	11	5	0	0
1	1	0	1	0.607025
4	3	1	1	0
3	3	1	1	1.1534
6	4	1	3	0.36864
13	7	3	2	0.283204
10	6	2	4	0.353916
18	10	4	5	0.680733
19	11	5	0	0
2	2	0	2	0.30386
8	5	2	2	0.311308
7	5	2	2	0.327342
7	5	2	2	0.30221
11	6	2	4	0.360519
18	10	4	5	0.541052
19	11	5	0	0
1	1	0	1	0
5	4	1	3	0.318065
15	8	3	5	0.285224
20	11	5	0	0
1	1	0	1	0
4	3	1	1	0.436032
6	4	1	3	0.325877
13	7	3	2	0.304091
10	6	2	4	0.259468
17	9	4	3	0
14	7	3	2	0.389195
10	6	2	4	0.369777
17	9	4	3	0.351555
16	8	3	5	0.32143
20	11	5	0	0
2	2	0	2	0.320065
8	5	2	2	0.328541
7	5	2	2	0.377388
11	6	2	4	0.4385
17	9	4	3	0.280717
14	7	3	2	0.655185
10	6	2	4	0.494082
18	10	4	5	0.302416
19	11	5	0	0
2	2	0	2	0
8	5	2	2	0.284145
7	5	2	2	0.294158
11	6	2	4	0.406407
18	10	4	5	0.523586
19	11	5	0	0
2	2	0	2	0.592177
12	6	2	4	0.355233
18	10	4	5	0
19	11	5	0	0
2	2	0	2	0
12	6	2	4	0.392278
17	9	4	3	0.323328
16	8	3	5	0.312889
20	11	5	0	0
2	2	0	2	0.287003
12	6	2	4	0.359617
18	10	4	5	0
19	11	5	0	0
1	1	0	1	0.615681
5	4	1	3	0.579566
15	8	3	5	0.332374
20	11	5	0	0
2	2	0	2	0.587792
12	6	2	4	0.342408
17	9	4	3	0.289013
14	7	3	2	0.436304
10	6	2	4	0.294142
17	9	4	3	0.308893
16	8	3	5	0.337679
20	11	5	0	0
1	1	0	1	0.486944
5	4	1	3	0.364961
15	8	3	5	0.265331
20	11	5	0	0
1	1	0	1	0
4	3	1	1	0.543117
6	4	1	3	0.315722
13	7	3	2	0.306403
9	5	2	2	0.715555
11	6	2	4	0.39199
18	10	4	5	0
19	11	5	0	0
2	2	0	2	0
8	5	2	2	0.307571
7	5	2	2	0.356568
11	6	2	4	0.396694
18	10	4	5	0.50676
19	11	5	0	0
2	2	0	2	0.560615
8	5	2	2	0.317725
11	6	2	4	0.262782
18	10	4	5	0
19	11	5	0	0
1	1	0	1	0.304135
4	3	1	1	0.285213
3	3	1	1	1.09323
3	3	1	1	0.348468
3	3	1	1	0.32002
3	3	1	1	0.308642
6	4	1	3	0.367005
15	8	3	5	0.306012
20	11	5	0	0.257948
1	1	0	1	0
4	3	1	1	0.414813
6	4	1	3	0.353996
15	8	3	5	0.293715
20	11	5	0	0
1	1	0	1	0
4	3	1	1	0.385716
6	4	1	3	0.359739
13	7	3	2	0.329432
10	6	2	4	0
17	9	4	3	0
14	7	3	2	0.421652
9	5	2	2	0.443479
11	6	2	4	0.287416
17	9	4	3	0.605287
16	8	3	5	0
20	11	5	0	0
2	2	0	2	0.333913
8	5	2	2	0.3285
7	5	2	2	0.363552
11	6	2	4	0.395825
18	10	4	5	0.483791
19	11	5	0	0
2	2	0	2	0.573806
12	6	2	4	0.337167
18	10	4	5	0
19	11	5	0	0
1	1	0	1	0.6861
5	4	1	3	0.622095
13	7	3	2	0.321114
10	6	2	4	0
17	9	4	3	0
14	7	3	2	0.410755
10	6	2	4	0.325368
18	10	4	5	0.281214
19	11	5	0	0
1	1	0	1	0.652468
4	3	1	1	0.254815
3	3	1	1	1.11072
6	4	1	3	0.366657
13	7	3	2	0.282991
10	6	2	4	0.283944
17	9	4	3	0
14	7	3	2	0.391016
10	6	2	4	0.307685
18	10	4	5	0.268117
19	11	5	0	0
2	2	0	2	0
8	5	2	2	0.310133
7	5	2	2	0.599941
11	6	2	4	0.350292
17	9	4	3	0.296308
16	8	3	5	0
20	11	5	0	0
1	1	0	1	0.569225
5	4	1	3	0.339745
13	7	3	2	0.398287
10	6	2	4	0
17	9	4	3	0
16	8	3	5	0.328819
20	11	5	0	0
2	2	0	2	0.307309
12	6	2	4	0.330074
18	10	4	5	0
19	11	5	0	0
1	1	0	1	0.317888
4	3	1	1	0
3	3	1	1	0.62704
6	4	1	3	0.361686
15	8	3	5	0.318798
20	11	5	0	0.270588
1	1	0	1	0
4	3	1	1	0.426186
3	3	1	1	0.329163
3	3	1	1	0.320915
3	3	1	1	0.293918
6	4	1	3	0.367414
13	7	3	2	0.294041
10	6	2	4	0.280476
17	9	4	3	0
16	8	3	5	0.286714
20	11	5	0	0
1	1	0	1	0.554282
5	4	1	3	0.42332
15	8	3	5	0
20	11	5	0	0
2	2	0	2	0.737392
12	6	2	4	0.308897
17	9	4	3	0.628807
16	8	3	5	0.260828
20	11	5	0	0
2	2	0	2	0.292377
12	6	2	4	0.346918
17	9	4	3	0.873036
16	8	3	5	0
20	11	5	0	0
1	1	0	1	0.55323
5	4	1	3	0.389984
13	7	3	2	0.716289
9	5	2	2	0.821408
7	5	2	2	0.47421
11	6	2	4	0.284708
18	10	4	5	0.37422
19	11	5	0	0
1	1	0	1	0.256421
5	4	1	3	0.315251
15	8	3	5	0.285904
20	11	5	0	0
2	2	0	2	0.621923
12	6	2	4	0.340886
18	10	4	5	0.251761
19	11	5	0	0
1	1	0	1	0.723263
4	3	1	1	0
6	4	1	3	0.947619
15	8	3	5	0
20	11	5	0	0
2	2	0	2	0.64864
12	6	2	4	0.318815
17	9	4	3	0.59879
16	8	3	5	0.260145
20	11	5	0	0
1	1	0	1	0.590491
4	3	1	1	0.399186
6	4	1	3	0.402438
13	7	3	2	0.323059
9	5	2	2	0.647546
11	6	2	4	0.374554
18	10	4	5	0
19	11	5	0	0
2	2	0	2	0
12	6	2	4	0.39638
18	10	4	5	0
19	11	5	0	0
2	2	0	2	0
8	5	2	2	0.34447
11	6	2	4	0.25185
17	9	4	3	0.38311
16	8	3	5	0
20	11	5	0	0
2	2	0	2	0.32595
8	5	2	2	0.351288
7	5	2	2	0.5943
11	6	2	4	0.335666
17	9	4	3	0.279107
14	7	3	2	0.708279
10	6	2	4	0.424687
18	10	4	5	0.273666
19	11	5	0	0
2	2	0	2	0
12	6	2	4	0.395391
18	10	4	5	0.254029
19	11	5	0	0
2	2	0	2	0
8	5	2	2	0.358048
7	5	2	2	0.602537
7	5	2	2	0.374576
11	6	2	4	0.302948
17	9	4	3	0.270429
16	8	3	5	0
20	11	5	0	0
1	1	0	1	0.644581
5	4	1	3	0.369143
15	8	3	5	0
20	11	5	0	0
2	2	0	2	0.669716
8	5	2	2	0.373905
11	6	2	4	0.261119
18	10	4	5	0.264775
19	11	5	0	0
1	1	0	1	0.569273
4	3	1	1	0.279826
3	3	1	1	0.638593
3	3	1	1	0.30732
6	4	1	3	0.384988
15	8	3	5	0.288035
20	11	5	0	0.258491
2	2	0	2	0.563725
8	5	2	2	0.325478
11	6	2	4	0.250381
18	10	4	5	0.363978
19	11	5	0	0
1	1	0	1	0.556005
5	4	1	3	0.349195
13	7	3	2	0.394008
10	6	2	4	0.264917
17	9	4	3	0
14	7	3	2	0.437191
10	6	2	4	0.315951
17	9	4	3	0.322698
14	7	3	2	0.439405
9	5	2	2	0.562291
11	6	2	4	0.278288
17	9	4	3	0.589091
14	7	3	2	0.63396
9	5	2	2	0.517456
7	5	2	2	0.333014
11	6	2	4	0.309251
18	10	4	5	0.491478
19	11	5	0	0
1	1	0	1	0
4	3	1	1	0.321957
3	3	1	1	0.431907
6	4	1	3	0.374081
15	8	3	5	0.303493
20	11	5	0	0.267365
1	1	0	1	0
5	4	1	3	0.368897
15	8	3	5	0.259814
20	11	5	0	0
1	1	0	1	0
4	3	1	1	0.428884
6	4	1	3	0.338209
13	7	3	2	0.316219
10	6	2	4	0
17	9	4	3	0
16	8	3	5	0.291979
20	11	5	0	0
1	1	0	1	0.560739
5	4	1	3	0.410735
15	8	3	5	0
20	11	5	0	0
2	2	0	2	0.714497
12	6	2	4	0.327408
18	10	4	5	0
19	11	5	0	0
2	2	0	2	0
12	6	2	4	0.509606
17	9	4	3	0.357893
16	8	3	5	0.276718
20	11	5	0	0
1	1	0	1	0.604241
5	4	1	3	0.392571
15	8	3	5	0
20	11	5	0	0
1	1	0	1	0
4	3	1	1	0.473878
3	3	1	1	0.297857
3	3	1	1	0.306433
3	3	1	1	0.282286
3	3	1	1	0.272591
3	3	1	1	0.264942
6	4	1	3	0.391239
13	7	3	2	0.312207
10	6	2	4	0.305398
17	9	4	3	0
16	8	3	5	0.261426
20	11	5	0	0
2	2	0	2	0.300008
8	5	2	2	0.407344
11	6	2	4	0.260053
18	10	4	5	0
19	11	5	0	0
1	1	0	1	0.296615
4	3	1	1	0
3	3	1	1	0.59658
6	4	1	3	0.4144
15	8	3	5	0.259778
20	11	5	0	0.263734
2	2	0	2	0.58865
8	5	2	2	0.307096
11	6	2	4	0.255985
18	10	4	5	0.380332
19	11	5	0	0
1	1	0	1	0.528237
5	4	1	3	0.613055
13	7	3	2	0.395697
9	5	2	2	0.597019
7	5	2	2	0.489928
7	5	2	2	0.410108
11	6	2	4	0.357735
17	9	4	3	0.293241
14	7	3	2	0.749997
10	6	2	4	0.433286
17	9	4	3	0.331656
16	8	3	5	0.275671
20	11	5	0	0
1	1	0	1	0.518705
4	3	1	1	0.430192
6	4	1	3	0.425312
13	7	3	2	0.342702
10	6	2	4	0
17	9	4	3	0
16	8	3	5	0.269992
20	11	5	0	0
2	2	0	2	0.299851
8	5	2	2	0.383601
11	6	2	4	0.26665
18	10	4	5	0
19	11	5	0	0
2	2	0	2	0.31638
12	6	2	4	0.350231
17	9	4	3	0.681243
14	7	3	2	0.468766
10	6	2	4	0.29782
17	9	4	3	0.308602
16	8	3	5	0.280067
20	11	5	0	0
1	1	0	1	0.478292
4	3	1	1	0.385148
6	4	1	3	0.411466
15	8	3	5	0.261886
20	11	5	0	0
1	1	0	1	0
4	3	1	1	0.356037
6	4	1	3	0.354177
13	7	3	2	0.325246
10	6	2	4	0
17	9	4	3	0
14	7	3	2	0.418177
10	6	2	4	0.348832
18	10	4	5	0.319005
19	11	5	0	0
1	1	0	1	0.662329
4	3	1	1	0
6	4	1	3	0.652406
15	8	3	5	0
20	11	5	0	0
2	2	0	2	0.637518
8	5	2	2	0.323815
11	6	2	4	0.267333
18	10	4	5	0.279305
19	11	5	0	0
2	2	0	2	0
12	6	2	4	0.392206
17	9	4	3	0.598575
16	8	3	5	0.256875
20	11	5	0	0
1	1	0	1	0.589627
5	4	1	3	0.412696
15	8	3	5	0
20	11	5	0	0
2	2	0	2	0.688448
8	5	2	2	0.37389
7	5	2	2	0.377424
7	5	2	2	0.370507
11	6	2	4	0.334417
18	10	4	5	0.511319
19	11	5	0	0
1	1	0	1	0
4	3	1	1	0.268405
6	4	1	3	0.39396
15	8	3	5	0.261557
20	11	5	0	0
2	2	0	2	0.623507
8	5	2	2	0.317536
11	6	2	4	0.270921
18	10	4	5	0.277474
19	11	5	0	0
2	2	0	2	0
12	6	2	4	0.399674
18	10	4	5	0
19	11	5	0	0
1	1	0	1	0.615321
4	3	1	1	0
6	4	1	3	0.547192
15	8	3	5	0
20	11	5	0	0
2	2	0	2	0.628383
12	6	2	4	0.319145
18	10	4	5	0
19	11	5	0	0
1	1	0	1	0.787237
4	3	1	1	0
6	4	1	3	1.00589
15	8	3	5	0
20	11	5	0	0
2	2	0	2	0.632399
8	5	2	2	0.337011
11	6	2	4	0
17	9	4	3	0.370537
16	8	3	5	0
20	11	5	0	0
1	1	0	1	0.588817
5	4	1	3	0.3711
13	7	3	2	0.729774
10	6	2	4	0
17	9	4	3	0
16	8	3	5	0.254228
20	11	5	0	0
1	1	0	1	0.573291
5	4	1	3	0.415179
13	7	3	2	0.747058
10	6	2	4	0
18	10	4	5	0.579625
19	11	5	0	0
2	2	0	2	0.286567
8	5	2	2	0.379752
7	5	2	2	0.41527
11	6	2	4	0.398784
18	10	4	5	0.408174
19	11	5	0	0
1	1	0	1	0
5	4	1	3	0.313307
15	8	3	5	0.260846
20	11	5	0	0
2	2	0	2	0.625687
12	6	2	4	0.329948
18	10	4	5	0
19	11	5	0	0
1	1	0	1	0.733421
4	3	1	1	0
6	4	1	3	0.949077
15	8	3	5	0
20	11	5	0	0
2	2	0	2	0.648807
8	5	2	2	0.336845
7	5	2	2	0.623899
11	6	2	4	0.362957
18	10	4	5	0.453395
19	11	5	0	0
1	1	0	1	0
4	3	1	1	0.263459
6	4	1	3	0.389044
15	8	3	5	0.25148
20	11	5	0	0
2	2	0	2	0.648325
8	5	2	2	0.324006
11	6	2	4	0
18	10	4	5	0.251185
19	11	5	0	0
1	1	0	1	0.560328
4	3	1	1	0
3	3	1	1	0.950895
3	3	1	1	0.27857
3	3	1	1	0.25809
3	3	1	1	0.251898
3	3	1	1	0
6	4	1	3	0.648551
13	7	3	2	0.581623
9	5	2	2	0.824989
11	6	2	4	0.327792
18	10	4	5	0
19	11	5	0	0
1	1	0	1	0.586795
5	4	1	3	0.683294
13	7	3	2	0.369321
10	6	2	4	0
17	9	4	3	0.266854
16	8	3	5	0
20	11	5	0	0
1	1	0	1	0.544999
5	4	1	3	0.42499
15	8	3	5	0
20	11	5	0	0
2	2	0	2	0.772484
8	5	2	2	0.345176
7	5	2	2	0.616572
7	5	2	2	0.355634
11	6	2	4	0.304773
17	9	4	3	0.320356
14	7	3	2	0.754145
9	5	2	2	0.647272
7	5	2	2	0.318403
7	5	2	2	0.45457
7	5	2	2	0.347817
7	5	2	2	0.486914
11	6	2	4	0.30804
18	10	4	5	0.411804
19	11	5	0	0
1	1	0	1	0
4	3	1	1	0.265021
3	3	1	1	0.362473
3	3	1	1	0.276958
6	4	1	3	0.38111
13	7	3	2	0.306555
10	6	2	4	0.303712
18	10	4	5	0.379899
19	11	5	0	0
2	2	0	2	0.319833
12	6	2	4	0.331892
17	9	4	3	0.79573
16	8	3	5	0
20	11	5	0	0
1	1	0	1	0.472317
4	3	1	1	0.348226
6	4	1	3	0.417007
15	8	3	5	0
20	11	5	0	0
1	1	0	1	0
4	3	1	1	0.329673
3	3	1	1	0.276227
6	4	1	3	0.402981
15	8	3	5	0
20	11	5	0	0.253945
2	2	0	2	0.661393
8	5	2	2	0.263144
7	5	2	2	0.292875
11	6	2	4	0.372306
17	9	4	3	0.32256
16	8	3	5	0
20	11	5	0	0
1	1	0	1	0.517749
4	3	1	1	0.256691
3	3	1	1	0.330387
3	3	1	1	0.260804
3	3	1	1	0
6	4	1	3	0.677921
15	8	3	5	0
20	11	5	0	0.257714
1	1	0	1	0
4	3	1	1	0.302917
3	3	1	1	0.250603
6	4	1	3	0.701545
13	7	3	2	0.62021
9	5	2	2	0.753252
7	5	2	2	0.448858
11	6	2	4	0.293346
18	10	4	5	0.363122
19	11	5	0	0
2	2	0	2	0.587742
12	6	2	4	0.381466
18	10	4	5	0
19	11	5	0	0
1	1	0	1	0.375884
5	4	1	3	0.725919
15	8	3	5	0
20	11	5	0	0
2	2	0	2	0.672128
8	5	2	2	0.255063
11	6	2	4	0.262915
17	9	4	3	0.470826
14	7	3	2	0.73997
9	5	2	2	0.442346
11	6	2	4	0.29413
18	10	4	5	0.33593
19	11	5	0	0
2	2	0	2	0
8	5	2	2	0.296343
7	5	2	2	0.331973
11	6	2	4	0.359655
17	9	4	3	0.34191
16	8	3	5	0
20	11	5	0	0
1	1	0	1	0.52171
5	4	1	3	0.410599
15	8	3	5	0
20	11	5	0	0
1	1	0	1	0
5	4	1	3	0.430742
15	8	3	5	0
20	11	5	0	0
1	1	0	1	0
5	4	1	3	0.41622
15	8	3	5	0
20	11	5	0	0
1	1	0	1	0
5	4	1	3	0.408294
13	7	3	2	0.629136
10	6	2	4	0
17	9	4	3	0.263724
16	8	3	5	0
20	11	5	0	0
1	1	0	1	0.46212
5	4	1	3	0.459459
15	8	3	5	0
20	11	5	0	0
2	2	0	2	0.816131
12	6	2	4	0.356998
17	9	4	3	0.636392
14	7	3	2	0.771995
9	5	2	2	0.50642
7	5	2	2	0.304542
7	5	2	2	0.375568
11	6	2	4	0.382412
17	9	4	3	0.314152
16	8	3	5	0
20	11	5	0	0
2	2	0	2	0.37883
12	6	2	4	0.504016
18	10	4	5	0.570282
19	11	5	0	0
1	1	0	1	0.296496
4	3	1	1	0
6	4	1	3	0.443958
13	7	3	2	0.622909
10	6	2	4	0
17	9	4	3	0
16	8	3	5	0.252844
20	11	5	0	0
1	1	0	1	0.476878
5	4	1	3	0.436116
13	7	3	2	0.773896
10	6	2	4	0
18	10	4	5	0.357089
19	11	5	0	0
2	2	0	2	0.324287
12	6	2	4	0.365831
17	9	4	3	0.768716
14	7	3	2	0.708547
10	6	2	4	0.310282
17	9	4	3	0.346362
16	8	3	5	0.269713
20	11	5	0	0
1	1	0	1	0.42205
4	3	1	1	0.378018
3	3	1	1	0.388183
3	3	1	1	0.287977
6	4	1	3	0.367302
15	8	3	5	0.254377
20	11	5	0	0.251643
2	2	0	2	0.631255
8	5	2	2	0.282612
7	5	2	2	0.308818
7	5	2	2	0.332413
11	6	2	4	0.36952
17	9	4	3	0.295867
14	7	3	2	0.758267
10	6	2	4	0.489786
18	10	4	5	0.31446
19	11	5	0	0
2	2	0	2	0
8	5	2	2	0.295084
7	5	2	2	0.320574
11	6	2	4	0.421795
18	10	4	5	0.53808
19	11	5	0	0
2	2	0	2	0.606259
8	5	2	2	0.296352
11	6	2	4	0.291554
18	10	4	5	0.255507
19	11	5	0	0
2	2	0	2	0.293907
12	6	2	4	0.387956
18	10	4	5	0
19	11	5	0	0
2	2	0	2	0
8	5	2	2	0.313098
7	5	2	2	0.32395
7	5	2	2	0.345843
7	5	2	2	0.39814
7	5	2	2	0.485038
7	5	2	2	0.477697
7	5	2	2	0.442641
7	5	2	2	0.438296
11	6	2	4	0.351548
17	9	4	3	0.288301
16	8	3	5	0
20	11	5	0	0
1	1	0	1	0.481996
4	3	1	1	0.298083
6	4	1	3	0.416344
15	8	3	5	0.259133
20	11	5	0	0
1	1	0	1	0
4	3	1	1	0.363015
6	4	1	3	0.37048
15	8	3	5	0.260855
20	11	5	0	0
2	2	0	2	0.666547
12	6	2	4	0.396278
18	10	4	5	0.272104
19	11	5	0	0
2	2	0	2	0
12	6	2	4	0.656381
18	10	4	5	0.329523
19	11	5	0	0
2	2	0	2	0.255437
12	6	2	4	0.398254
17	9	4	3	0.323632
16	8	3	5	0.252489
20	11	5	0	0
2	2	0	2	0.293915
8	5	2	2	0.353786
11	6	2	4	0.28174
18	10	4	5	0.253212
19	11	5	0	0
1	1	0	1	0.296351
4	3	1	1	0
6	4	1	3	0.611646
13	7	3	2	0.660873
10	6	2	4	0
18	10	4	5	0.632358
19	11	5	0	0
2	2	0	2	0.302205
8	5	2	2	0.33058
11	6	2	4	0.273357
18	10	4	5	0
19	11	5	0	0
1	1	0	1	0.29672
4	3	1	1	0
6	4	1	3	0.896358
15	8	3	5	0
20	11	5	0	0
1	1	0	1	0
4	3	1	1	0.359287
3	3	1	1	0.305198
3	3	1	1	0.293834
3	3	1	1	0.269751
3	3	1	1	0.262807
6	4	1	3	0.416619
13	7	3	2	0.597025
10	6	2	4	0.298939
18	10	4	5	0.624333
19	11	5	0	0
1	1	0	1	0.277368
5	4	1	3	0.631021
15	8	3	5	0
20	11	5	0	0
1	1	0	1	0
5	4	1	3	0.431251
15	8	3	5	0
20	11	5	0	0
2	2	0	2	0.676835
8	5	2	2	0.286708
11	6	2	4	0.263889
18	10	4	5	0.318982
19	11	5	0	0
2	2	0	2	0
12	6	2	4	0.373313
18	10	4	5	0
19	11	5	0	0
1	1	0	1	0.375429
4	3	1	1	0
6	4	1	3	0.994404
15	8	3	5	0
20	11	5	0	0
1	1	0	1	0
4	3	1	1	0.332684
3	3	1	1	0.273931
3	3	1	1	0.271727
6	4	1	3	0.411662
13	7	3	2	0.604051
9	5	2	2	0.798672
7	5	2	2	0.483727
7	5	2	2	0.317651
11	6	2	4	0.359239
18	10	4	5	0.426863
19	11	5	0	0
2	2	0	2	0.657491
8	5	2	2	0.286679
11	6	2	4	0.253556
18	10	4	5	0
19	11	5	0	0
2	2	0	2	0.303856
8	5	2	2	0.303223
7	5	2	2	0.604966
7	5	2	2	0.310886
11	6	2	4	0.309553
18	10	4	5	0.426404
19	11	5	0	0
2	2	0	2	0.664328
12	6	2	4	0.308463
18	10	4	5	0
19	11	5	0	0
2	2	0	2	0.281796
12	6	2	4	0.329029
17	9	4	3	0.358443
16	8	3	5	0
20	11	5	0	0
2	2	0	2	0.330475
8	5	2	2	0.36212
7	5	2	2	0.684255
7	5	2	2	0.323608
11	6	2	4	0.303978
18	10	4	5	0.411169
19	11	5	0	0
2	2	0	2	0.632095
8	5	2	2	0.298718
7	5	2	2	0.617683
11	6	2	4	0.374845
17	9	4	3	0.294599
16	8	3	5	0
20	11	5	0	0
2	2	0	2	0.353595
8	5	2	2	0.30321
11	6	2	4	0.254752
17	9	4	3	0.650943
16	8	3	5	0
20	11	5	0	0
1	1	0	1	0.541792
5	4	1	3	0.426915
15	8	3	5	0
20	11	5	0	0
1	1	0	1	0
4	3	1	1	0.398002
3	3	1	1	0.266866
6	4	1	3	0.455463
15	8	3	5	0
20	11	5	0	0
2	2	0	2	0.612365
12	6	2	4	0.343686
18	10	4	5	0
19	11	5	0	0
2	2	0	2	0
12	6	2	4	0.490434
18	10	4	5	0.300793
19	11	5	0	0
1	1	0	1	0.422013
5	4	1	3	0.731218
15	8	3	5	0.255946
20	11	5	0	0
2	2	0	2	0.602789
8	5	2	2	0.281478
7	5	2	2	0.299207
7	5	2	2	0.328128
11	6	2	4	0.31768
18	10	4	5	0.378584
19	11	5	0	0
1	1	0	1	0
4	3	1	1	0.257866
3	3	1	1	0.362388
3	3	1	1	0.281224
6	4	1	3	0.451462
13	7	3	2	0.62939
10	6	2	4	0.282672
18	10	4	5	0.335836
19	11	5	0	0
1	1	0	1	0.274145
4	3	1	1	0
6	4	1	3	0.890482
13	7	3	2	0.711013
9	5	2	2	0.691625
7	5	2	2	0.484784
7	5	2	2	0.315736
7	5	2	2	0.296242
11	6	2	4	0.310158
17	9	4	3	0.325891
16	8	3	5	0
20	11	5	0	0
2	2	0	2	0.384405
12	6	2	4	0.413804
17	9	4	3	1.08454
16	8	3	5	0
20	11	5	0	0
1	1	0	1	0.495341
5	4	1	3	0.474964
15	8	3	5	0
20	11	5	0	0
2	2	0	2	0.748711
12	6	2	4	0.333679
18	10	4	5	0
19	11	5	0	0
2	2	0	2	0
12	6	2	4	0.521996
18	10	4	5	0.262536
19	11	5	0	0
1	1	0	1	0.397771
4	3	1	1	0
3	3	1	1	1.03874
3	3	1	1	0.282801
3	3	1	1	0.260374
3	3	1	1	0.254432
3	3	1	1	0
6	4	1	3	0.720547
15	8	3	5	0
20	11	5	0	0.252751
1	1	0	1	0
5	4	1	3	0.482177
13	7	3	2	0.709632
9	5	2	2	0.74621
11	6	2	4	0.370513
18	10	4	5	0
19	11	5	0	0
2	2	0	2	0
8	5	2	2	0.284751
7	5	2	2	0.33454
7	5	2	2	0.299703
11	6	2	4	0.316676
18	10	4	5	0.397609
19	11	5	0	0
2	2	0	2	0.639707
8	5	2	2	0.292649
7	5	2	2	0.353375
7	5	2	2	0.29678
7	5	2	2	0.303957
7	5	2	2	0.431989
7	5	2	2	0.446705
7	5	2	2	0.411492
11	6	2	4	0.328717
17	9	4	3	0.316154
16	8	3	5	0
20	11	5	0	0
2	2	0	2	0.3747
8	5	2	2	0.263195
11	6	2	4	0.278578
17	9	4	3	0.403189
16	8	3	5	0
20	11	5	0	0
1	1	0	1	0.460246
5	4	1	3	0.467639
13	7	3	2	0.83118
9	5	2	2	0.711129
11	6	2	4	0.377421
17	9	4	3	0.659905
14	7	3	2	0.763925
9	5	2	2	0.393417
7	5	2	2	0
11	6	2	4	0.368251
17	9	4	3	0.337364
16	8	3	5	0
20	11	5	0	0
1	1	0	1	0.509751
5	4	1	3	0.428196
13	7	3	2	0.810037
10	6	2	4	0
17	9	4	3	0
16	8	3	5	0.267699
20	11	5	0	0
1	1	0	1	0.461349
5	4	1	3	0.4881
13	7	3	2	0.8103
9	5	2	2	0.699711
7	5	2	2	0.356453
7	5	2	2	0.292764
11	6	2	4	0.46324
18	10	4	5	0.533367
19	11	5	0	0
2	2	0	2	0.644296
8	5	2	2	0.255035
11	6	2	4	0.323773
18	10	4	5	0.269411
19	11	5	0	0
1	1	0	1	0.289835
4	3	1	1	0
3	3	1	1	1.00479
6	4	1	3	0.429386
13	7	3	2	0.331189
10	6	2	4	0.351715
18	10	4	5	0.663093
19	11	5	0	0
1	1	0	1	0.276728
5	4	1	3	0.351267
13	7	3	2	0.427401
9	5	2	2	0.472363
11	6	2	4	0.379337
17	9	4	3	0.748685
16	8	3	5	0
20	11	5	0	0
2	2	0	2	0.366675
8	5	2	2	0.267133
11	6	2	4	0.300327
17	9	4	3	0.408978
16	8	3	5	0
20	11	5	0	0
1	1	0	1	0.45279
5	4	1	3	0.382978
15	8	3	5	0
20	11	5	0	0
2	2	0	2	0.758926
8	5	2	2	0.281336
11	6	2	4	0.312553
17	9	4	3	0.4442
14	7	3	2	0.6943
10	6	2	4	0.342731
18	10	4	5	0.316942
19	11	5	0	0
1	1	0	1	0.589415
5	4	1	3	0.597224
15	8	3	5	0.302549
20	11	5	0	0
1	1	0	1	0
4	3	1	1	0.41472
6	4	1	3	0.337642
13	7	3	2	0.32496
10	6	2	4	0.274699
18	10	4	5	0.682046
19	11	5	0	0
1	1	0	1	0.278271
4	3	1	1	0.280148
6	4	1	3	0.535534
15	8	3	5	0.256912
20	11	5	0	0
2	2	0	2	0.699829
8	5	2	2	0.265171
7	5	2	2	0.2861
11	6	2	4	0.452528
17	9	4	3	0.315391
16	8	3	5	0
20	11	5	0	0
2	2	0	2	0.342529
8	5	2	2	0.295348
7	5	2	2	0.319809
7	5	2	2	0.290091
11	6	2	4	0.380843
17	9	4	3	0.299693
16	8	3	5	0
20	11	5	0	0
2	2	0	2	0.356985
8	5	2	2	0.270751
11	6	2	4	0.3042
17	9	4	3	0.38087
14	7	3	2	0.695962
9	5	2	2	0.494031
11	6	2	4	0.603742
17	9	4	3	0.331705
14	7	3	2	0.686062
10	6	2	4	0.427183
18	10	4	5	0.343249
19	11	5	0	0
1	1	0	1	0.633042
5	4	1	3	0.586539
15	8	3	5	0.314904
20	11	5	0	0
1	1	0	1	0
5	4	1	3	0.419159
15	8	3	5	0.262327
20	11	5	0	0
2	2	0	2	0.642183
12	6	2	4	0.402774
18	10	4	5	0.272062
19	11	5	0	0
2	2	0	2	0
8	5	2	2	0.300131
7	5	2	2	0.282554
11	6	2	4	0.405753
17	9	4	3	0.302988
14	7	3	2	0.709969
9	5	2	2	0.631651
11	6	2	4	0.318005
17	9	4	3	0.355675
14	7	3	2	0.633602
9	5	2	2	0.420422
7	5	2	2	0.268511
11	6	2	4	0.373512
18	10	4	5	0.551293
19	11	5	0	0
1	1	0	1	0
5	4	1	3	0.330004
15	8	3	5	0.314542
20	11	5	0	0
2	2	0	2	0.62044
8	5	2	2	0.265187
7	5	2	2	0.283927
7	5	2	2	0.303864
11	6	2	4	0.384322
18	10	4	5	0.483219
19	11	5	0	0
2	2	0	2	0.604038
8	5	2	2	0.279543
7	5	2	2	0.347518
7	5	2	2	0.295758
11	6	2	4	0.379269
18	10	4	5	0.538004
19	11	5	0	0
2	2	0	2	0.609835
12	6	2	4	0.380079
18	10	4	5	0.256986
19	11	5	0	0
1	1	0	1	0.634433
5	4	1	3	0.331848
13	7	3	2	0.340968
9	5	2	2	0.687155
11	6	2	4	0.373841
18	10	4	5	0
19	11	5	0	0
2	2	0	2	0
12	6	2	4	0.465948
17	9	4	3	0.480024
14	7	3	2	0.463442
9	5	2	2	0.496503
7	5	2	2	0.307518
7	5	2	2	0.36056
11	6	2	4	0.374312
17	9	4	3	0.285176
16	8	3	5	0
20	11	5	0	0
1	1	0	1	0.537916
5	4	1	3	0.35137
15	8	3	5	0.273175
20	11	5	0	0
2	2	0	2	0.708986
12	6	2	4	0.379507
17	9	4	3	0.337456
16	8	3	5	0.307704
20	11	5	0	0
1	1	0	1	0.541149
4	3	1	1	0.536781
6	4	1	3	0.402619
13	7	3	2	0.331539
9	5	2	2	0.326798
7	5	2	2	0.531253
7	5	2	2	0.284251
11	6	2	4	0.45426
18	10	4	5	0.533877
19	11	5	0	0
2	2	0	2	0.593996
8	5	2	2	0.269367
7	5	2	2	0.334417
7	5	2	2	0.287057
7	5	2	2	0.295098
7	5	2	2	0.411422
7	5	2	2	0.429781
11	6	2	4	0.396136
17	9	4	3	0.277317
16	8	3	5	0
20	11	5	0	0
2	2	0	2	0.323118
8	5	2	2	0.25429
7	5	2	2	0.282618
11	6	2	4	0.457098
17	9	4	3	0.270268
16	8	3	5	0
20	11	5	0	0
2	2	0	2	0.293422
12	6	2	4	0.636559
18	10	4	5	0.663113
19	11	5	0	0
1	1	0	1	0.556632
4	3	1	1	0.287663
3	3	1	1	0.549067
3	3	1	1	0.386905
6	4	1	3	0.399098
15	8	3	5	0.321295
20	11	5	0	0
1	1	0	1	0
4	3	1	1	0.473994
6	4	1	3	0.376236
13	7	3	2	0.351862
10	6	2	4	0.285091
18	10	4	5	0.739361
19	11	5	0	0
2	2	0	2	0.314893
8	5	2	2	0.278305
11	6	2	4	0.314719
18	10	4	5	0.280537
19	11	5	0	0
2	2	0	2	0.293942
12	6	2	4	0.423683
17	9	4	3	0.697398
16	8	3	5	0.291847
20	11	5	0	0
2	2	0	2	0.276678
8	5	2	2	0.323898
11	6	2	4	0.297433
17	9	4	3	0.379553
14	7	3	2	0.445274
9	5	2	2	0.444059
7	5	2	2	0.265792
7	5	2	2	0.38359
11	6	2	4	0.403821
18	10	4	5	0.548059
19	11	5	0	0
1	1	0	1	0
5	4	1	3	0.354337
13	7	3	2	0.383223
10	6	2	4	0
17	9	4	3	0
16	8	3	5	0.322387
20	11	5	0	0
2	2	0	2	0.27975
8	5	2	2	0.318195
11	6	2	4	0.301651
18	10	4	5	0.267584
19	11	5	0	0
2	2	0	2	0.31951
8	5	2	2	0.283351
7	5	2	2	0.317591
11	6	2	4	0.486783
18	10	4	5	0.707956
19	11	5	0	0
2	2	0	2	0.273335
12	6	2	4	0.405475
18	10	4	5	0.264805
19	11	5	0	0
2	2	0	2	0
12	6	2	4	0.45021
17	9	4	3	0.300638
16	8	3	5	0.305691
20	11	5	0	0
1	1	0	1	0.598022
5	4	1	3	0.461708
15	8	3	5	0.258009
20	11	5	0	0
1	1	0	1	0
4	3	1	1	0.542511
3	3	1	1	0.391001
6	4	1	3	0.408812
15	8	3	5	0.311091
20	11	5	0	0
2	2	0	2	0.565552
12	6	2	4	0.392427
17	9	4	3	0.279793
14	7	3	2	0.507123
9	5	2	2	0.533354
7	5	2	2	0.314682
7	5	2	2	0.375369
11	6	2	4	0.393728
17	9	4	3	0.259672
14	7	3	2	0.729644
10	6	2	4	0.518087
18	10	4	5	0.298331
19	11	5	0	0
2	2	0	2	0
8	5	2	2	0.284722
7	5	2	2	0.296902
11	6	2	4	0.427771
18	10	4	5	0.53238
19	11	5	0	0
1	1	0	1	0
5	4	1	3	0.352401
15	8	3	5	0.303074
20	11	5	0	0
2	2	0	2	0.590877
8	5	2	2	0.27218
11	6	2	4	0.286532
17	9	4	3	0.349849
14	7	3	2	0.3993
10	6	2	4	0.352626
18	10	4	5	0.341684
19	11	5	0	0
1	1	0	1	0.703171
4	3	1	1	0.265812
3	3	1	1	1.18098
6	4	1	3	0.397871
13	7	3	2	0.305258
10	6	2	4	0.330383
18	10	4	5	0.660437
19	11	5	0	0
2	2	0	2	0.279097
12	6	2	4	0.354606
17	9	4	3	0.704544
14	7	3	2	0.461342
9	5	2	2	0.556687
11	6	2	4	0.311291
18	10	4	5	0
19	11	5	0	0
1	1	0	1	0.630818
5	4	1	3	0.322842
13	7	3	2	0.360523
9	5	2	2	0.474525
11	6	2	4	0.355403
18	10	4	5	0
19	11	5	0	0
2	2	0	2	0
8	5	2	2	0.288582
7	5	2	2	0.344984
11	6	2	4	0.380785
17	9	4	3	0.28993
14	7	3	2	0.648581
9	5	2	2	0.616659
11	6	2	4	0.286551
17	9	4	3	0.621735
16	8	3	5	0.285133
20	11	5	0	0
2	2	0	2	0.292232
8	5	2	2	0.294306
7	5	2	2	0.334589
7	5	2	2	0.332064
7	5	2	2	0.385776
7	5	2	2	0.452365
7	5	2	2	0.445459
7	5	2	2	0.411463
7	5	2	2	0.414659
7	5	2	2	0.401521
7	5	2	2	0.394354
7	5	2	2	0.369217
7	5	2	2	0.357205
11	6	2	4	0.389067
17	9	4	3	0.258297
16	8	3	5	0
20	11	5	0	0
2	2	0	2	0.299278
12	6	2	4	0.802011
17	9	4	3	0.706654
16	8	3	5	0.317419
20	11	5	0	0
2	2	0	2	0.2585
8	5	2	2	0.286651
11	6	2	4	0.337152
17	9	4	3	0.326842
16	8	3	5	0.285078
20	11	5	0	0
