0.582969
0.86105
0.678105
0.431129
0
0.577014
0.267136
0.255175
0.40387
0.322095
0.271054
0.304902
0.387485
0.437552
0.347116
0.431799
0.449151
0.284086
0.355644
0.492865
0.434986
0.395504
0
0.570915
0.321571
0.415275
0.267194
0.254811
0
0
0
0
0.644975
0.656821
0.403836
0.268231
0.310525
0.26572
0.385425
0.393314
0.407795
0.352488
0.290634
0.774982
0.272864
0.359135
0.452441
0.301204
0.406479
0.513553
0.31689
0.444183
0.280536
0.414717
0.254343
0.254754
0.260257
0.335816
1.1238
0.479183
0
0.571946
0.258815
0.282649
0.44066
0.325689
0.352916
0
0.274592
0.410096
0.316351
0.337946
0
0.267267
0.402944
0.393103
0.266133
0.309531
0.368361
0.46359
0.342475
0.331858
0.523345
0.449599
0
0.285354
0.594299
0.326489
0.380955
0.27985
0.254553
0.250704
0.465661
0.514877
0.321996
0.33026
0.479475
0.252251
0.385699
0
0
0.379002
0.564145
0.28355
0.529597
0.52843
0.340814
0.359498
0.28506
0
0
0.317828
0.475415
0.586579
0.301284
0
0
0.437744
0.254282
0.47846
0.556861
0.300474
0.938704
0.286362
0.301111
0
0.588687
0
0.460369
0.408032
0.328533
0.438
0.260298
0.398509
0.392179
0
0.639566
0.293066
1.1457
0.294213
0.32049
0.289965
0.442
0.277028
0
0.574076
0
0.420587
0.602507
0.559603
0.275809
0
0
0.352294
0.278285
0.372368
0
0.620193
0.782035
0.907684
0.298947
0.290587
0.36033
0.251441
0.539186
0.405084
0.259886
0.28579
0
0
0.390822
0.51996
0.303295
0
0.573935
0.282655
0.46008
0.258373
0.266346
0
0
0
0.280425
0.399421
0.360604
0.413995
0.279305
0.310308
0
0.592511
0
0.423758
0
0.287138
0.38221
0.531136
0.253805
0.289947
0.460734
0.264618
0.263388
0
0
0.39109
0.535853
0.569404
0
0.254124
0.478484
0.53144
0.308211
0.298498
0.367952
0.498514
0.970358
0
0.267284
0.597697
0.3556
0.434023
0.37625
0.258065
0.411974
0.272669
0.355374
0.464724
0.427195
0
0.265338
0.55289
0.318717
0.388203
0.336076
0.330489
0
0.55285
0.262075
0.259549
0
0
0.68942
0.925034
0.2994
0.313191
0.424855
0.529121
0
0
0.347295
0.31912
0.256946
0.301801
0.781493
0.263086
0.332851
0
0.565673
0
0.450266
0.377278
0.366414
0.648896
0
0
0.328737
0.464943
0.276592
0.327926
0
0
0.3997
0.394306
0.250809
0.298093
0.315505
1.15161
0.416364
0
0
0.358979
0.570661
0.281958
0.28103
0
0
0.359048
0.329391
0.263443
0.352636
0.332015
0
0
0.291752
0.443203
0.38523
0
0.262119
0.357703
0.429292
0.288865
0.293147
0
0.597552
0
0.441103
0.397182
0.333199
0.603892
0
0
0.346837
0.398893
0.392109
0.277091
0.281415
0.535964
0.408289
0.252319
0.276687
0
0
0.384394
0.253576
0.41006
0.535895
0.627998
0
0
0.392981
0.557007
0.287082
0.349162
0.286974
0.553801
0
0.260893
0.362562
0.263524
0.361838
0
0
0.389523
0.358171
0.437026
0.3306
0
0
0.415016
0.285914
0.302869
0.284399
0.442207
0.265275
0.381547
0
0.701938
0
0.442532
0.975633
0.849378
0
0
0.408877
0.365279
0.27744
0
0.352565
0.310797
0.509703
0.63728
0.264333
0.458844
0.274978
0
0.631849
0
0.405673
0.965392
0.535055
0.259175
0.387909
0.302655
0.254069
0.367516
0.28129
0.533795
0
0
0.318947
0.312195
0
0.259748
0.397791
0.277643
0.296471
0.40246
0.268405
0.604279
0
0.26497
0.306709
0.27146
0.382547
0.621725
0.34081
0
0.260051
0.689634
0.406683
0.49502
0.26636
0.305116
0.331498
0.543367
0.383393
0.46182
0.280913
0.295832
0.371812
0
0.653419
0
0.493552
0
0.280071
0.692549
1.11213
0.512155
0.741131
0.687654
0
0.581405
0
0.619255
0.693994
0.595378
0.490269
0
0.609681
0
0.347257
0
0.268382
0.615179
0.98063
0.314694
0.339746
0.429453
0.344026
0.268164
0
0
0.500081
0.321631
0
0.553608
0.306492
0.263582
0
0
0.634365
1.02793
0.30308
0
0.323334
0.631378
0
0.250072
0.341373
0.436092
0.257442
0.290637
0
0.305657
0.769976
0.63886
0.369137
0
0.27161
0.399143
0.347278
0.253811
0.305706
0
1.15964
0.347633
0
0.275872
0.386769
0.309677
0.427545
0.505808
0.417047
0.607765
0
0.252707
0.365369
0.428236
0.353149
0.299658
0.283678
0
0.290819
0.283675
0.341017
0.730765
0.886781
0
0
0.37799
0.277144
0.294132
0.349393
0.352951
0.376642
0.333426
0
0.309834
0.392487
0.367677
0.310051
0
0.308367
0.390685
0.442908
0.36053
0.27403
0
0.264875
0.347143
0.348924
0.305772
0
0.321761
0.285729
1.18501
0.494934
0.642685
0.61863
0.590469
0.576482
0
0.270745
0.581626
0.724283
0.289597
0.25549
0
0.268633
0.370012
0.57209
0.307991
0
0.371861
0.265512
0.489749
0.419317
0.277149
0.532405
0.307205
0.496536
0.339908
0.413844
0.278168
0.273235
0
0.265715
0.302401
0.371922
0.323707
0
0.30495
0.273171
1.15669
0.449655
0
0.28866
0.251521
0.279179
0.333753
0.28964
0.25865
0.314343
0.628674
0.594504
0.558631
0.267525
0.526609
0
0.334068
0.598534
0.37784
0.253241
0.255862
0
0
0
0.60174
0.377132
0.343604
0.355041
0
0
0.290057
0.265018
0
0
0
0.617683
0.956031
0.393016
0
0.282387
0
0.307092
0.371045
0.469608
0.413917
0.318626
0.478997
0.334816
0.307846
0
0
0.303362
0.304235
0.457857
0.292064
0.278681
0.56718
0.263104
0
0.29973
0.681868
1.027
0.348079
0.294836
0.268954
0.583759
0
0
0.29491
0.272483
0.338722
0
0
0.269468
0
0
0.628873
0.379973
0.363863
0.251836
0.298525
0.262894
1.1853
0.339764
0
0.31452
0.300299
0.461519
0.368464
0.406341
0.348051
0.344493
0.54858
0.411498
0.420562
0.290599
0.350924
0.557695
0.268722
0
0.284538
0
0.48804
0.708859
0.739109
0.253261
0
0.287666
0.251476
0.479937
0.664489
0.872208
0
0.316386
0.254645
1.17686
0.479766
0
0.295488
0
0.281484
0.324821
0.411459
0.34757
0.413813
0.340468
0
0
0.262097
0.32116
1.09894
0.342851
0
0.280515
0.372581
0.346385
0.561608
0.561933
0.403367
0.411627
0.414802
0
0.278402
0.569703
0.517985
0.918815
0.849555
0.271112
0
0.34161
0.330168
0.493582
0.36331
0.536575
0.477251
0.365713
0
0.319341
0.305396
0.500965
0.90566
0.836657
0.26713
0.439536
0.392219
0
0.277894
0.338238
0.370412
0
0.256385
0.292023
0.290977
0.459245
0.259246
0
0
0
0
0.666442
0.361561
0.436534
0.268686
0
0.375344
0.430634
0
0.311654
0.334346
0.266026
0.57119
0.254433
0.40718
0.338446
0.407227
0.384964
0.477231
0.361051
0
0.532795
0.353283
0.35179
0
0.338112
0.289269
1.19027
0.566197
0
0.585908
0
0.31715
0.291747
0.355631
0
0.267344
0
0
0
0.406057
0.351454
0.405932
0.356094
0
0.362838
0
0.439518
0.947761
0.285313
0.52083
0
0.329676
0.383633
0.444738
0.337279
0
0
0.328055
0.348912
0.347826
0.451996
0.301421
0.530124
0.357309
0.301021
0.286146
0
0.317316
0.334503
0.322389
0.254237
0.373065
0.420722
0.589002
0.398549
0
0.298804
0.32167
0.372357
0.250333
0.350852
0.292721
1.18892
0.397945
0
0.266782
0.541786
0
0.405932
0.292125
0.419947
0
0.286464
0
0
0
0.374453
0.32418
0.309351
0.252307
0.359686
0.28774
1.17928
0.496093
0.64239
0
0.254802
0
0.541695
0
0.414263
0.554621
0.543884
0.637958
0.816775
0.477435
0.25826
0.591677
0.36278
0.518994
0.373989
0.464933
0.267361
0.571202
0.350698
0.48537
0.355881
0.353903
0
0.321093
0.272587
1.16876
0.518787
0
0
0.309674
0
0.500871
0
0.328047
0.372877
0.353798
0.413965
0.323006
0.497007
0.302824
0
0.360018
0.291963
0.430442
0.268732
0.39829
0.391853
0.368322
0.301354
0.362126
0.298462
0.373543
0.55039
0.323206
0.469067
0.340646
0
0.288638
0.368503
0.363557
0.336556
0.485109
0.308242
0
0.357973
0.289297
1.16982
0.509192
0
0
0.31162
0.735575
0.352969
0.274751
0.624994
0
0
0.312826
0.398231
0.590989
0.420474
0.524165
0.376637
0.35199
0
0.310699
0.287023
0.452805
0.272987
0
0
0
0
0.650986
0.353041
0.335491
0.272458
0.310895
0.31362
1.16423
0.513348
0.656898
0
0.564865
0.261826
0.322833
0.342156
0.293617
0.270241
0.402147
0.39304
0.610938
0.460944
0.567394
0.352854
0.365183
0.275712
0.427052
0.341266
0
0.373885
0.297641
0.527083
0.582658
0.252622
0.510168
0
0.352448
0.278555
1.15755
0.507475
0
0.569587
0.272078
0.326135
0.312848
0.393094
0.361765
0
0.320055
0.297989
0.380029
0.345935
0
0.303485
0.424626
0.385838
0.304369
0.366325
0.296366
0.298404
0.383485
0.290313
0.289936
0
0.326222
0.732497
0.72676
0.325354
0.308795
0.481533
0.26891
0.519326
0.353198
0.438412
0.30087
0.284919
0.311675
0
0.332641
0
0.393172
0.255201
0.343778
0.370038
0.498205
0.31275
0.289686
0.50445
0.329694
0.264871
0
0.276226
0.364816
0.319112
0.337159
0
0.354556
0
0.479789
0.938632
0.313443
0.589595
0
0.333229
0.253304
1.14522
0.371715
0.252128
0.326385
0.267431
0.341592
0.263196
0.339087
0.376332
0.487873
0.297754
0.258638
0.308469
0.301729
0.397332
0.26468
0.254896
0
0
0
0
0
0.578573
0.532763
0.335509
0.58034
0.272889
0
0.301095
0.362786
0.36377
0.264796
0.363473
0.392494
0.45766
0.413635
0.260552
0
0.320145
0.283014
0.287494
0
0.609281
0.39357
0.362876
0.386103
0.254905
0
0.288556
0.334046
1.09371
0.419292
0.25128
0.310126
0.262497
0.432823
0.976425
0.665451
0.267326
0
0.304761
0.37314
0.351796
0.28717
0.337869
0.428902
0.262593
0
0.274509
0.306829
1.10764
0.345096
0.327611
0.640486
0
0.295858
0.369426
0.277675
0.292313
0.409932
0.412499
0
0.306014
0.337683
0.270837
1.17808
0.425264
0
0.31916
0
0.602808
0.285599
0.505741
0.350747
0.354369
0
0.318053
0.28747
0.512757
0.544331
0.262475
0.534382
0
0.320941
0.373903
0.429061
0.299504
0.414797
0.305147
0.35457
0.556369
0.318638
0
0.313136
0.332755
0.335029
0.257906
0.376102
0.367415
0.366058
0.420423
0.301867
0.506268
0.301504
0
0.275782
0.360341
0.42259
0.291809
0.405664
0.29804
0.302611
0.387819
0.259152
0
0.264917
0.575193
1.12569
0.349939
0.575665
0
0.30472
0.348664
0.504903
0.371353
0.512762
0.410687
0.39035
0.273502
0
0.284134
0.341605
0.341808
0.347723
0
0.278102
0.337552
0.337752
0.259777
0.328558
0.385113
0.373478
0.371615
0.284472
0
0.255232
0.328884
0.31372
0.413839
0.519366
0.312246
0
0
0.390822
0.367368
0
0
0.301252
0.384371
0.537553
0.371143
0
0
0.310888
0.351709
0.417532
0.580254
0.339321
0.508077
0.462511
0.336412
0.349473
0.294024
0.362078
0.426266
0.291369
0.264416
0
0
0.330086
0.333369
0.259162
0.273456
0.412954
0.374749
0.309116
0.293444
0
0.639898
0.821284
0.637273
0.323806
0
0.293211
0.345737
0
0
0.633347
0.25277
0.360259
0
0.288017
0.251452
0.576394
0.881574
0.872239
0
0.665829
0.263079
1.16453
0.305806
0.29097
0.366143
0.260202
0.570806
0.361959
0.278185
0.269668
0.618368
0.376602
0.319282
0.290993
0.302187
0
0
0.333306
0.27395
0.398804
0.550799
0.381848
0.605792
0
0
0.404704
0.48069
0.364258
0.310375
0
0.612568
0.302697
1.10691
0.471331
0
0.611109
0.624325
0.596089
0.48226
0
0.601397
0
0.405461
0.411449
0.451316
0.382701
0.31973
0
0.69078
0.295737
0
0.534673
0.590587
1.10752
0.342709
0.567191
0.251238
0.262754
0.368345
0.319063
0.460977
0.285393
0.300292
0
0.322995
0.73698
0.949496
0.366114
0
0.258301
0.381318
0.299496
0.412228
0.579087
0.346859
0
0
0.357719
0.408356
0.507729
0.253584
0.302841
0.565546
0.395724
0.255671
0.254948
0.62229
0.944709
0.309273
0.308046
0.768449
0
0.358762
0
1.14748
0.283579
0.323201
0.265835
0.51645
0
0.327685
0.541968
0.388541
0.260217
0.33347
0.376002
0.352215
0.386538
0.260608
0
0.280226
0.395462
0.547226
0.34701
0
0.270711
0.379792
0.49507
0.31821
0
0
0.260699
0.388036
0.465985
0.308139
0
0
0.333037
0.77414
0.578989
0.300087
0.259921
0.323674
0.445319
0.351414
0.333098
0.282695
0.280969
0
0.268212
0.369608
0.367339
0.267528
0.308617
0.38566
0.445747
0.418707
0.283133
0.312607
0.469264
0.332045
0.307845
0.447976
0.389433
0
0.636639
0
1.13929
0.289178
0.305548
0.6549
0
0
0.366229
0.287213
0.282954
0
0.250257
0.393094
0.482798
0.275017
0.254622
0.327331
0.310436
0.384573
0.262297
0.271824
0
0
0
0.261818
0
0.565764
0.888486
0.715718
0.282093
0.714575
0.343158
0.371613
0
0.255655
0.386528
0.460477
0.380913
0.268378
0.273021
0
0.263623
0.336034
0.481638
0.508329
0.30331
0.273425
0.553525
0.354502
0.296043
0.279658
0.444429
0.326725
0.283534
0
0.578847
0
0.418041
0.403719
0.289009
0.458946
0.288562
0
0
0.347048
0.284791
0.376346
0.521373
0.30556
0.456661
0.294129
0.279766
0.322281
0
0
0.356618
0.359031
0.262103
0.313849
0.313673
0.479356
0.896988
0.880483
0
0
0.363412
0.261661
0.342303
0
0.626709
0
0.42544
0.944133
0.459501
0.307457
0.28669
0
0.550007
0.395074
1.13364
0.500762
0
0
0.304115
0.732957
0.311403
0.289859
0.290401
0.457006
0.363699
0.375959
0
0
0.376218
0.252514
0.318224
0.332521
0.300399
1.18764
0.56856
0.668234
0
0.575241
0.252357
0.318938
0.663282
0.586345
0.368576
0.254802
0.285316
0.545841
0
0.255128
0.367292
0.429177
0.293717
0.407621
0.299478
0.304098
0.388699
0.286338
0.283371
0
0.264853
0.337759
0.308231
0
0.342058
0.286334
0
0.254434
0.279156
0.429009
0.557067
0.2776
0
0.266876
0.299399
0.402934
0.313164
0.300674
0.254292
0
0.264574
0.312639
1.11293
0.338113
0.277511
0.273328
0.510261
0.288741
0.441218
0.339673
0.265985
0
0.281958
0.803176
0.611549
0.306638
0.314589
0.653943
0
0
0.382264
0.30293
0.293392
0
0.262067
0.338108
0.306379
0.407018
0.52877
0.314504
0
0.612802
0.30764
0.414636
0.265275
0.252973
0.631494
0.671931
0.292978
0.296952
0.731417
0
0.251273
0.356122
0.264852
0.313009
0.34262
0.269805
1.13681
0.40095
0
0.274686
0.391744
0.474409
0.278533
0.253511
0.316456
0.281485
1.1407
0.372858
0.561298
0.26229
0.281357
0.32783
0.334345
0.305827
0
0.27014
0.393496
0.358657
0.402465
0.27326
0
0.265804
0.323869
0.510227
0.909899
0.479344
0.360353
0.272985
0
0.288131
0.523649
1.07208
0.328972
0.313637
0.414015
0.335648
0.262435
0.640477
0.256725
0
0.269352
0
0.258844
0
0.588131
0.35426
0.335222
0.262288
0.35036
0.429401
0
0.306174
0.376642
0.335738
0.471823
0.342977
0.276986
0
0
0.295218
0.379193
0.573928
0.461085
0.520276
0.357455
0.328101
0
0.267268
0.357718
0.416805
0.344664
0.406143
0.301934
0.3569
0.257544
0
0.270735
0.559116
1.0508
0.328597
0.309733
0.264268
0.584639
0.288082
0.441083
0.357902
0.352308
0
0.294363
0.25774
1.13508
0.382261
0
0.297945
0.556909
0.598833
0.329048
0.26108
0.278815
0.670138
0.302952
0.578208
0.566667
0.294608
0
0.294846
0
0.378771
0
0
0
0
0
0
0
0.562888
0.462788
0.363333
0.355294
0
0
0.254317
0.324675
1.11016
0.420252
0
0.250617
0.282604
0.617721
0
0.295262
0.373169
0.394674
0.287767
0
0.304858
0
0.373359
0
0
0.604717
0.663232
0.368994
0.262286
0.283678
0.266826
0.346053
0
0.638353
0.349842
0.420157
0.41591
0.560138
0.389168
0.256087
0
0.305476
0.341696
0.387819
0.305967
0
0.299707
0.36644
0.539884
0.361964
0.563488
0.427021
0.378272
0
0.254027
0.367596
0.333841
0.374135
0.51986
0.365729
0.279963
0.262396
0
0.329175
0
0.354554
0
0.325733
0.335714
0.414597
0.259601
0.336138
0.266191
1.15436
0.443871
0
0.268001
0.268903
0.481574
0.294534
0.406725
0.367575
0.293865
0.429303
0.353073
0
0
0.399993
0.386796
0.537748
0.341668
0.493975
0.301601
0
0
0.409545
0.374084
0
0.258336
0.319229
0.429706
0.499042
0.364616
0.265108
0
0.268159
0.369214
0.566373
0.361038
0
0.254243
0.304878
0.379067
0.293239
0
0.63708
0
0.445682
0.975903
0.637499
0.285579
0.750992
0.395777
0.432748
0.366807
0.396803
0.284143
0
0
0.36211
0.533253
0.353446
0
0
0.417581
0.47531
0.263235
0
0.264232
0.362408
0
0.321098
0.391614
0.283391
0.676914
0.631288
0.555248
0.456225
0.275065
0.273659
0
0.320782
0.264811
0.260764
0
0.262383
0
0.5393
0.844882
0.849157
0
0
0.321469
0.575731
0.351959
0.553122
0.325761
0.292953
0
0
0.271511
0.34533
0.518168
0.916122
0.260735
0
0
0.309506
0.270271
0.349728
0
0.558617
0.397941
0.416634
0
0
0.322617
0.275451
1.19201
0.56498
0
0
0.572265
0
0.565094
0.262655
0.369447
0.316125
0
0.62172
0.291464
1.17441
0.522609
0
0
0
0.517775
0
0.374779
0.311531
0.543187
0.768508
0.833449
0.277533
0
0.279867
0.293648
0.28279
0.267475
0.340913
0.325284
0.425936
0.256734
0.325853
0.41441
0.400915
0
0
0.321501
0.407893
0.477202
0.344659
0.589006
0.278906
0
0.265671
0.405568
0.370769
0.340759
0.318827
0.313533
0
0.267228
0.39419
0.458359
0.328836
0.271368
0.523821
0.363359
0.299424
0
0.252027
0.307451
0.341028
1.11868
0.460952
0
0
0
0.536397
0
0
0.37838
0.445539
0.400886
0.316569
0.266911
0
0.251238
0.388726
0.3537
0.399559
0.313937
0.315662
0
0.352797
0.744795
0.687685
0.308827
0
0.270549
0.551249
0
0
0.372068
0.369395
0.54661
0.364099
0.455853
0.287387
0
0
0.375445
0.360615
0.545969
0.356837
0.441676
0.281815
0
0.651342
0.271122
1.14756
0.470154
0
0
0.598413
0.761623
0.364179
0.286303
0
0.669252
0.297003
0.345763
0.388817
0.346128
0.260603
0
0
0.3526
0.327663
0.283149
0.296639
0.444257
0
0.335564
0.320376
0.353951
0.367768
0.342548
0
0.334493
0.294749
1.12929
0.39296
0.255843
0
0.338197
0.322523
0.329515
0
0.642028
0.714443
0.636895
0.300858
0.547461
0.264659
0.593563
0.259775
0.461902
0.507297
0.640942
0.251843
0
0.604706
0.495921
0.53629
0.340116
0
0.290452
0.273312
0.598696
0.553551
0.468972
0.396122
0.287372
0.277461
0.343505
0.328555
0.436969
0.515973
0.66154
0
0
0.260228
0.336867
0.314277
0.283663
0.318806
0.412888
0.369356
0.303207
0.260713
0.307229
0.417946
0.468313
0.374445
0.2602
0.556581
0
0
0
0.32963
0.319927
0.271498
0
0
0.32728
0.315138
0.271965
0.356875
0
1.10159
0.432079
0.267877
0.255763
0.470008
0
0
0.41448
0.483271
0.402085
0.265546
0
0.254218
0.382788
0
0.332351
0.392105
0.599205
0.427427
0.276553
0.296838
0.319503
0.723027
0.326276
0.271465
0.259757
0.441109
0.460721
0.379049
0.343676
0.338997
0.372135
0.584371
0.367719
0.324742
0
0.686267
0
1.14043
0.318483
0.252248
0.254287
0.329918
0.270532
0.260841
0.306918
0.381849
0
0.316233
0.407749
0
1.11999
0.432864
0.276852
0
0.452372
0
0
0.390657
0.258443
0.291155
0.262017
0.305193
0.44265
0.418266
0.32162
0.292631
0.258508
0
0.342055
0.512544
0
0
0.294403
0.449683
0.404312
0.333781
0.286223
0.255226
0
0.265349
0.352122
0.535415
0.98395
0.576228
0
0
0.349036
0.263839
0.4633
0.448554
0.287247
0.493852
0
0.357314
0
1.12417
0.375492
0.257334
0.284727
0
0.510705
0.580305
0.351121
0.390641
0
0
0.259592
0.33875
0.309401
0.266884
0.351366
0.629748
0.503775
0.78161
0.849624
0
0
0.346142
0
0.304348
0.388274
0.56152
0.653619
0.672037
0.548152
0.455906
0.270573
0.585614
0.282783
0
0.37102
0.694333
0.609232
0.291981
0.25022
0.346178
0.254993
0.473517
0
0.354611
0.594486
0.511343
0.601617
0.272979
0.509236
0
0.291391
0.348898
0.617504
0.38358
0.411309
0.354969
0.251088
0
0.346144
0
0.371759
0.259178
0.32373
0.391821
0.447522
0.254713
0
0.336098
0.26985
1.12506
0.44832
0
0.353483
0.267994
0.338225
0.2583
0.276515
0.599861
0.660374
0.345513
0.597546
0.254994
0.292357
0.259246
0.286747
0.399217
0.347122
0.308298
0.346944
0.264936
0.401991
0.559394
0
0
0.283797
0.354126
0.530351
0.370028
0.609298
0.38091
0.401456
0.576931
0.408732
0.384176
0.565419
0.604676
0.345916
0.422756
0.372219
0.446669
0.260881
0
0.271841
0.44016
0.54397
0.321932
0
0.253943
0.358831
0.53624
0.284677
0.250381
0.30843
0.255842
1.13143
0.41199
0.251015
0.25898
0.378769
0.332192
0.455054
0.262443
0
0.264988
0.422411
0
0.327885
0.360651
0.342373
0.486888
0.935185
0.461137
0.328243
0.3731
0.294708
0.400404
0.395639
0.349326
0
0.598119
0
1.14366
0.346102
0
0.315172
0.285124
0.413837
0.379497
0.403218
0.344809
0.287624
0
0.724904
0.252603
0
0.256722
0.532877
1.04074
0.375891
0
0.293703
0.261944
0.269141
0.324729
0.283702
0.25291
0.284813
0
0
0.732816
0.271576
0
0
0.266104
0.295567
0.616901
0.3562
0.598646
0.423205
0.383105
0
0
0.527584
0.453162
0.490492
0.315813
0.275587
0.262059
0.269296
0.324883
0.2792
0.269058
0.582252
0.441783
0.397516
0.264906
0.277283
0
1.14536
0.307355
0
0.290981
0.439906
0.620567
0.364087
0
0.275188
0.428976
0.363522
0.259655
0
0.311214
0.591655
0.717499
0.289252
0.250567
0.270449
0.434212
0.342865
0.25493
0.332469
0.343933
0.387278
0.448903
0.532126
0.612016
0.454355
0.390768
0.599996
0.435456
0.371282
0
0
0.559752
0.269217
0.286617
0.256684
0.254523
0.299459
0.628161
0.90198
0.760444
0
0
0.258736
0.361126
0.547567
0.294565
0
0.295233
0.499529
0.535627
0.541743
0.55778
0.293831
0.426828
0.394813
0.28428
0.280047
0.269267
0.268306
0.48132
0.268495
0
0
0.542919
0.644438
0.712755
0.341659
0.288853
0.356377
0.39822
0.265713
0
0.268193
0.539852
0.598667
0.702132
0.698563
0.556282
0.614999
0.444505
0.439201
0
0.25214
0.308342
0.365022
0.297316
0.354627
0.264053
0.448923
0.269271
0.275104
0
0.259413
0.424341
0.390758
0.261207
0.269902
0.376255
0.342902
0.250527
0.56794
0.317712
0.291954
0.730234
0.270543
0.36372
0.429155
0.330335
0.540046
0.411532
0.419048
0
0
0.442908
0.294725
0.376296
0.487087
0.28765
0.253219
0
0.576108
0.783186
0.591884
0.294731
0.542064
0.256245
0.55411
0.571624
0.543327
0.357518
0.269172
0.301856
0.293924
0.486349
0.253139
0
0
0.343117
0.313908
0.250857
0.297458
0.804843
0.268244
0.383068
0.43573
0.411896
0
0.607509
0.60603
0.367458
0.270507
0
0.593909
0.679071
0.361661
0.275771
0.54481
0.278098
0.405728
0.365467
0.382479
0.328782
0.273162
0
0
0.841406
0.287297
0
0.262815
0.318794
0.570821
0.707613
0.683296
0.262091
0
0.273765
0
0.36956
0.252668
0
0.349534
0.714602
0.294284
0
0.281874
0.337538
0.286501
0
0.790593
0.25453
0.278425
0
0.284984
0.463288
0.33753
0.429973
0.583063
0.404904
0
0
0.304022
0.354527
0.8368
0.261123
0.263952
0
0.279232
0.50986
0.579902
0.296388
0
0.311174
0.408309
0
0
0.259651
0.326776
0.638162
0.310153
0
0
0.291072
0.257463
0.441625
0.376419
0.393546
0.489803
0.253525
0
0.253454
0.441707
0.30154
0.444123
0.555016
0.276545
0.544566
0.434102
0.294431
0.285365
0.52618
0.320912
0.967676
0.285473
0.266002
0.538081
0.268057
0.272296
0
0.548928
0.43829
0.396592
0.270411
0.306353
0.358185
0.377571
0.252751
0.292001
0.363865
0.565973
0.306072
0
0.308607
0.293874
0.531213
0.888139
0.899971
0
0.612757
0.278771
1.13634
0.28824
0.275026
0.427341
0.257019
0.555874
0.425636
0.298031
0.274046
0.430069
0.32395
0.277348
0
