0.265564
0.471734
0.288674
0
0.632005
0.272278
1.02916
0.386062
0.352619
0.33902
0.329627
0.320404
0.311438
0.426435
0.336529
0.377147
0
0.284845
0
0.533339
0.486175
0.782391
0
0.671342
0
0.325186
0.345974
0.423719
0.298167
0
0.45004
0.401911
0.295093
0.317177
0
0.268132
0.401071
0.689566
0.51892
0.532178
0.28377
0.330162
0.426593
0.787807
0
0.552174
0.27527
0.325917
0.34494
0.423026
0.362508
0.331958
0
0.679213
0.317183
0.376149
0.585021
0.410006
0
0
0
0.271498
0.321432
0.305138
0.365658
0.33664
0.31899
0
0
0.281952
0.292236
0.30115
0
0
0.284103
0.335519
0.440439
0
0.643719
0.625275
0.27791
0.366268
0.515103
0
0.287458
0.376198
0.342871
0.440351
0.549951
0.307872
0.355483
0.350648
0.363705
0.711139
0
0.290121
0.372336
0.350164
0.444676
0.534229
0.340957
0.25569
0
0
0.468997
0.255001
0
0
0.424869
0.294571
0
0.793811
0.294246
1.18358
0.404788
0.363661
0.352515
0.340019
0.36903
0.290157
0.309894
0.657092
0
0.259949
0.330666
0
0
0
0.319235
0.30799
0.323744
0.319913
0.398499
0
0
0.366515
0.400717
0.31814
0.741364
0.535807
0.291097
0.291805
0.374188
0.318355
0.26755
0
0
0.579826
0.391304
0.393637
0.341327
0
0
0.475268
0.366755
0.399496
0.333663
0.269071
0.570284
0.25647
0.276243
0.367892
0
0
0.258115
0.280805
0.370838
0.260823
0
0.297985
0.395664
0.619964
0.527402
0.533822
0.294075
0.335732
0.522305
0
0.283463
0.353235
0.619743
0.298343
0
0
0.357379
0.39178
0.305806
0.353746
0.739024
0
0.253826
0.334657
0.429743
0.41869
0.315888
0.261023
0
0.436056
0.328439
0.429727
0.301
0.260981
0
0.414704
0.388583
0.291158
0
0
0.413309
0.356112
0.252211
0.683733
0
0.275734
0.354503
0
0
0
0.421095
0.26353
0
0.747263
0.633852
0.323928
0
0.300094
0.269123
0.259857
0.38938
0
0.26255
0.339971
0.327177
0
0.270023
0.446342
0.262047
0
0.59843
0.29094
0
0.290183
0
0.591411
0.279246
1.03087
0.418238
0.289104
0
0.570254
0.325787
0.589876
0.503636
0.5397
0.319377
0.373271
0.333275
0.285697
0.739485
0.4332
0
0
0.770878
0.63199
0.365813
0.703564
0.40747
0.276561
0.3374
0
0
0.611175
0.357445
0.439952
0
0
0.323381
0
0.294486
0.363638
0
0
0
0.291615
0.302342
0.300205
0.332888
0.425728
0
0.568623
0.329718
0.699439
0.297355
0
0.27104
0.363553
0.848821
0.277586
0
0.276095
0.356512
0.386503
0.317923
0.335429
0.451776
0.46734
0.431727
0.34081
0.255542
0
0
0.28966
0.285649
0.295992
0.411077
0.507792
0
0.281886
0.277223
0.302273
0.253231
0
0.326167
0.346383
0.331243
0
0
0.442164
0.270658
0
0
0.401562
0.326991
0.2604
0.687525
0
0.306875
0.327156
0.310698
0
0.595201
0.267138
0.264081
0.408191
0.279665
0
0
0.619225
0.367058
0.409636
0.300546
0
0
0.452127
0.366007
0.338599
0.434608
0.448766
0
0
0
0.265749
0.292968
0.441191
0.493908
0
0.560891
0.366655
0.676647
0.484198
0.514311
0.326201
0.561161
0.259725
0
0.548889
0.948684
0.456744
0.398028
0.298904
0.777672
0.421917
0.273466
0.429871
0.486013
0
0
0.330399
0.362437
0
0
0.417696
0.412413
0.266738
0.337408
0.380439
0.481225
0
0
0.355268
0.372428
0.320047
0
0
0.455861
0.336442
0.309127
0.385393
0.439839
0
0
0
0.697989
0.736182
0.437321
0.438258
0.328923
0.594192
0.266321
0
0.323844
0.273759
0.293036
0.373285
0.345445
0.346579
0.316415
0.405618
0.378168
0.309367
0.341147
0
0.277828
0.377229
0
0
0
0.381122
0.351406
0
0
0.424887
0.292147
0.419089
0.328824
0.269877
0
0.706201
0.286354
1.1406
0.373425
0.3361
0.344333
0.313207
0.257086
0.536994
0.295496
0.260477
0.355107
0.622126
0.346014
0.296944
0.318244
0
0.263221
0.356387
0
0
0.66111
0
0.61553
0.373932
0.296426
0.264946
0.256455
0.42661
0.327941
0.319762
0.293119
0.284822
0.387427
0.270748
0.268992
0
0.381221
0.371423
0.341731
0
0
0.270281
0
0.272618
0.358863
0.826159
0.715542
0.570008
0.300732
0
0
0.719895
0
1.11558
0.400763
0.303636
0.304391
0
0.428704
0.476848
0.293812
0.585593
0.651734
0.299028
0.271017
0
0.697772
0.592533
0.368051
0.616506
0.333062
0.662424
0.612395
0.292894
0.302529
0.39603
0.48914
0.328671
0.385679
0.356229
0.439502
0.328827
0.257769
0
0
0.590458
0.33269
0.403883
0.319204
0.346225
0.289555
0.287978
0.554503
0.384145
0.269165
0.278342
0
0.616505
0.393618
0.725249
0.738148
0.388209
0.58945
0.612441
0.346438
0.324751
0
0
0.456
0.263161
0
0.7416
0.575957
0.3104
0
0
0.379815
0.258092
0.250748
0.574662
0.305091
0.279234
0.354378
0
0
0.412677
0.576362
0.293862
0
0.640241
0.48791
0.385556
0.271566
0
0
0.397607
0.331917
0.305034
0.251298
0.695134
0
0.270545
0.35708
0.355764
0.323968
0.345981
0.273633
0
0
0.651016
0.343572
0
0
0
0.476635
0.316294
0.279965
0
0.601141
0.305737
0.295895
0.292524
0
0.593897
0.315692
0.376293
0.314638
0.614638
0
0.272308
0.354065
0
0
0.794672
0
1.18431
0.319333
0.288833
0.281841
0.274622
0.364772
0.265097
0.267614
0
0.379869
0.593972
0.721055
0.394502
0.698051
0.645431
0.302645
0.279032
0
0
0.309834
0.269962
0.372361
0.617988
0.449422
0.284607
0.335195
0.313081
0
0
0.296664
0.407293
0.272762
0.353147
0.640473
0.542932
0.304683
0.324874
0
0.697956
0.612874
0.321113
0.261787
0.617823
0
0.277114
0.338031
0
0
0
0.401467
0.327433
0.419837
0.53608
0.354844
0.41059
0.33901
0.270962
0
0
0.310518
0.340333
0.2682
0.333015
0
0.278299
0.312801
0.408798
0.295479
0
0
0.347627
0.275995
0
0.608467
0.335525
0.580015
0.430994
0.303058
0.273703
0
0
0.325228
0.264816
0.340752
0.341675
0.301992
0.291859
0
0.719594
0.266349
0.623952
0.335327
0
0
0.330085
0
0.281313
0.338007
0
0
0
0.340007
0.359931
0.352824
0.315464
0.263419
0
0
0.684697
0.343077
0.426466
0.366949
0.279774
0.834071
0.521883
0.274465
0.332192
0.603209
0.356113
0.302053
0.395313
0.48537
0.308719
0
0
0
0.316871
0.282527
0
0
0
0.398256
0
0
0
0.337413
0.252263
0.344829
0.344624
0.332126
0.285115
0
0
0.340172
0.367698
0.358649
0.409795
0.496988
0.308288
0.254992
0.637526
0.449502
0.283094
0.359071
0
0.257793
0.36001
0
0
0.651215
0.309488
0.337542
0
0
0.387207
0.298503
0.253577
0
0.504458
0.364873
0.360018
0.352172
0.283733
0.312508
0.654329
0
0.315214
0.308419
0.747333
0.370585
0.307811
0.277912
0.553823
0.339235
0
0
0
0.363081
0.257816
0.340816
0.252486
0
0.292438
0.401807
0
0
0.802139
0.603841
0.305117
0
0.294692
0.317636
0.567146
0.335761
0.312059
0.3929
0
0
0.323703
0.429515
0.400532
0.294712
0.265538
0.552574
0.324178
0
0
0.771631
0.355149
0.407415
0
0.526742
0
0.268075
0.294169
0.769913
0.439929
0.258773
0.58166
0.34285
0
0.553064
0.382944
0.69595
0
0
0.400338
0.309924
0.316155
0.401593
0.572769
0.276618
0
0
0
0.33665
0.252835
0.609964
0.344596
0.538139
0.317706
0.303679
0.298211
0.572289
0.415028
0.303214
0.384879
0.512757
0.288618
0
0
0.677071
0.290072
0.316046
0.472049
0.33536
0
0
0
0.383922
0.677723
0.378142
0.555105
0.361207
0.303211
0.303773
0.271725
0
0.271969
0.385343
0.257319
0.367675
0
0.53501
0.277776
0.325026
0.26139
0.596869
0
0.314319
0.277693
0.320421
0
0
0.333973
0.487772
0.355909
0.291332
0.307814
0.290567
0
0.280087
0.374544
0.354461
0.340693
0.256586
0.281642
0
0.651102
0.298188
0.358826
0.776066
0.343856
0.605686
0.339139
0
0.291845
0.341419
0.267727
0.301771
0
0
0.374396
0.595129
0.366767
0.521562
0.303377
0
0
0
0.325783
0.275076
0.548727
0.343989
0
0.264415
0.38252
0.565692
0.933879
0
0.944154
0.989849
0.561578
0.397432
0.315607
0.35776
0.257307
0
0.324535
0.301347
0
0.559193
0.345297
0
0
0
0.576418
0.289886
0
0
0.346701
0.32195
0
0.828274
0.300259
0.299103
0
0
0.379168
0
0.660516
0.610478
0.513539
0.346358
0.263174
0.291983
0.636697
0
0.255288
0.386596
0.667567
0.371141
0.376971
0.307113
0.258007
0
0
0.646025
0.390437
0.357094
0.298645
0.611654
0.608274
0.264803
0.33153
0.263311
0
0.279757
0.326228
0.322855
0.361306
0.50744
0
0.535848
0.340003
0
0
0
0.375391
0.347262
0
0.762286
0
0.913385
0.28312
0
0.58086
0.331005
0
0.255695
0
0.614762
0.305767
0.835255
0.363292
0.320587
0.258445
0
0.456512
0.333521
0.305752
0
0
0.323394
0
0.615763
0.531917
0.383846
0.296737
0
0
0.425996
0.333264
0.30918
0
0
0.308257
0
0.290749
0.329296
0
0
0.623153
0
0.548941
0.325661
0.298642
0.290187
0.369236
0.300124
0.764131
0.332202
0.730779
0
0
0.542988
0.381977
0.708927
0
0.551444
0
0.297387
0.311402
0.367066
0.764615
0.30946
0
0
0.595339
0
0.919701
0.330236
0
0.272512
0
0.303135
0.297385
0
0
0.706763
0
0.914942
0.253677
0
0.665786
0.320313
0
0.677592
0
0
0.564289
0.327954
0
0
0
0.348072
0.257551
0
0.354724
0
0.28386
0.351232
0
0
0
0.266196
0.31521
0.854291
0.280231
0
0.310106
0.402115
0.758229
0.363669
0.386242
0.505268
0.285355
0.372566
0
0.603313
0.31545
0
0.724821
0.252147
0
0.536702
0.347495
0
0
0.705152
0.340224
0.260246
0.422681
0
0
0.324675
0.350318
0.668592
0.274545
0
0.619312
0.369915
0.690338
0
0
0.2868
0
0.587382
0.372851
0
0
0
0.341561
0.256336
0.38497
0.415876
0
0
0
0.430941
0.684711
0.400763
0.318738
0.289984
0
0
0.325855
0.370559
0.406054
0.277981
0
0
0.611953
0.314911
0.254852
0
0
0.511829
0.31395
0.322314
0.295811
0.287371
0.349796
0.287972
0
0
0.385864
0.335409
0.277838
0
0
0.352073
0.252103
0
0.641901
0.359473
0.250282
0
0
0.387807
0.341154
0.367909
0.301175
0.706777
0.636926
0.316765
0.342539
0.322982
0.661149
0.4738
0.3243
0.290919
0
0.546484
0.464688
0.411391
0.388556
0.293148
0.780398
0.408365
0.660777
0
0
0.510421
0.370501
0
0
0.690664
0.336875
0.337962
0.323114
0.337695
0.387281
0.266946
0.724565
0.541716
0.322767
0
0
0.501965
0.307821
0.455482
0.481693
0.330403
0.383487
0.406418
0.549437
0
0
0.324249
0.411273
0.386952
0.291226
0.36185
0.71351
0
0.296974
0.318267
0.332394
0.468323
0.256252
0
0
0.426927
0.313544
0.401161
0.292037
0
0
0.366372
0.320121
0.270112
0
0.41059
0.408419
0.339717
0.251638
0
0.607025
0
1.1534
0.36864
0.283204
0.353916
0.680733
0
0.30386
0.311308
0.327342
0.30221
0.360519
0.541052
0
0
0.318065
0.285224
0
0
0.436032
0.325877
0.304091
0.259468
0
0.389195
0.369777
0.351555
0.32143
0
0.320065
0.328541
0.377388
0.4385
0.280717
0.655185
0.494082
0.302416
0
0
0.284145
0.294158
0.406407
0.523586
0
0.592177
0.355233
0
0
0
0.392278
0.323328
0.312889
0
0.287003
0.359617
0
0
0.615681
0.579566
0.332374
0
0.587792
0.342408
0.289013
0.436304
0.294142
0.308893
0.337679
0
0.486944
0.364961
0.265331
0
0
0.543117
0.315722
0.306403
0.715555
0.39199
0
0
0
0.307571
0.356568
0.396694
0.50676
0
0.560615
0.317725
0.262782
0
0
0.304135
0.285213
1.09323
0.348468
0.32002
0.308642
0.367005
0.306012
0.257948
0
0.414813
0.353996
0.293715
0
0
0.385716
0.359739
0.329432
0
0
0.421652
0.443479
0.287416
0.605287
0
0
0.333913
0.3285
0.363552
0.395825
0.483791
0
0.573806
0.337167
0
0
0.6861
0.622095
0.321114
0
0
0.410755
0.325368
0.281214
0
0.652468
0.254815
1.11072
0.366657
0.282991
0.283944
0
0.391016
0.307685
0.268117
0
0
0.310133
0.599941
0.350292
0.296308
0
0
0.569225
0.339745
0.398287
0
0
0.328819
0
0.307309
0.330074
0
0
0.317888
0
0.62704
0.361686
0.318798
0.270588
0
0.426186
0.329163
0.320915
0.293918
0.367414
0.294041
0.280476
0
0.286714
0
0.554282
0.42332
0
0
0.737392
0.308897
0.628807
0.260828
0
0.292377
0.346918
0.873036
0
0
0.55323
0.389984
0.716289
0.821408
0.47421
0.284708
0.37422
0
0.256421
0.315251
0.285904
0
0.621923
0.340886
0.251761
0
0.723263
0
0.947619
0
0
0.64864
0.318815
0.59879
0.260145
0
0.590491
0.399186
0.402438
0.323059
0.647546
0.374554
0
0
0
0.39638
0
0
0
0.34447
0.25185
0.38311
0
0
0.32595
0.351288
0.5943
0.335666
0.279107
0.708279
0.424687
0.273666
0
0
0.395391
0.254029
0
0
0.358048
0.602537
0.374576
0.302948
0.270429
0
0
0.644581
0.369143
0
0
0.669716
0.373905
0.261119
0.264775
0
0.569273
0.279826
0.638593
0.30732
0.384988
0.288035
0.258491
0.563725
0.325478
0.250381
0.363978
0
0.556005
0.349195
0.394008
0.264917
0
0.437191
0.315951
0.322698
0.439405
0.562291
0.278288
0.589091
0.63396
0.517456
0.333014
0.309251
0.491478
0
0
0.321957
0.431907
0.374081
0.303493
0.267365
0
0.368897
0.259814
0
0
0.428884
0.338209
0.316219
0
0
0.291979
0
0.560739
0.410735
0
0
0.714497
0.327408
0
0
0
0.509606
0.357893
0.276718
0
0.604241
0.392571
0
0
0
0.473878
0.297857
0.306433
0.282286
0.272591
0.264942
0.391239
0.312207
0.305398
0
0.261426
0
0.300008
0.407344
0.260053
0
0
0.296615
0
0.59658
0.4144
0.259778
0.263734
0.58865
0.307096
0.255985
0.380332
0
0.528237
0.613055
0.395697
0.597019
0.489928
0.410108
0.357735
0.293241
0.749997
0.433286
0.331656
0.275671
0
0.518705
0.430192
0.425312
0.342702
0
0
0.269992
0
0.299851
0.383601
0.26665
0
0
0.31638
0.350231
0.681243
0.468766
0.29782
0.308602
0.280067
0
0.478292
0.385148
0.411466
0.261886
0
0
0.356037
0.354177
0.325246
0
0
0.418177
0.348832
0.319005
0
0.662329
0
0.652406
0
0
0.637518
0.323815
0.267333
0.279305
0
0
0.392206
0.598575
0.256875
0
0.589627
0.412696
0
0
0.688448
0.37389
0.377424
0.370507
0.334417
0.511319
0
0
0.268405
0.39396
0.261557
0
0.623507
0.317536
0.270921
0.277474
0
0
0.399674
0
0
0.615321
0
0.547192
0
0
0.628383
0.319145
0
0
0.787237
0
1.00589
0
0
0.632399
0.337011
0
0.370537
0
0
0.588817
0.3711
0.729774
0
0
0.254228
0
0.573291
0.415179
0.747058
0
0.579625
0
0.286567
0.379752
0.41527
0.398784
0.408174
0
0
0.313307
0.260846
0
0.625687
0.329948
0
0
0.733421
0
0.949077
0
0
0.648807
0.336845
0.623899
0.362957
0.453395
0
0
0.263459
0.389044
0.25148
0
0.648325
0.324006
0
0.251185
0
0.560328
0
0.950895
0.27857
0.25809
0.251898
0
0.648551
0.581623
0.824989
0.327792
0
0
0.586795
0.683294
0.369321
0
0.266854
0
0
0.544999
0.42499
0
0
0.772484
0.345176
0.616572
0.355634
0.304773
0.320356
0.754145
0.647272
0.318403
0.45457
0.347817
0.486914
0.30804
0.411804
0
0
0.265021
0.362473
0.276958
0.38111
0.306555
0.303712
0.379899
0
0.319833
0.331892
0.79573
0
0
0.472317
0.348226
0.417007
0
0
0
0.329673
0.276227
0.402981
0
0.253945
0.661393
0.263144
0.292875
0.372306
0.32256
0
0
0.517749
0.256691
0.330387
0.260804
0
0.677921
0
0.257714
0
0.302917
0.250603
0.701545
0.62021
0.753252
0.448858
0.293346
0.363122
0
0.587742
0.381466
0
0
0.375884
0.725919
0
0
0.672128
0.255063
0.262915
0.470826
0.73997
0.442346
0.29413
0.33593
0
0
0.296343
0.331973
0.359655
0.34191
0
0
0.52171
0.410599
0
0
0
0.430742
0
0
0
0.41622
0
0
0
0.408294
0.629136
0
0.263724
0
0
0.46212
0.459459
0
0
0.816131
0.356998
0.636392
0.771995
0.50642
0.304542
0.375568
0.382412
0.314152
0
0
0.37883
0.504016
0.570282
0
0.296496
0
0.443958
0.622909
0
0
0.252844
0
0.476878
0.436116
0.773896
0
0.357089
0
0.324287
0.365831
0.768716
0.708547
0.310282
0.346362
0.269713
0
0.42205
0.378018
0.388183
0.287977
0.367302
0.254377
0.251643
0.631255
0.282612
0.308818
0.332413
0.36952
0.295867
0.758267
0.489786
0.31446
0
0
0.295084
0.320574
0.421795
0.53808
0
0.606259
0.296352
0.291554
0.255507
0
0.293907
0.387956
0
0
0
0.313098
0.32395
0.345843
0.39814
0.485038
0.477697
0.442641
0.438296
0.351548
0.288301
0
0
0.481996
0.298083
0.416344
0.259133
0
0
0.363015
0.37048
0.260855
0
0.666547
0.396278
0.272104
0
0
0.656381
0.329523
0
0.255437
0.398254
0.323632
0.252489
0
0.293915
0.353786
0.28174
0.253212
0
0.296351
0
0.611646
0.660873
0
0.632358
0
0.302205
0.33058
0.273357
0
0
0.29672
0
0.896358
0
0
0
0.359287
0.305198
0.293834
0.269751
0.262807
0.416619
0.597025
0.298939
0.624333
0
0.277368
0.631021
0
0
0
0.431251
0
0
0.676835
0.286708
0.263889
0.318982
0
0
0.373313
0
0
0.375429
0
0.994404
0
0
0
0.332684
0.273931
0.271727
0.411662
0.604051
0.798672
0.483727
0.317651
0.359239
0.426863
0
0.657491
0.286679
0.253556
0
0
0.303856
0.303223
0.604966
0.310886
0.309553
0.426404
0
0.664328
0.308463
0
0
0.281796
0.329029
0.358443
0
0
0.330475
0.36212
0.684255
0.323608
0.303978
0.411169
0
0.632095
0.298718
0.617683
0.374845
0.294599
0
0
0.353595
0.30321
0.254752
0.650943
0
0
0.541792
0.426915
0
0
0
0.398002
0.266866
0.455463
0
0
0.612365
0.343686
0
0
0
0.490434
0.300793
0
0.422013
0.731218
0.255946
0
0.602789
0.281478
0.299207
0.328128
0.31768
0.378584
0
0
0.257866
0.362388
0.281224
0.451462
0.62939
0.282672
0.335836
0
0.274145
0
0.890482
0.711013
0.691625
0.484784
0.315736
0.296242
0.310158
0.325891
0
0
0.384405
0.413804
1.08454
0
0
0.495341
0.474964
0
0
0.748711
0.333679
0
0
0
0.521996
0.262536
0
0.397771
0
1.03874
0.282801
0.260374
0.254432
0
0.720547
0
0.252751
0
0.482177
0.709632
0.74621
0.370513
0
0
0
0.284751
0.33454
0.299703
0.316676
0.397609
0
0.639707
0.292649
0.353375
0.29678
0.303957
0.431989
0.446705
0.411492
0.328717
0.316154
0
0
0.3747
0.263195
0.278578
0.403189
0
0
0.460246
0.467639
0.83118
0.711129
0.377421
0.659905
0.763925
0.393417
0
0.368251
0.337364
0
0
0.509751
0.428196
0.810037
0
0
0.267699
0
0.461349
0.4881
0.8103
0.699711
0.356453
0.292764
0.46324
0.533367
0
0.644296
0.255035
0.323773
0.269411
0
0.289835
0
1.00479
0.429386
0.331189
0.351715
0.663093
0
0.276728
0.351267
0.427401
0.472363
0.379337
0.748685
0
0
0.366675
0.267133
0.300327
0.408978
0
0
0.45279
0.382978
0
0
0.758926
0.281336
0.312553
0.4442
0.6943
0.342731
0.316942
0
0.589415
0.597224
0.302549
0
0
0.41472
0.337642
0.32496
0.274699
0.682046
0
0.278271
0.280148
0.535534
0.256912
0
0.699829
0.265171
0.2861
0.452528
0.315391
0
0
0.342529
0.295348
0.319809
0.290091
0.380843
0.299693
0
0
0.356985
0.270751
0.3042
0.38087
0.695962
0.494031
0.603742
0.331705
0.686062
0.427183
0.343249
0
0.633042
0.586539
0.314904
0
0
0.419159
0.262327
0
0.642183
0.402774
0.272062
0
0
0.300131
0.282554
0.405753
0.302988
0.709969
0.631651
0.318005
0.355675
0.633602
0.420422
0.268511
0.373512
0.551293
0
0
0.330004
0.314542
0
0.62044
0.265187
0.283927
0.303864
0.384322
0.483219
0
0.604038
0.279543
0.347518
0.295758
0.379269
0.538004
0
0.609835
0.380079
0.256986
0
0.634433
0.331848
0.340968
0.687155
0.373841
0
0
0
0.465948
0.480024
0.463442
0.496503
0.307518
0.36056
0.374312
0.285176
0
0
0.537916
0.35137
0.273175
0
0.708986
0.379507
0.337456
0.307704
0
0.541149
0.536781
0.402619
0.331539
0.326798
0.531253
0.284251
0.45426
0.533877
0
0.593996
0.269367
0.334417
0.287057
0.295098
0.411422
0.429781
0.396136
0.277317
0
0
0.323118
0.25429
0.282618
0.457098
0.270268
0
0
0.293422
0.636559
0.663113
0
0.556632
0.287663
0.549067
0.386905
0.399098
0.321295
0
0
0.473994
0.376236
0.351862
0.285091
0.739361
0
0.314893
0.278305
0.314719
0.280537
0
0.293942
0.423683
0.697398
0.291847
0
0.276678
0.323898
0.297433
0.379553
0.445274
0.444059
0.265792
0.38359
0.403821
0.548059
0
0
0.354337
0.383223
0
0
0.322387
0
0.27975
0.318195
0.301651
0.267584
0
0.31951
0.283351
0.317591
0.486783
0.707956
0
0.273335
0.405475
0.264805
0
0
0.45021
0.300638
0.305691
0
0.598022
0.461708
0.258009
0
0
0.542511
0.391001
0.408812
0.311091
0
0.565552
0.392427
0.279793
0.507123
0.533354
0.314682
0.375369
0.393728
0.259672
0.729644
0.518087
0.298331
0
0
0.284722
0.296902
0.427771
0.53238
0
0
0.352401
0.303074
0
0.590877
0.27218
0.286532
0.349849
0.3993
0.352626
0.341684
0
0.703171
0.265812
1.18098
0.397871
0.305258
0.330383
0.660437
0
0.279097
0.354606
0.704544
0.461342
0.556687
0.311291
0
0
0.630818
0.322842
0.360523
0.474525
0.355403
0
0
0
0.288582
0.344984
0.380785
0.28993
0.648581
0.616659
0.286551
0.621735
0.285133
0
0.292232
0.294306
0.334589
0.332064
0.385776
0.452365
0.445459
0.411463
0.414659
0.401521
0.394354
0.369217
0.357205
0.389067
0.258297
0
0
0.299278
0.802011
0.706654
0.317419
0
0.2585
0.286651
0.337152
0.326842
0.285078
0
