0
0.444879
0.34885
0
0.26885
0.361989
0.364243
0
0.263156
0.354576
0.363346
0
0.258528
0.323894
0.351858
0.489005
0.340811
0
0
0.281177
0.357505
0.337866
0.512737
0.317787
0
0.5525
0.654492
0.454514
0
0.278586
0.432614
0.685099
0.335974
0.837727
0
0.56793
0.283417
0.420817
0.772305
0.32428
0.71879
0.619101
0.276502
0.419701
0.495503
0.321377
0
0
0.299639
0.250576
0.308734
0
0
0.308472
0.332025
0.307506
0.454248
0.697767
1.20121
0.343914
0
0.585835
0.625768
0
0
0
0.274843
0.293205
0.32025
0.260778
0
0
0.603401
0.327184
0
0.292752
0.26617
0.311668
0
0
0.408823
0.980576
0.534615
0.564669
0.531363
0.717091
0.457012
0.270948
0.446075
0.310359
0.451966
0
0
0.294906
0.264373
0.292947
0
0
0
0.640516
0.344303
0
0.356528
0.988444
0.522757
0.436742
0
0.577652
0.310158
0.350486
0
0
0.370137
0.4699
0.482237
0.443776
0.432557
0.421559
0.410404
0.403161
0.567565
0.617593
0.491972
0
0.36597
0.609173
0.2959
0.361718
0
0
0.926772
0.530375
0.382909
0
0
0.31449
0.54116
0.363553
0
0
0.32002
0.51948
0.632825
0.43535
0.789707
0.515337
0.535025
0.340621
1.06207
0
0.417085
0.382844
0.450821
0.610686
0.284257
0
0.403335
0.420882
0.428256
0.483802
0.379343
0
0.605716
0.313471
0.371304
0
0
0
0
0
0
0.688059
0.353682
0
0.34813
0
0.256138
0.601603
0.347989
0
0.317003
0.390636
0.458683
0
0.642984
0.312709
0.421705
0.320924
0
0.78926
0
0.417672
0.457588
0.506684
0.539005
0.600186
1.00655
0.405859
0
0
0.96705
0.427614
0.254978
0.270353
0.419764
0
0
0
0
0.70064
0.353939
0
0.350648
0.669716
0.591217
0
0.329931
0.624689
0.350474
0.45606
0
0.698703
0.265026
0.271924
0
0.359142
0.988451
0.475358
0.479498
0.531882
0.488932
0
0.351511
0
0
0
0
0
0
0
0.721568
0.299884
0.407196
0.297335
1.36282
0.38723
0
0
0.961562
0.461775
0.502202
0.448202
0
0.613235
0.283864
0.464671
0
0.307433
0
0.375277
0
0
0.330478
0.392649
0.451953
0
0.634377
0.486008
0.280911
0.476325
0.286407
0.676292
0
0.706468
0.288206
0.473301
0
0.710818
0.283524
0.416076
0.281564
0.287114
0.989748
0.279513
0
0.330986
0.464017
0.539242
0
0
0.952175
0.485772
0.521382
0.669997
0.892863
0.445243
0
0.6484
0.301496
0.293407
0
0
0.274695
0.252701
0.2594
0
0
0
0.730815
0.395305
0
0.292698
0
0.612317
0.304516
0.452665
0
0.613078
0.291745
0.293562
0.62382
0.304343
0.293543
0.302813
0.400985
0
0.286096
0.310982
0.389509
0
0.325673
0.907621
0.276978
0.25378
0.340247
0.278099
0
0.250711
0
0.60322
0.297349
0
0.389132
0.943075
0.572469
0
0.528938
0
0.368999
0.296252
0
0.264257
0.260504
0.258888
0
0.692532
0.664809
0
0.273174
0
0.591802
0.28633
0.493111
0
0.570603
0.251559
0.346077
0.285293
0.280109
0.604954
0.998846
0.572453
0.422483
0
0.257441
0.96426
0.491627
0
0.253797
0.976552
0.478748
0.964442
0.479527
0
0.358643
0.669059
0
0.44625
0
0.613887
0.271077
0.329653
0.277961
0.268434
0.778936
0
0.725704
0.537224
0.47701
0.479171
0
0.276426
0.255877
0.5352
0
0
0.483612
0.253412
0.531344
0
0
0.96968
0.444057
0
0.254331
0.363726
0.415567
0
0.604604
0.377447
0
0.253388
0.436881
0.629594
0
0.255495
0.348828
0.27097
0.461604
0
0.56377
0
0.338715
0.265268
0
0.698884
0
0
0.523703
0
0.475714
0.886449
1.13864
0.27081
0.354393
0.324451
0.832307
0.253292
0
0
0
0
0.644736
0
0.50102
0
0
0.977431
0.492287
0.465631
0.468493
0
0.25221
0
0.478531
0
0
0.29669
0.27703
0.552711
0
0.437478
0
0.549691
0.587971
0.273826
0
0
0
0.299354
0.27284
0
0.637093
0
0.414999
0.542125
0.283099
0.964847
0
0
0.751662
0.943217
0.506526
0
0.250886
0.263728
0.269661
0
0
0
0.701074
0.688547
0
0
0.253141
0.588937
0.28383
0
0
0.258316
0
0
0.682837
0.675367
0
0.251687
0.415
0.651007
0
0.700259
0.522367
0.537074
0.499673
0.490378
0.477061
0.543424
0.435055
0
0.263115
0.976435
0.40947
0
0.515922
0.263309
0.409119
0.275805
0.371224
0
0.265151
0.283532
0.343283
0.297641
0
0.951683
0.333502
0
0.256392
0.954998
0.523874
0.581437
0.544411
0.814817
0.335627
0
0.734864
0.441832
0.511188
0.558216
0.649386
0.994451
0
0.527796
0.977149
0.483219
0.404869
0
0.258582
0
0.308757
0.371691
0
0.513633
0.271094
0.266752
0
0.266818
0.385921
0.327199
0.556921
0.330698
0
1.0997
0
0.84891
0.975493
0.448453
0.470647
0.390602
0
0
0
0.300569
0.354507
0
0
0.252319
0.25296
0
0.257219
0.42038
0.311176
0
0
0.251952
0.312167
0.286031
0.547954
0.373475
0
0.257913
0.94019
0.495865
0.372288
0
0.559109
0.915343
0.379555
0.386028
0.372225
0.517243
0.613992
0.6273
0
0.615159
0.55669
0
0
0.359331
0.265903
0.38674
0
0.541118
0
0.255572
0
0.524808
0.957287
0.385399
0.491566
0.583369
0.512851
0.878523
0
0.860249
0.397157
0.451826
0.278071
0.317964
0.265523
0
0.55402
0.374849
0.4767
0.358015
0
0.272053
0.303862
0.450782
0.365218
0
0.267983
0.290768
0.456647
0.337731
0
0.266127
0.629888
0.420264
0.251303
0.253767
0.423055
0.27784
1.14558
0
0.268101
0.351917
0.376486
0
0
0.285285
0.300709
0.459836
0
0.269961
0.291284
0.307361
0.526998
0.535368
0.256629
0.414065
0
1.26049
0
0.264764
0.493387
0.462014
0
0.263623
0.289892
0.307691
0
0
0.419678
0.255229
1.09652
0
0.255072
0.469843
0.26079
0.497633
0
0.535439
0
0.635973
0.283015
0
0.900818
0.283283
0.586946
0.25446
0.702389
0.250455
0.713325
0.34748
0.869199
0.306038
0.561233
0
0
0.306807
0.266811
0
0
0
0.297411
0.257782
0.434798
0.623768
1.00461
0
0.959429
0.940391
0.431459
0.289629
1.03421
0.28703
0.318132
1.14135
0.253193
0.408978
0.324448
0
0
0
0.314856
0.323193
0.553372
0.256346
0.527031
0.553593
0
0
0.28758
0.251587
0.403738
0.712488
0.317111
0
0
0
0.304534
0.273114
0.561583
0.495252
0
0.529172
0.956952
0.496203
0
0.581473
0.976302
0.426994
0.959304
0.461272
0.815547
0
0
0.351406
0.326255
0.606219
0.282729
0.698608
0
0.672535
0.598041
0
0
0
0.288032
0.466221
0
0.587693
0.964135
0.416115
0.29756
0.305265
0.286782
0
0
0.310192
0.723596
0
0
0.260912
0.43853
0
0
0.273475
0.425924
0
0
0.586715
0.580438
0
0.533998
0
0
0.262636
0.41713
0
0
0.59223
0.585218
0.584238
0.275438
0.274032
0.267145
0.274726
0.534811
0
0.559659
0.993424
0.450409
0.493646
0
0.56364
0.974402
0.490911
0.437768
0.540334
0.465565
0.931304
0.286771
0.429416
0.333598
0
0
0.558097
0.346659
0.522729
0
0.298776
0.346057
0.400268
0.304095
0.853084
0.394632
0
0
0.964726
0.391425
0.485143
0.571797
0
0.600351
0.596916
0.354283
0.254516
1.25324
0
0.347759
1.07581
0.679782
0
0.518634
0.660964
0.645603
0
0.55081
0
0.256729
0.287762
0.268396
0.379424
0.581905
1.22813
0.450742
0
0
0.966064
0.511499
0.503053
0.432349
0.467688
0
0.562734
0.950202
0.394911
0.291759
0.805885
0.276995
0.329895
0.980253
0
0.378913
0.348232
0.904662
0.298262
0
0.34992
0.673175
0.330722
0.400821
0
0
0.78642
0.518995
0.551241
0.4057
0.480489
0.487021
0.83898
0
0.812646
0.52933
0.411196
0.456916
0.47265
0.799615
0
0.545751
0.331016
0.547436
0
0.259988
0.449855
0.387381
0.50165
0
0.502437
0.384241
0.515198
0.480176
0.415665
0.491259
0.436198
0.898144
0.268494
0.360786
0.34011
0.371413
0
0
0.265706
0.327506
0.43488
0
0.441778
0.330205
0.517957
0
0.528937
0.268937
0.304094
0
0.29107
0.273887
0.295173
0.392257
0.637585
0.343069
0.848126
0.592031
0
0.527952
0.402007
0.411183
0.48252
0.553149
0.620943
0
0
0.27202
0.279608
0.286334
0.397746
0.62553
0.341111
0.835715
0
0
0.898675
0
0.272877
1.01193
0
0.579261
0.335711
0.379059
0.309873
0.800873
0.252099
0.330316
0.322792
0.764118
0.618927
0
0
0.656849
0.469214
0.530685
0.524667
0
0.53741
0
0.561184
0
0.589121
0
0.63219
0
0
0
0
0.258078
0.70315
0
0.808334
0.332598
0.389616
0.301614
0.749398
0.437889
0
0.539045
0.671928
0
0
0
0.838407
0.329141
0.588251
0
0.541677
0.328915
0.374328
0.300917
0
0
0.268586
0.306649
0.315272
0.607869
0.260513
0.692842
0.633379
0.407077
0.653513
0.267468
0.798562
0.340807
0.36215
0
0
0.525967
0.574576
0.610616
0.566273
0.417883
0.481461
0.484733
0.850317
0.26074
0.372202
0.341411
0.748013
0.575832
0.568861
0
0.26393
0.275346
0.296018
0.257648
0
0
0.606201
0
0.34189
0
1.28115
0
0
0.483669
0
0.641885
0
0.561274
0
0.321857
0
0
0.807524
0
0.296041
0.327851
0.762066
0
0
0.610499
0.61747
0
0.683795
0.933414
0.397542
0.25767
0.260785
0.959166
0
0.644725
0
0.334525
0.265222
1.1591
0
0.377209
0.932554
0
0.388035
0.908794
0
0.282969
0.336758
0.638316
0
0
1.08759
0
0.803536
0.331376
0.68546
0
0.25297
0.269534
0.391467
0
0
0.326615
0
0.650634
0
0.530265
0
0.257412
0
0
0.389352
0.321525
0.258222
0.606324
0
0.737859
0.907286
0.642267
0
0
0.312664
0.281362
0.255392
0
0.750035
0.590495
0.620587
0.416457
0.551003
0
0.54051
0.974531
0.564099
0.427751
0.516718
0
0
0
0.29211
0.456621
0
0.516703
0.966649
0.511051
0.484217
0.461887
0.5338
0.488635
0.83639
0
0.813448
0.478683
0.488675
0.438813
0.507042
0.459715
0.794076
0
0.545261
0.358216
0.499665
0
0.25743
0.328693
0.264053
0.563467
0
0.639203
0.258191
0
0
0.25494
0.262098
0.264199
0.458753
0
0.546759
0.660838
0.631003
0.509995
0
0.570678
0.575696
0
0.256308
0.287233
0.294028
0
0
0.474119
0.940336
0.507427
0
0.267135
0.361156
0.410134
0.287921
0.328625
0.28527
0
0.486902
0.335611
0.396429
0.280075
0.327086
0.27228
0
0.484323
0.323607
0.37676
0.284455
0.328376
0.430772
0.586794
0
0.529795
0.606268
0.280745
0
0
0.280304
0.293504
0.317185
0.263739
0.25357
0.472748
0
0
0.953289
0.377591
0.313705
0.269394
0
0.299649
0.269812
0.328539
0
0
0.450076
0.327475
0.540519
0
0.287226
0.310619
0.300132
0.508849
0.296952
0
0.299187
0.277008
0.2881
0.261173
0.299037
0
0.300539
0.275424
0.293802
0.602837
0.466626
0
0.572215
0.618351
0
0
0
0.475487
0.920008
0.397926
0.309864
0.840871
0.399887
0
0.597559
0
0.385909
0.735288
0
0.264233
0.958786
0.388166
0.275948
0.28773
0.999882
0.688395
0.380097
0
0
0.396632
0.461852
0
0.267566
0.329271
0.373751
0.264623
0.32457
0.407923
0
0.594611
0.306748
0.852516
0
0.621614
0.34742
0
0.300208
0.363797
0.298758
0.512999
0
0.599568
0.592263
0.262132
0.59555
0.66134
0
0
0.949024
0.382114
0.312224
0.609355
0.270275
0.42702
1.02389
0
0.334448
0.334341
0
0
0.263873
0.347909
0.567003
0
0.261625
0.319341
0.538502
0
0.265406
0.329363
0.277799
0.520711
0
0.547604
0
0.349711
0.744873
0
0.537659
0.970342
0.51901
0.487272
0.473985
0.466933
0.494535
0.631619
0.266447
0.588117
0.549498
0
0.536022
0.329151
0.383647
0.26825
0.279155
0.904288
0
0
0.505319
0.483052
0.510279
0.43962
0.45904
0
0.263426
0
0.338249
0.403631
0
0.259848
0.960199
0.383005
0.301711
0.667869
0.361015
0
0
0.952055
0.362057
0.277218
0.294995
0.979971
0.28187
0.5803
0
0.432625
0.315164
0.351237
0.32027
0.828593
0.364122
0
0
0.396397
0.450195
0.425474
0.443422
0
0.27173
0.616181
0.33176
0.625239
0.352757
0
0.525293
0
0.313598
0
0.298953
0.39197
0.291016
0.576788
0.391686
0
0.54989
0.638379
0
0
0
0.501492
0.346424
0.466466
0
0.282829
0.38242
0.42043
0.424315
0.408693
0.401736
0.391223
0.377909
0.522427
0.531454
0.532069
0.901913
0
0.566793
0.360572
0.413922
0
0.269482
0.352344
0.385582
0
0.294099
0.307803
0.312523
0
0.261285
0.348506
0
0
0.443251
0.404222
0.307416
0.685212
0.306852
0
0
0.427616
0.388824
0.270799
0.316046
0.320583
0
0.290481
0.35897
0.529332
0
0.292293
0.295029
0.309729
0.415324
0.642366
0.345041
0.331137
0
0
0.512102
0.325318
0.451997
0
0.296957
0
0.367303
0
0.312888
0.316193
0.286681
0
0
0.489801
0.335937
0.38098
0.275916
0.292416
0.535632
0.273373
0.272081
0.411729
0.295659
1.35027
0
0.302041
0.523492
0.29822
0.502879
0.648946
0.347789
0
0
0.294925
0.294636
0.460908
0
0.291222
0.261869
0.441912
0
0.294287
0.273417
0.428857
0
0.293721
0.576432
0.32922
0
0.254038
0
0.510356
0.330755
0.381622
0.29873
0.274926
0
0.319762
0.337668
0.313603
0.690789
0.48351
0
0
0.941546
0.466452
0
0.296556
0.322953
0.367618
0.309264
0.298502
0.454511
0.265585
0.328297
0.713844
0
0.302736
0.372111
0.380394
0.566505
0.250881
0.263947
0
0.48835
0.544291
0.535133
0.460108
0.458947
0.442569
1.04738
0.286102
0.398107
0.313298
0.84042
0
0.690412
0.273613
0
0
0.499717
0.528721
0.546094
0.446886
0.502764
0
0.268304
0.961448
0.503311
0.473073
0.457502
0.485643
0.477288
0.451407
0.80988
0
0.555921
0.322713
0.504047
0
0.267429
0.314829
0.356406
0.306215
0.318372
0.999077
0
0
0.333758
0.295208
0.426824
0
0.453345
0.468034
0.464792
0.422666
0.543653
0
0.535755
0
0
0.454489
0.482629
0.45275
0.421306
0.50908
0
0.540755
0
0
0.431545
0.492346
0.498894
0.465562
0.453268
0.440834
0.477209
0.434763
0
0
0.341461
0.432824
0.405225
0.500358
0.400736
0
0.627594
0.628579
0.414432
0.279552
0
0
0
0
0
0
0.607864
0.348979
0.412409
0
0.761428
0.34229
0
0
0
0.393895
0.428489
0.433487
0.408384
0.39424
0.562429
0.389788
0
0.633363
0.571867
0.327442
0.710628
0.298733
0.555828
0.287157
0
0
0.360074
0
0.311179
0.651142
0.367709
0
0
0.936089
0.548062
0.377988
0
0.608885
0
0.41252
0.343565
0
0
0.457694
0.424703
0.263535
0.335912
0.318138
0
0.419987
0.357874
0.406646
0.259084
0.274326
0.941333
0
0
0.354074
0.259386
0.329868
0.670691
0.399274
0
0
0.353362
0.509571
0.397473
0
0
0.333347
0.514283
0.407178
0
0
0.418536
0.399823
0.334572
0.290499
0
0.381437
0.25688
0.345138
0.693262
0.316357
0.598333
0.251102
0.831782
0.520075
0
0
0.41986
0.422037
0
0.615669
0.29615
0.288993
0
0.597221
0.305294
0.410314
0.452702
0.30392
0.461229
0
0
0.411961
0.361752
0.478052
0
0.618458
0.279502
0.268765
0.555082
0.296314
0.417098
0.338742
1.35874
0.37412
0
0.660017
0.25933
0.29871
0
0.334586
0.410926
0.565273
0
0.439493
0.353785
0.487456
0
0
0.35917
0.40273
0.336666
0.285512
0
0.465014
0.92799
0.379135
0.262122
0.329952
0.487731
0.284185
0
0.58843
0.576685
0.426993
0.522798
0.324458
0
0.391306
0.330455
0.382935
0.585782
0.542223
0
0.468781
0.326988
0.363178
0.331936
0.940475
0.279917
0.299439
0.32742
0
0
0.343839
0.269779
0.296957
0.258195
0.569332
0.321822
0
0.391996
0.316504
0.552818
0
0
0.311962
0.354506
0.260383
0.324648
0.3124
0
0.429787
0.292961
0.342754
0.328066
0.533403
0
0.460527
0.294738
0.560844
0
0.639621
0.271577
0.368885
0
0.420455
0.292052
0.552474
0
0
0.470885
0.424131
0.446018
0.510221
1.23354
0.264312
0.352965
0.324772
0.442829
0
0
0.424806
0.279009
0.567995
0
0.654059
0.271367
0.356137
0
0.410929
0.555339
0.427356
0.411534
0.54185
0.636355
0.618467
0.575469
0
0.621063
0
0.507874
0.256014
0
0.651592
0
0.498031
0.28767
0.335322
0.274816
0.297035
0.507393
0.282901
0.318412
0.484002
0
0
0.913139
0.330783
0.326231
0.853179
0.420802
0
0.727621
0
0.255062
0
0.412713
0.565025
0.421281
0.502027
0
0
0.297493
0.483196
0
0.627285
0.260003
0.343545
0
0.380742
0.304542
0.321035
0.529002
0
0
0
0.574866
0.323358
0.361621
0.257586
1.35521
0
0.344611
0.340059
0.377499
0
0
0.360981
0.323505
0.353567
0.402413
0.662976
1.09357
0
0.326245
0.338388
0.338015
0.69231
0.521626
0
0.636467
0
0
0
0.460034
0.574764
0.549909
0.513441
0.503215
0.478266
0.477272
0
0.258535
0.95408
0.475687
0.447666
0.496694
0.427881
0
0.252649
0.346845
0.487659
0.408325
0
0
0.348285
0.375105
0.299898
0.315466
0.999351
0.773397
0.327523
0
0.656546
0.630831
0
0
0
0.321865
0.355821
0.334386
0.479353
0.643456
0.341563
0.881229
0.525905
0
0.274662
0.6277
0.476834
0.520105
0.537611
0.303073
0
0.411272
0.918342
0.399136
0.263753
0.287164
0.855207
0
0
0.425257
0.465023
0.492758
0.435392
0
0
0.344532
0.421032
0
0
0.325772
0.438338
0
0
0.321074
0.3822
0.278759
0.294283
0.514388
0.273349
0
0.616441
0.324172
0.435588
0
0
0.94708
0.422741
0
0.639823
0.267357
0.360477
0
0.345152
0.356281
0.348737
0.448982
0
0
0.384974
0.426522
0.481797
0.406257
0
0
0.335329
0.479955
0.501522
0.560543
1.01865
0.310341
0.367944
0.322289
0.389927
0
0
0.390145
0.31625
0.392521
0.337276
0.929161
0.34285
0
0.709872
0.597113
0.572493
0.521166
0.310861
0
0.354681
0.316954
0.386742
0.255557
0.334696
0.294841
0
0.351754
0.382818
0.348514
0.466093
0.58232
0.337448
0.339547
0
0
0.340506
0.368218
0.52237
0
0.39344
0.300079
0.515808
0
0
0.440824
0.445711
0.473538
0
0
0.354841
0.434561
0
0
0.418087
0.438784
0.515171
0.518087
0.857809
0
0.370992
0.454506
0.482487
0
0.366174
0.258294
0.438954
0
0.367207
0.291015
0.334912
0.294345
0.521765
0.32827
0.39188
0
1.2586
0
0.505444
0.321011
0.383083
0.286999
0.321484
0.785391
0.299043
0
0.61057
0
0.266929
0
0.374679
0.313791
0.441404
0
0.343025
0.250635
0.41598
0
0.344786
0.317385
0.343646
0
0
0
0.43492
0.533242
0.538256
0.460975
0.502128
0.610353
0.257884
0.465805
0.28685
0.260544
0.26196
0
0.39119
0.332857
0.396908
0.316547
1.26977
0.299729
0.331482
1.28622
0.420519
0
0.678066
0
0
0
0.433927
0.995833
0.543169
0.507123
0.492718
0.482901
0.503217
0.598142
0.253968
0.463836
0.282504
0.584389
0.428441
0
0.712759
0.641844
0
0.755496
0.286024
0.617137
0
0.821108
0
0.596537
0.25554
0.797322
0.553618
0
0
0.956702
0.513963
0.483114
0.507882
0.509092
0.55663
0
0.548381
0.28553
0
0.318914
0.336313
0.336533
0.488522
0
0
0.964576
0.47394
0.456008
0
0
0.944155
0.383312
0.321323
0.267561
0
0.349822
0.367865
0.329919
0.485441
0.61673
0.35075
0.313919
0
0
0.317521
0.332794
0.483743
0
0.321575
0.261445
0.336636
0.452236
0
0.640249
0
0.684816
0.273801
0
0.607011
0
0.298721
0.391828
0.456994
0
0.296014
0.585414
0.250835
0
0
0.311458
0.267861
0.431878
0
0.297443
0.601943
0.58788
0.589819
0.529988
0.261511
0.254905
0.258678
0.27676
0.278636
0
0.447126
0.920234
0.389902
0.309328
0.270238
0
0.524037
0.543561
0.533846
0.467225
0.478389
0.466323
0.823264
0
0.318857
0.36043
0.364259
0.298471
0
0.529236
0.293893
0.398066
0
1.33547
0.265199
0.323324
0.842605
0
0.526714
0.573343
0.475957
0.454152
0.44931
0.983371
0.459122
0
0
0.977446
0.50624
0.459685
0.473235
0.578909
0.615824
0
0
0.446371
0.512999
0.456943
0.489623
0
0.56008
0
0.329813
0
0.468711
0.313
0.360062
0.303866
0.315838
0.509063
0.283167
0.280925
0.445505
0
0.681097
0.647511
0
0
0
0.457942
0.313349
0.358081
0.319473
0
0
0.338518
0.308504
0.346625
0.258427
0.284378
0.378461
0.872546
0.340283
0.766864
0
0
0
0.586506
0.297409
0
0.337128
0.311368
0.495651
0
0.316152
0.278472
0.31246
0.642193
0.302796
0
1.03815
0.267796
0.292797
1.24297
0
0.501853
0.600947
0.57866
0.450274
0.527209
0
0
0.934372
0.497987
0
0
0.461735
0.450705
0.513765
0
0
0.958852
0.503518
0.470207
0.457992
0.445249
0.432656
0.421171
0.410025
0.521145
0.515752
0.536143
0
0.609087
0.614742
0.332592
0
0
0.966624
0.395541
0
0
0.360012
0.491521
0.406847
0
0
0.316841
0.502877
0.492419
0.488273
0.811238
0
0.338418
0.305103
0.362998
0.709077
0.316491
0
0.926952
0
0.458196
0.432496
0.486939
0.470793
0.486662
0
0.579612
0
0
0.349058
0.289082
0.426352
0
0.336371
0.256535
0.418714
0
0.338366
0.285205
0.331929
0.254587
0.252175
0
0.35046
0.265447
0.414603
0
0.338082
0.264114
0.399765
0
0.338043
0.302969
0.291248
0.700573
0.302242
0.683173
0.620724
0.733561
0.271446
0.29852
0.399475
0.882356
0.34285
0.352664
0
0
0.443667
0.344356
0.522719
0
0
0.436829
0.47203
0.485476
0
0.584243
0.628451
0.618813
0.265831
0
0
0
0
0.604596
0.312289
0.465303
0
0.70785
0.343606
0
0
0
0.413831
0.486474
0.523204
0.456471
0
0.59731
0.588366
0.37946
0.544816
0.308869
0
0.340836
0.257247
0.311934
0
0
0.343434
0.337408
0.350205
0.473846
0.688277
1.13578
0
0.497892
0.937672
0.517492
0
0
0.433699
0.461902
0.497023
0.446345
0
0
0.961141
0.42029
0
0.612968
0.313321
0.313955
0.276966
0.294423
0.40585
0
0.691341
0
0
0
0.33972
0.356154
0.31362
0.272388
0.290368
0
0.393282
0.977711
0.456996
0.423822
0.527589
0.556956
0.536857
0
0.645329
0
0
0.343459
0.25216
0.305627
0.279573
0.296036
0.433866
0.284515
1.31363
0.279629
0.280019
0.31877
0
0
0.313057
0.254138
0.302416
0
0
0.403299
0.939849
0.420873
0.266763
0.282604
0.88842
0.707472
0.366018
0
0
0.952876
0.459695
0.441495
0
0.584707
0
0.387463
0.308319
0
1.10912
0.361329
0
0
0.378579
0.480338
0.425311
0
0.557385
0
0.364925
0.311476
0
0.743299
0
0.521708
0.357769
0.41115
0.318325
0.51083
0
0.311151
0.398221
0.30564
0.498638
0
0
0.950856
0.431989
0.432008
0.474202
0.518167
0.477851
0.953616
0.382781
0
0
0.355531
0.4321
0.404773
0.4888
0.385367
0
0
0.398842
0.374698
0
0
0.35236
0.390599
0
0.564208
0.256829
0.330295
0
0.438756
0.396516
0.402433
0.373022
0.366962
0.504324
0.347122
0
0.545876
0
0.372956
0.316736
0
0.680596
0
0.296041
0.345478
0.339048
0
0
0.309456
0.281729
0.316094
0.366361
0
