0.375361
0.271924
0.325758
0.326384
0.427039
0.314576
0.329732
0
0.348535
0.343543
0.772096
0.295614
0.650403
0.318736
0
0.365409
0.364174
0.755974
0.301891
0.639402
0.327995
0
0.358513
0.353413
0
0.39652
0.273131
0
0.28432
0.280931
0.280578
0
0
0.349804
0.299067
0
0.296059
0.293121
0.414455
0
0
0.271913
0.275828
0.278508
0
0.261119
0.358835
0.300661
0
0.310151
0.346267
0.617962
0.652643
0.304639
0
0.390629
0.29438
0.26559
0
0.295744
0.338669
0.792111
0.307154
0
0.681184
0.25758
0
0.350211
0.324056
0.487484
0.324058
0.589693
0.530203
0.66149
0.322836
0.397518
0.255349
0
0.294256
0.302897
0.326395
0
0
0.34688
0.954843
0.26407
0
0.2899
0.326397
0.272807
0
0.280629
0.331531
0.421309
0.504711
0.454961
0.405714
0.382543
0.358427
0
0.264344
0.288809
0.821635
0.700762
1.17116
0.306442
0
0.30857
0.252975
0.743441
0.293685
0
0.294312
0.543996
0.257399
0
0.255101
0.31029
0.425512
0.522013
0.488611
0
0
0
0.280355
0.332845
0.251024
0
0.293599
0.304442
0.278665
0.424714
0.525552
0.326474
0.421259
0.701992
0.995319
0.418379
0.261639
0
0.855056
0.266581
0
0
0.34261
0.378187
0.273919
0.325378
0.600951
0
0
0.287415
0.875308
0.644735
0.485976
0.398037
0.324434
0.560331
0
0.612337
0.285284
0.594209
0.401759
0.300431
0.446022
0.419016
0.310197
0.977582
0.299996
0.263971
0.308832
0.695998
0.435416
0.406291
0.295729
0.347885
0
0.627323
0.299338
0.256922
0.301447
0
0
0.305026
0.327876
0.309692
0.342922
0
0
0.333051
0.850773
0.587649
0.428403
0.498555
0.260787
0.338916
0
0.353515
0.272595
0.395348
0.343543
0.263821
0.45153
0.330428
0
0.358103
0.351266
0
0.411105
0.43742
0.667756
0.292821
0.42499
0.292699
0
0.312236
0.351538
0
0.305539
0
0.588033
0.292775
0.291259
0
0
0.354677
0.730015
0.405316
0.471658
0.279409
0.302868
0
0.254899
0.28831
0.313645
0.285872
0.332271
0.286247
0
0.283387
0.478737
0.643448
0.774697
1.07264
1.13946
1.13926
1.09496
1.04905
0.314032
0
0.322138
0.317712
0
0.518283
0.261089
0
0.300099
0.274218
0.351498
0.644223
0.269335
0.401019
0.427052
0.287949
0.385414
0.385221
0.292722
0.379552
0.37743
0.656828
0.499037
0.336106
0.395989
0.298651
0.290802
0.282747
0.312175
0.284666
0.290906
0.31571
0
0.383284
0.404999
0.673807
0.492556
0.339616
0.320466
0.375785
0.297832
0.550119
0.342887
0.271656
0.260115
0.291713
0
0.618771
0.296508
0.506757
0.299104
0
0.260771
0.267662
0.303348
0.326618
0.605972
0.442124
0.337859
0.639824
0.317818
0.260567
0.251383
0.433708
0.290507
0
0.606924
0.455139
0.350163
0.423362
0.481778
0.45445
0.279095
0.283208
0
0
0.716837
0.278385
0
0.588341
0.30676
0.407527
0.345398
0.585297
0.319713
0.631328
0.300943
0.258803
0.357493
0.483646
0.289835
0
0
0
0.750956
0.448594
0.343438
0
0
0.41427
0.380094
0.355038
0
0.281312
0.309312
0.279801
0.408991
0.407837
0.595835
0.336214
0.612576
0.291747
0.270949
0.277049
0.315608
0.268766
0.262691
0.287909
0.311968
0
0.322833
0.336158
0.346678
0.994996
0.327984
0.353581
0.354725
0.549807
0.401513
0.62704
0.302462
0.349487
0.327096
0.612858
0.341925
0.259003
0
0.284224
0
0.309049
0.603227
0.275242
0
0.603532
0.411209
0.414862
0
0.291487
0.289661
0.328174
0.29206
0.297812
0.501365
0.266631
0.257774
0
0.351578
0.266132
0.537437
0.299243
0.38483
0.305566
0
0.265377
0.288036
0.309787
0.284691
0
0.308786
0.513689
0.689263
0.575819
0.357453
0
0.327382
0.255331
0.305275
0.328137
0.29217
0.287022
0
0.267444
0.453454
0.368518
0.356
0
0.299112
0.287873
0.315606
0.258228
0
0.256234
0.379209
0.263346
0.347172
0.413093
0.31077
0.600294
0.332321
0.255807
0.360555
0.479153
0.290709
0
0
0.656745
0.458567
0.377701
0
0
0.274397
0.294663
0.263438
0.524717
0.432699
0.36947
0.339625
0
0.287483
0.308187
0.345349
0
0.610102
0.308941
0.279822
0.35712
0
0
0.309549
0.769258
0.452034
0.441969
0.314847
0.363983
0
0
0.309798
0.322408
0.251109
0.289491
0.31331
0.384321
0.271385
0
0.315382
0.922795
0.330547
0
0.37612
0.277487
0.804271
0.305488
0.275987
0
0.307215
0.334865
0
0.292664
0.301724
0.271884
0.356046
0
0.601583
0.302942
0.274318
0.358065
0.294914
0
0.296594
0.977861
0.370578
0.452776
0.475187
0
0.285068
0
0.286767
0.297212
0.322627
0.334509
0.395897
0
0
0.327837
0.756101
0.370781
0
0.324417
0.316676
0.272736
0.483895
0.300907
0
0.29717
0.975711
0.363297
0.444545
0.471302
0.584338
0.396423
0.334874
0.343479
0.472443
0.329021
0.304636
0
0.644629
0.308326
0.272957
0.337883
0
0
0.308849
0.325555
0.329146
0.388121
0
0.355177
0.30964
0.486435
0.269517
0.628817
0.274981
0
0
0.333943
0.741756
0.367868
0
0.343799
0.29261
0.310338
0
0.669661
0.304532
0.489694
0.269836
0
0.66666
0.264376
0
0.63373
0.297849
0.274665
0.383225
0.406585
0.312891
0.575943
0.264166
0.294687
0.256591
0.301762
0.311267
0.336356
0.327666
0.308241
0.418314
0.340618
0
0.33955
0.299728
0.309057
0
0
0.351961
0.83824
0.594794
0.348906
0
0.289794
0.349696
0.257862
0.49658
0.29858
0
0.292187
0.368204
0.480771
0.302044
0.336392
0.279221
0
0
0.321803
0.794965
0.706208
1.05399
0.464869
0.505417
0.565532
0.452154
0.274678
0.304025
0.806664
0.5987
0.314957
0
0.297291
0.332103
0.461336
0.328471
0.328382
0
0
0.288586
0.753104
0.32456
0
0.305986
0.256207
0.688195
0.304791
0
0.299073
0.517262
0.336148
0.283604
0.369921
0.362143
0.9631
0.395032
0.299077
0.457959
0.263892
0
0.257929
0.361948
0.381194
0.310416
0
0.349819
0.294409
0.310152
0
0.677565
0.321074
0.58146
0.26587
0
0.314777
0.317788
0.257054
0
0.304694
0.307223
0.30124
0
0
0.298404
0.761309
0.318402
0
0.326525
0.276484
0.345558
0.32419
0.336217
0.625544
0.303462
0.459368
0
0.290719
0.290564
0.28997
0
0.274247
0.294503
0.322726
0.318629
0.355726
0.267089
0
0.279015
0.405198
0.379633
0.325429
0
0.300121
0.257949
0.327554
0.299004
0.293001
0.429075
0.260498
0
0.351181
0.296974
0.379036
0
0
0.315723
0.316881
0.317074
0.315431
0.358232
0
0.366673
0.292089
0.302272
0
0
0.329826
0.317449
0
0.276419
0.294575
0.29522
0
0.272822
0.351847
0.647406
0.773783
0.902277
0.320484
0
0.352975
0.273477
0.40678
0.628468
0.2852
0.446207
0.285546
0
0.360379
0.375436
0.506231
0.312506
0.258218
0
0.649442
0.288869
0
0
0.343881
0.34756
0.335732
0.394448
0
0.369963
0.310731
0.504466
0.363653
0.292854
0.502761
0
0.312524
0.364861
0.260869
0.322305
0
0.259001
0.301947
0.319225
0
0.33395
0.322068
0.252244
0.438282
0.289947
0
0.303346
0.380467
0.258593
0.397638
0.285679
0
0.325643
0.366722
0.374673
0.32419
0
0.334723
0.327771
0.268404
0.358084
0
0.329714
0.334442
0.519748
0.302095
0.342178
0.504319
0.307714
0
0.27577
0.296995
0.275685
0
0.284429
0.392114
0.646426
0.665798
0.517403
0.561716
0
0.300135
0
0.304202
0.310014
0.340531
0.650609
0.297112
0.494605
0
0.297006
0.305555
0.293817
0
0.297062
0.313232
0.404613
0.257694
0
0.340616
0.938493
0.339678
0.318587
0.368283
0
0.334676
0.296864
0.307236
0
0.630806
0.306986
0.312408
0
0.6193
0.346201
0
0.370967
0.276301
0
0.369812
0.929888
0.327649
0.290978
0.307045
0.384815
0.606156
0.287863
0.360236
0.383205
0.756377
0.29017
0.373892
0.277993
0
0.331595
0.279073
0.287415
0
0.301121
0.371936
0.687154
0.789158
0.893715
0.480994
0.477061
0.583173
0.463356
0.305943
0.377739
0.2515
0.318599
0
0
0.311274
0.779863
0.344325
0
0.319494
0.268559
0.355524
0
0
0.275782
0.278725
0.295472
0
0.257482
0.342552
0.305697
0
0.303425
0.308598
0.33288
0.322683
0.283039
0.552334
0
0.295907
0.302422
0.786566
0.431353
0.390972
0.525893
0.366128
0.350308
0.272485
0.28261
0
0.653622
0.287098
0.594317
0.385286
0.262433
0.441072
0.385269
0.76324
0.280668
0.380142
0.364057
0.758366
0.275365
0.390672
0.366958
0.271214
0.386019
0.301687
0
0.314551
0.433186
0.654795
0.783506
0.886177
0.452897
0.553509
0.278204
0.469853
0
0.298914
0.25258
0.491424
0.349707
0.669124
0.292869
0.585389
0.277587
0.281141
0.645603
0
0.294682
0
0.318125
0.346054
0
0.288639
0
0.320248
0.268405
0.482054
0.29431
0
0.266722
0.251728
0.313482
0.260619
0
0.648024
0.45792
0.345891
0.431576
0.537609
0.262561
0.340119
0.273446
0
0.349619
0.422599
0.375944
0.341341
0
0.354545
0.277185
0.691564
0.448263
0.37772
0.555219
0.434368
0.306589
0.403994
0.824739
0.309535
0.261592
0
0.273624
0
0.251947
0.350587
0.557906
0.421224
0.600814
0.310265
0.780945
0.290783
0.27941
0.314428
0.684011
0.352286
0
0.302647
0.277635
0.675091
0.442896
0.425901
0.565043
0.428708
0.327286
0.293743
0.420653
0.351506
0.572267
0.322057
0.362535
0.271368
0
0.292597
0.283951
0.287754
0.25153
0.277304
0.320166
0.312443
0.319025
0.314445
0.282951
0
0.327058
0.305665
0.32757
0.342271
0.289499
0.489301
0
0.292125
0.315459
0.952798
0.613493
0.440802
0.480104
0.292838
0.377833
0.282577
0
0.290729
0.283356
0.302419
0.270055
0.295081
0.364273
0.361898
0.297334
0.382072
0.354899
0.598123
0.302679
0.337867
0.288355
0
0.283836
0.272997
0.313022
0.25314
0.27364
0.30016
0.313665
0
0
0.318969
0.313421
0.302207
0.294114
0.29287
0
0.306546
0.377129
0.25183
0.351888
0.321375
0
0.263282
0.381293
0.257201
0.334704
0.311976
0
0.253893
0.290099
0.329676
0
0.57613
0.334492
0.255034
0.312642
0.295176
0
0.593494
0.299288
0.311345
0.307947
0.390766
0.251929
0.275725
0.338487
0.889323
0.607886
0.3611
0
0.251106
0.376017
0.510974
0.320336
0.328712
0
0.25189
0.32366
0.757862
0.364273
0
0.292204
0.276373
0.314647
0
0
0.328318
0.789566
0.700741
1.07
0.477626
0.51412
0.447168
0.336186
0.350465
0.269878
0.270118
0.301743
0.810337
0.692065
1.0582
0.478251
0.467459
0.567136
0.53262
0.268457
0.30109
0.288418
0.258683
0.316088
0.287741
0.292119
0
0
0.34181
0.304212
0.260324
0.271956
0.307356
0.326889
0.287312
0.280866
0.562009
0.259977
0.263716
0.299974
0.743121
0.421097
0.471041
0.277922
0.425961
0.40512
0.28644
0.974259
0.309338
0.280477
0.312195
0.670062
0.358676
0
0.290265
0
0.302625
0
0.252769
0.291703
0.311101
0.267141
0.278521
0.548798
0.254135
0.629828
0.326969
0
0.30746
0
0
0.323593
0.847741
0.591298
0.424394
0.43567
0.275444
0.50567
0.258327
0
0.315824
0.710549
0.365736
0
0.273226
0
0.306876
0.282506
0.267207
0.970887
0.270101
0
0.39904
0.268069
0.280045
0
0
0.337967
0.784637
0.697821
1.15108
1.07976
1.19519
1.04831
0.305351
0
0.379174
0.250651
0.27223
0
0.760022
0.310435
0.772948
0.278745
0.261252
0
0.726456
0.266267
0.276782
0
0
0.290522
0.429744
0.568442
0.288512
0
0.343536
0.625131
0
0.297144
0
0
0.258247
0.496835
0.294749
0
0.294264
0
0.487599
0.620961
0.909941
0.268552
0
0.292679
0
0.448434
0.333758
0.918066
0.252499
0
0.286595
0.583438
0.63782
0.28306
0.401223
0.286113
0.701751
0.254239
0.325102
0
0.592871
0.364321
0.286065
0.350774
0.292179
0.733827
0.298161
0.735887
0.287172
0.268053
0
0.786157
0.29445
0
0.290531
0
0.72874
0.29058
0.750661
0.268893
0.597606
0.979752
0.270909
0
0.702754
0.290252
0.431755
0
0
0.290166
0.373371
0.381594
0.478795
0.408126
0.281167
0
0
0.369163
0.280858
0.409125
0.671441
0.272548
0.435953
0
0.338036
0.257019
0.597591
0
0
0.315792
0.329059
0.580791
0.277107
0.275854
0.426896
0.667148
0.285984
0.972225
0.331171
0.292004
0.279414
0.42492
0.318153
0
0.3548
0.329584
0.755362
0.36436
0.253647
0
0
0
0
0
0.725639
0.292011
0
0
0.291384
0.493307
0.443398
0.409623
0.263753
0.263359
0
0.346093
0.2958
0.38019
0.635031
0.287637
0.472609
0
0.258537
0.294724
0.294135
0.268465
0
0.300805
0.288186
0.26217
0
0.303376
0.289906
0.257828
0
0.305942
0.291347
0.253816
0
0.349028
0.651523
0.61515
0.488742
0.414305
0.367064
0
0
0
0.788244
0.286245
0
0
0.349175
0.352659
0.263641
0.3192
0.987225
0.253894
0
0.305413
0.873205
0.718619
1.02721
1.01044
0.32637
0
0
0.262732
0.55203
0.639533
0.488301
0.377545
0.334755
0
0
0
0
0
0
0.820951
0.69177
0.318011
0
0.801195
0.261845
0.292728
0.377667
0
0
0.342648
0.357833
0.624117
0.949596
0.397093
0.341705
0.474486
0.301872
0
0
0.293825
0.319028
0.623871
0.40616
0.27254
0
0.308481
0.329866
0.344426
0.955821
0.265669
0.718462
0.316817
0.315102
0
0
0.348706
0.462404
0.398021
0.390773
0.378578
0.637295
0.43435
0.316133
0
0.683284
0.303873
0.267944
0.333373
0
0
0.297079
0.312178
0.317601
0.947566
0.35831
0.309796
0.46616
0
0
0.338954
0.656501
0.573111
0.364332
0
0.341688
0.308221
0.257256
0.588609
0.409018
0.293823
0.964959
0.360507
0.551469
0.425191
0.258082
0
0
0.760902
0.266249
0
0
0.293733
0.293838
0.259981
0.333976
0
0.830289
0.289226
0.283286
0.704383
0.277756
0.27907
0.430639
0.315702
0
0
0.437997
0.330318
0.386325
0.464479
0.264258
0.405563
0.490938
0.339843
0.266758
0.688312
0.285952
0.25832
0.733037
0.324026
0.507183
0.322741
0.483553
0.343518
0.256779
0.687565
0.291464
0.259231
0.719856
0.27278
0.293326
0.365313
0
0.705114
0.337424
0.345242
0
0
0.28864
0.383007
0.269214
0
0.449667
0.319222
0.392977
0
0
0
0.279736
0.34966
0.937375
0.302254
0
0
0.26118
0.330828
0.257319
0
0.496812
0.725711
0.573949
0.370309
0
0.320827
0.285657
0.31477
0
0
0.352876
0.702518
0.392237
0.411061
0.27092
0.42517
0.524609
0.343185
0.962447
0.296006
0
0.60516
0.328968
0.42112
0.347616
0.620703
0.377025
0
0
0.397281
0.377028
0.361356
0
0.35068
0.290006
0.283559
0.512167
0.41936
0.330559
0.414942
0.372943
0.920044
0.594192
0.304583
0.548513
0.313881
0.438833
0.344283
0.327251
0
0.645399
0.318508
0.52602
0.352631
0.558948
0.401546
0.370787
0.3746
0.358192
0.604586
0.431661
0.25804
0
0
0
0
0
0.810313
0.517064
0.380302
0
0
0.259666
0.316405
0.264679
0
0.308087
0.32642
0
0
0.281626
0.298375
0
0.35695
0.677449
0.250871
0
0.261616
0.365484
0
0.605124
0.255947
0.291933
0.383485
0
0
0.292415
0.367727
0
0.615885
0.261245
0.287789
0.374798
0
0
0.359127
0.740001
0.40036
0.375722
0.364408
0.681149
0.369207
0.372399
0.991627
0.377411
0
0
0.903703
0.377519
0.34769
0.35712
0.432574
0.349842
0
0
0.270387
0.332225
0
0.583927
0.255877
0.387286
0.673764
0.347224
0
0.690958
0.617474
0.366278
0
0
0.390436
0.857213
0.593202
0.387056
0
0.296731
0.284118
0.377792
0.278504
0
0
0
0
0.862506
0.562319
0.379126
0
0.707484
0.384369
0.382868
0
0.700912
0.625439
0.516458
0.309679
0
0.251868
0.918842
0.301105
0
0
0.379973
0.376375
0.354652
0
0
0.287487
0.713733
0.343372
0
0.586823
0.329322
0.347189
0
0
0.277939
0.318929
0.391239
0.257589
0.705428
0.40876
0.453509
0.361269
0.393278
0.291156
0
0
0.304381
0.28508
0
0
0.354852
0.345373
0
0.322217
0.702744
0.982049
0
0
0.312189
0.330397
0
0.589887
0.360912
0.36609
0
0.684767
0.363407
0.372666
0
0.681328
0.27692
0.429723
0.636686
0.525934
0.367013
0
0.57303
0.33382
0.351315
0
0
0.359684
0.328574
0
0.544187
0.292699
0.278234
0.363534
0
0.597406
0.328953
0.45887
0.403771
0.311756
0.361055
0.305771
0
0.303853
0.31908
0.331928
0
0
0.33905
0.827149
0.364207
0
0.313486
0.281345
0.352879
0.35085
0.400196
0
0.313506
0.327712
0.263523
0.323923
0
0.588688
0.303243
0.492437
0.294219
0
0.266351
0.406105
0.255721
0.318412
0
0.259103
0.31721
0.864488
0.662623
0.495451
0.486528
0.406507
0.268082
0.502853
0.337424
0.444167
0.651637
0.460408
0.272162
0
0
0.775769
0.430413
0.414023
0.508955
0.399463
0.38994
0.338622
0.322632
0
0
0.293131
0.306673
0
0
0.444102
0.384064
0.352222
0
0.26152
0.269629
0.305479
0
0.548473
0.319524
0.338499
0
0
0.363596
0.36221
0.350549
0.297959
0.274384
0
0.251692
0.449445
0.409642
0.470457
0.388695
0.374038
0.664651
0.334317
0.421989
0.917192
0.603885
0.275321
0.284273
0.321354
0.419605
0.260372
0
0.775868
0.281145
0
0.648682
0.339767
0.435532
0.376069
0.50598
0.358909
0.259738
0.686968
0.296696
0
0
0.348337
0.78301
0.390354
0
0.320211
0.29079
0.387848
0.285643
0
0.848934
0.313796
0
0.659781
0.350826
0.469463
0.294081
0
0.264645
0.990426
0.690886
0.779218
0.91506
0.331328
0
0.263205
0.275645
0.344438
0.630927
0.442299
0
0.628695
0.335822
0.45751
0.268562
0
0.285947
0.348254
0.405343
0.267338
0.673847
0.304544
0
0
0.314574
0.796519
0.455849
0.385473
0.339373
0.379371
0
0.622117
0.314509
0.508803
0.384566
0.500326
0.362851
0.691284
0.251858
0
0.302969
0.921508
0.639025
0.474941
0.395329
0.322615
0.575727
0
0.593787
0.278896
0.543535
0.287593
0
0.294373
0.291489
0.31
0
0.660608
0.309675
0.262278
0.322662
0
0
0.316272
0.776171
0.445753
0.400961
0
0.288402
0
0.288354
0.304674
0.286787
0
0.283576
0.330049
0.474534
0.332971
0.297131
0
0.629122
0.31203
0.267744
0.323182
0
0.61596
0.302342
0.537196
0.289618
0
0.314267
0.932874
0.327716
0.309893
0.319872
0.281453
0
0.333668
0.291024
0.302555
0
0
0.345309
0.32705
0
0.297594
0.334039
0.50706
0.276886
0
0
0
0
0.670337
0.559161
0.335124
0
0
0.295193
0.295811
0
0.26561
0.977627
0.385657
0.473812
0.395436
0.360362
0
0.843999
0.35867
0.453294
0.920679
0.605426
0.267328
0.285604
0.318721
0.288683
0.409278
0.447141
0.326061
0.388649
0.397772
0.91531
0.582459
0.27754
0.276325
0.323218
0.269891
0.393693
0.310747
0
0.285233
0.913524
0.308346
0
0.534321
0.289772
0.264997
0.33248
0
0
0.331657
0.78599
0.377839
0
0.28377
0.259001
0.309226
0
0.291
0.303397
0.432726
0.344492
0.572349
0.354668
0
0
0.289097
0.295884
0
0.518249
0.293201
0.426017
0.622746
0.317627
0
0
0.35267
0.334256
0
0
0.316403
0.346117
0.598505
0.399232
0
0.615696
0.328636
0.32254
0
0
0.356344
0.877638
0.648806
0.353922
0
0.305495
0.278376
0.336101
0.341295
0.339034
0.384674
0.455495
0.38207
0.285602
0
0.823505
0.255523
0
0.668712
0.328924
0.321258
0
0.699842
0.319428
0.325813
0
0
0.359099
0.778531
0.417554
0.381985
0.266953
0.356919
0
0.348342
0.71049
0.424681
0.386821
0.263054
0.439854
0.280174
0.450083
0.380201
0.302777
0.445664
0.353732
0.298351
0.433277
0.327653
0
0.269343
0.460756
0.712382
0.83866
0.888544
0.366207
0
0.307786
0.250382
0.313133
0.284891
0.2938
0.398839
0.281253
0
0.333556
0.286982
0.356703
0.265686
0
0.315159
0.305313
0.29394
0
0.265164
0.376217
0.361787
0.441928
0.432161
0.302575
0.387945
0
0.598902
0.327857
0.460512
0.331955
0.599952
0.360101
0
0.257146
0.277361
0.300893
0
0.284888
0.296011
0.312905
0
0
0.340225
0.34203
0.310222
0.303688
0.570172
0
0.255534
0.335159
0.763169
0.417887
0.438456
0.301407
0.346883
0
0
0.288089
0.351872
0
0.251568
0.407942
0.737452
0.623696
0.358074
0
0.300919
0.262103
0.310333
0
0
0.371537
0.702368
0.793175
1.05231
1.03741
0.325416
0
0.358725
0.303249
0.270571
0.350729
0
0.661981
0.282741
0.307058
0
0.738983
0.303915
0.253655
0.314875
0
0
0.330783
0.354051
0.303605
0.37795
0.345278
0.932173
0
0.25255
0.298799
0.335408
0.290094
0.364668
0.346597
0.970047
0.310504
0
0.675487
0.326236
0
0.301644
0
0.647379
0.302591
0.445167
0.30746
0.282578
0
0.704565
0.297668
0.442719
0.575836
0.283719
0
0
0.309754
0.33272
0.288489
0.289665
0.524081
0
0
0.268438
0.318599
0.299019
0.346087
0
0.676874
0.288268
0.578037
0.282744
0
0.334762
0.3647
0.700038
0.295753
0
0
0
0.774186
0.261343
0
0.690947
0.31355
0.308827
0
0
0.348327
0.754906
0.370422
0
0.349223
0.272182
0.282032
0
0
0.332621
0.809007
0.609181
0.434231
0.434444
0.292381
0.459738
0.388131
0.289558
0.495783
0.286068
0.277988
0.263214
0.315981
0
0.349064
0.300479
0
0.286351
0
0
0.324047
0.860338
0.607405
0.432311
0.428576
0.362784
0.587681
0.311048
0
0
0.31237
0.860995
0.72875
1.16682
1.01034
0.455369
0.42763
0.287015
0.515456
0.388737
0.281742
0.958167
0.305992
0.260768
0.262418
0.302878
0.281322
0.395206
0.349037
0.278833
0.491236
0.383128
0.586035
0.284941
0.97335
0.254308
0
0.253093
0.282017
0.264848
0.355258
0.255898
0
0
0
0.731488
0.261082
0
0.737373
0.270065
0.391352
0.574478
0.275376
0
0.744411
0.288689
0.287327
0
0
0.291026
0.28931
0.288925
0.379319
0.315262
0.28734
0.473882
0.364073
0
0.636585
0.322738
0.672117
0.263636
0
0.6959
0
0
0
0.384382
0.820219
0.55843
0.384925
0
0.283404
0
0.329727
0.252437
0.620711
0.296321
0.513644
0.28798
0
0.271566
0.51267
0.335073
0.364212
0
0.266693
0.556506
0.871756
0.747749
0.899973
0.336645
0
0.356115
0.28943
0.267215
0.339665
0
0.650779
0.296257
0.261235
0.457522
0.273681
0
0.275561
0.302767
0.316604
0.570849
0.345772
0.252335
0.651001
0.290231
0.259769
0.417864
0.419446
0.296576
0.956965
0.27637
0
0.360659
0.29401
0.283862
0
0.6656
0.300292
0.253993
0.29454
0
0
0.300162
0.316359
0.294233
0.33448
0
0.254283
0.317351
0.729559
0.360473
0
0.302229
0.543213
0.668116
0.335965
0
0.295207
0.528878
0.672596
0.324698
0
0.366776
0.269408
0.409329
0
0
0.310657
0.278792
0.379415
0.622096
0.269945
0.414024
0
0.313724
0.255717
0.279254
0
0.663845
0.33008
0
0.283874
0
0.354824
0.275927
0.271186
0
0
0.314362
0.73446
0.594423
0.313124
0
