0.351838
0.500999
0.35683
0.329497
0
0.301235
0.28804
0.267569
0.26563
0.334229
0.287695
0.335739
0.362373
0.274059
0.252472
0.375215
0.260955
0.291493
0.26581
0.282018
0.303203
0.504132
0.388592
0.372996
0
0.360077
0
0.580189
0.482455
0.389985
0
0.304209
0.409463
0.424435
0
0.311003
0.293939
0.701153
0.429905
0.263494
0
0.29218
0.486703
0.547114
0.364732
0.254856
0
0.320111
0.307066
0.617887
0
0.309249
0.322686
0.28687
0.316985
0.311155
0.261162
0.644576
0
0.326878
0
0.630305
0.464016
0.5482
0.515759
0
0.322538
0
0.305972
0.325071
0.338623
0.466692
0.526409
0.449216
0.328159
0.328869
0.331961
0.271485
0.34655
0
0
0.310668
0.28556
0.315357
0.319865
0.282686
0.272462
0.25268
0.348336
0.546279
0
0.32275
0
0
0.290295
0
0.263169
0.303432
0.288206
0.342512
0.417668
0.472862
0.368489
0.321821
0.270095
0.359374
0
0
0.413718
0.860619
0.444881
0.411616
0.304952
0.385625
0.694049
0.343739
0.287317
0.304602
0.393493
0
0
0.281756
0.596507
0.439814
0.378974
0.354855
0.343759
0.33381
0.44198
0
0
0
0.317826
0
0.283913
0.276455
0.319105
0
0.269443
0.268092
0.411361
0.442244
0.425582
0.606596
0.385979
0.285937
0.392035
0
0.695569
0.460642
0.522684
0.596016
0.358001
0.340401
0.397565
0.678756
0
0
0
0.48556
0.270782
0
0.66172
0
0.526174
0.348335
0
0.718915
0.423544
0.521712
0
0.251989
0.601674
0.269782
0.328276
0.296455
0.311344
0
0.26162
0.281466
0.308949
0.635867
0.378501
0
0
0.930697
0.379868
0.602453
0.322818
0
0.781244
0.388288
0.460389
0
0.406773
0.369751
0.433666
0
0.272276
0.263483
0.485586
0.273969
0
0.409598
0.262815
0
0.382509
0.394658
0.419902
0.265647
0
0.955574
0.371751
0.43276
0
0.289327
0.264501
0.478893
0.339573
0.356615
0.621619
0.270897
0
0
0.29906
0.60121
0.325682
0.602906
0.526966
0.526026
0.425154
0.425613
0
0.325094
0.410359
0.412042
0.274149
0
0
0.311842
0.306653
0.280404
0.385718
0
0
0.336548
0.385163
0
0
0
0.306711
0.34128
0.460931
0.503504
0.360201
0.395209
0
0
0.300821
0.630305
0.46112
0.399849
0.295195
0.414359
0.591218
0.278979
0.374408
0
0
0
0.304047
0.313564
0.284664
0.328726
0.266188
0.27958
0.261595
0.318523
0.267198
0.321911
0.440375
0
0.417418
0
0.439268
0.34343
0
0.299312
0.293175
0.375545
0
0.679802
0.441263
0.254134
0.373916
0.357025
0
0.662079
0.409554
0.313276
0
0.388872
0.35204
0.382815
0.513442
0
0
0.420376
0.63019
0.295747
0
0.375771
0.287296
0
0.290987
0
0.264817
0.318807
0.329009
0.349986
0
0
0.797415
0.442612
0.27595
0.363598
0
0.314502
0.383742
0.494241
0.27217
0.49194
0.367138
0
0
0.270716
0.556524
0.428327
0
0.376952
0.492627
0.439334
0.345465
0.384964
0
0.690909
0.37104
0.571437
0.511688
0
0
0.426151
0.85421
0.438411
0.38183
0.273192
0
0.360394
0.305146
0
0.305779
0
0.376002
0.37533
0.45555
0.484984
0
0
0.375924
0.786109
0.43472
0.547002
0.429428
0
0
0
0.297577
0.339723
0.356583
0
0
0.751133
0.344664
0.404328
0
0.355541
0.338568
0.466399
0.50285
0.499647
0.330988
0.485882
0.322556
0
0.575786
0.361478
0.285403
0
0.332613
0.389688
0.272115
0.423791
0.709952
0
0.549417
0
0.256348
0.285888
0.295515
0.329819
0.327215
0.553336
0.613788
0.289804
0.563231
0
0.278378
0.282455
0.398469
0.332722
0.359872
0.57677
0.289859
0
0
0.270428
0
0.28304
0.369208
0.268324
0.321077
0.488388
0.842719
0.443242
0.330496
0.267336
0.293619
0.402815
0
0
0.416889
0.618454
0.303971
0
0.298661
0.47911
0.519207
0.350247
0.371396
0.344873
0.334959
0.416907
0.251558
0
0.278626
0.297602
0
0.283773
0.354572
0.553959
0.620376
0
0.369188
0.398572
0.486012
0
0.300659
0.582384
0.276846
0.32742
0.35995
0.297319
0
0.261061
0.366219
0.252305
0
0.372224
0.47352
0.338577
0.401202
0
0
0.256412
0.513456
0.488162
0.575966
0.433411
0
0
0.769398
0.348228
0.396968
0
0.310978
0.324292
0.279249
0.32364
0.371264
0.553125
0
0.27736
0
0.271441
0.334452
0.269374
0.316958
0.376192
0.463625
0.401577
0.313878
0
0.391401
0.296526
0
0.374031
0.402947
0.503107
0.434707
0.333189
0
0.373254
0.47647
0.316811
0.362597
0
0.695302
0.414648
0.271138
0.364961
0.617522
0.271226
0.318179
0
0
0.314322
0.272743
0.309912
0.366829
0.254825
0.5674
0
0.303529
0.253393
0.48313
0.268544
0
0.380842
0.275323
0.27386
0
0.302573
0.322071
0.274015
0.29621
0.359768
0.293798
0
0
0.337182
0.293836
0
0
0.329848
0.47341
0.410227
0.311086
0
0.411549
0.274591
0
0.393078
0.398125
0.46588
0.316348
0.313836
0
0
0.264646
0.45339
0.351851
0.503045
0.506329
0.434246
0.318754
0.315603
0.280563
0.308226
0.408231
0.489157
0.258947
0
0.985644
0.453946
0
0.309908
0.313224
0.294318
0.297294
0.400065
0
0.678371
0.425808
0.289219
0.370591
0.36886
0
0
0.283434
0.450275
0.345813
0.44041
0.313539
0.331151
0.465691
0
0
0.395724
0.659253
0.347541
0.465242
0
0
0
0.265218
0.418206
0.289177
0
0.26403
0.458188
0.509631
0.343793
0.442513
0
0
0.66758
0.262846
0.268327
0.387617
0.392514
0.416023
0.354578
0.407226
0.254679
0.302351
0
0.673808
0.492608
0.572313
0.454803
0
0.655516
0.403039
0.304838
0.313327
0.287472
0.298228
0.358102
0
0.64058
0.519942
0.386423
0
0.251965
0.340181
0
0.279032
0.318386
0.435263
0.473056
0.324913
0.344268
0.476383
0
0
0.368361
0.343859
0.583796
0
0.361715
0.435433
0.488182
0.634926
0.479422
0
0
0
0.642996
0.385059
0.420853
0.287673
0.502118
0
0.374225
0.342511
0.645762
0.395463
0
0
0
0.51934
0.379442
0.474276
0
0
0.365761
0.29674
0
0.342216
0.302049
0
0.611019
0.435376
0.321729
0
0.2826
0.266092
0.387921
0.350725
0.308461
0.489963
0.643477
0.43262
0
0.301618
0
0.365267
0.361118
0.610443
0.757414
0.308966
0
0.600832
0.415648
0.310628
0
0.293904
0.257938
0.373403
0.553
0.649954
0.435421
0.569249
0.603299
0.408739
0.309062
0.331275
0
0
0.345226
0.645193
0.383188
0.400354
0.570764
0.567558
0.523829
0.456384
0.355568
0.635802
0
0.296078
0.619341
0.36547
0.379639
0
0
0
0.346757
0.27223
0.305148
0.368176
0.30682
0.638344
0.446171
0
0.423549
0
0.304253
0
0.468422
0.332653
0.395431
0
0
0
0.263586
0.414199
0.288369
0
0.388271
0.265377
0.261393
0.3044
0
0.628407
0.500853
0.250528
0.352888
0.373215
0.484614
0.438284
0.440304
0.356073
0.352527
0.270332
0.279654
0.418911
0.481484
0.283647
0
0
0.32773
0.296665
0.286225
0.328508
0.474637
0.374134
0.321492
0
0.285499
0.451093
0.491436
0.391912
0.572804
0.443897
0.492286
0.377515
0.321829
0.334136
0
0.686306
0.391971
0.581587
0.553914
0.42357
0.604418
0.406703
0
0
0.304543
0
0.295494
0.359024
0
0
0.32055
0
0
0.280844
0.577592
0.408461
0.435722
0
0
0.269614
0.418667
0.399975
0.310474
0
0.377866
0.29903
0.25315
0.281966
0
0
0.321333
0.647513
0.394894
0
0.381293
0.594624
0.419163
0.3637
0.406835
0
0.707706
0.390942
0.259269
0.342264
0.266481
0.298743
0.37712
0
0
0.356106
0.666583
0.28207
0
0.283133
0.409889
0.390266
0.313955
0
0.366218
0.264771
0.269623
0.35008
0
0
0.250777
0.457985
0.364778
0.468768
0.564239
0.304013
0.421513
0.266537
0
0
0.605805
0.370296
0.419702
0.492286
0.430519
0.259949
0.258135
0
0
0.298785
0.606089
0.380029
0
0.382926
0.496118
0
0.679046
0.452329
0.325113
0.328808
0.285098
0.29753
0.41477
0.427412
0.336805
0.386737
0
0.708664
0.353967
0.621576
0.363493
0
0
0.318062
0.342927
0.43894
0
0
0.802162
0.388129
0.347103
0.339783
0
0
0.301088
0.332108
0.407744
0.276652
0.472525
0
0.385127
0.325747
0.640844
0.402873
0
0
0.287955
0.618432
0.454482
0.386705
0.270742
0
0.269379
0.27781
0
0.273346
0.316171
0.279366
0
0.26267
0.377845
0.521182
0.57863
0
0.284972
0.555201
0.349629
0.389749
0.58528
0.257286
0.428808
0.296073
0.286382
0.518452
0.403564
0.408848
0.267844
0.31514
0
0
0.280429
0.398621
0.302283
0
0.396384
0.25668
0.541559
0.335448
0.346689
0
0
0.291465
0.330763
0.400477
0.578543
0
0.439522
0.253568
0
0
0.286435
0.361046
0.312736
0
0.275313
0.508162
0.33133
0.359752
0.406206
0.618904
0.257899
0.377959
0
0
0
0.285215
0.354545
0.314215
0
0.414396
0.262589
0.553342
0.324852
0.288031
0.315296
0.472609
0.262795
0
0
0.282608
0.636396
0.397802
0.255327
0.455406
0.60039
0.274712
0.414149
0
0
0
0.287201
0.332963
0.378767
0
0
0
0.269658
0.314092
0.452584
0.503891
0.370679
0.292128
0.364952
0
0
0
0.504552
0.367381
0
0
0.909187
0.376751
0.722923
0.591801
0
0.685265
0.438239
0.255808
0.295594
0
0
0.322005
0.677702
0.379121
0.5292
0
0.269203
0.251965
0.281034
0.265393
0.397898
0.528681
0.253373
0.356027
0
0
0.428266
0.859463
0.393997
0.262298
0.435461
0
0
0
0.283859
0.602569
0.400271
0.258375
0.514591
0.820359
0.370321
0.376205
0
0.777707
0.379799
0.265936
0.309762
0.314594
0
0
0.288608
0.293818
0.317103
0.412224
0.505313
0
0.410316
0.405169
0
0.676245
0.469029
0.259635
0.382524
0.342394
0
0
0.282296
0.564484
0.365015
0.597343
0.256056
0.41317
0.293141
0.433006
0
0.648572
0.562825
0.270579
0.313415
0
0.6977
0.387651
0.49232
0.541668
0
0.613454
0.416576
0.544518
0.539315
0
0.60066
0.486
0.254998
0.316759
0.34271
0.4454
0.294805
0
0
0.275802
0.399054
0.319687
0.385522
0
0
0.738898
0.474432
0.298202
0.505588
0.365943
0
0
0.283468
0
0.270046
0.367363
0.502149
0.556988
0.360738
0.255847
0
0.313747
0.462591
0.523366
0.355846
0.41916
0.251189
0
0.357289
0.297499
0
0.291366
0
0.581664
0.517795
0.411466
0.322178
0.60331
0
0.359436
0.377881
0.32788
0.378461
0
0.26196
0.339575
0.341789
0.54095
0.25326
0.356293
0.560386
0.367559
0.257647
0
0
0.328754
0.34957
0.526287
0.256143
0.475371
0
0.363307
0.370231
0.257523
0.305765
0
0.338163
0.428349
0.289264
0
0
0.308979
0.306252
0.268385
0.34379
0.532005
0.614434
0.306146
0.319469
0
0.372576
0.370366
0.429131
0
0.320923
0.28516
0.430914
0.291055
0
0.325358
0.480323
0.531007
0.361371
0.383114
0.356005
0.40589
0.567923
0.504139
0.900876
0.465476
0.374709
0.358592
0.359513
0.354665
0.273956
0.276505
0.377884
0
0.636144
0.430083
0.277335
0.334882
0.363686
0.480464
0.286406
0.319917
0.270666
0.54455
0.44367
0
0
0.379546
0.636747
0.338519
0.974402
0.50726
0.419432
0
0.307868
0.481161
0.280289
0
0
0.328117
0.297725
0.284615
0.337481
0
0.280006
0.321071
0.327507
0.323501
0.29424
0.282805
0.397412
0.495258
0.298641
0
0
0.267172
0.407866
0.290546
0
0.343024
0.603136
0.59394
0
0.343309
0.433584
0.473688
0.547222
0.437372
0.414772
0.550933
0
0.667947
0.395663
0.550358
0.518972
0.390343
0.567601
0.436571
0
0.578084
0.450327
0.330332
0
0.307267
0.308926
0.595742
0.372741
0
0.590729
0.374455
0.393989
0.53865
0.495795
0.468052
0.450559
0.614513
0.285675
0.590345
0
0
0.286541
0.593984
0.429454
0.527314
0.43288
0
0
0
0.307319
0.295676
0.301472
0.302809
0.254567
0
0.303177
0.385779
0
0
0.40249
0.843795
0.426735
0
0
0.311244
0.283191
0
0.293681
0.359866
0.437461
0.29477
0.291543
0.256329
0.295171
0.313069
0.27757
0.286984
0.445119
0
0.250521
0.278861
0.571903
0.372266
0.262539
0
0
0.277862
0.367273
0.329016
0.594763
0.28448
0.26235
0.436863
0.368356
0.279258
0
0.780804
0.488771
0.313557
0.361496
0.356183
0
0
0.4027
0.838481
0.41814
0.367642
0.303493
0.447364
0.258361
0.293958
0
0
0.273681
0.563689
0.49398
0
0.311844
0.502429
0
0
0.267226
0.553387
0.48238
0
0.310642
0.463103
0.375918
0.295291
0.267897
0.268202
0.287844
0
0
0.272357
0.341167
0.321546
0
0.319229
0.254242
0.27269
0.289172
0.353518
0.485815
0.318543
0.358369
0.579566
0.545988
0.422938
0.778878
0
0
0.281415
0.597253
0.437348
0.365284
0.299643
0.47457
0
0.275296
0.465094
0
0.63127
0.488936
0.388599
0
0.32476
0.304275
0
0.359515
0.361531
0.295511
0.628944
0
0.639549
0.428366
0.4105
0.501096
0
0.580185
0.427512
0.350095
0.347157
0
0.313751
0
0
0.281745
0.56756
0.392059
0.257409
0
0.701022
0.390341
0.336285
0.340818
0
0
0.271498
0.375563
0.306138
0
0.308564
0.278095
0.261923
0.282122
0.342918
0.459697
0.344423
0.333893
0
0.296978
0.283683
0.328591
0.369067
0
0
0
0.25645
0.36224
0.330577
0.411053
0.553276
0.296891
0
0.59875
0.397169
0.343793
0.351236
0.350388
0.297484
0.369669
0
0.668062
0.300866
0
0.329859
0.330684
0.305488
0.255839
0.366255
0.47727
0.324977
0.424931
0.327503
0
0
0.376803
0.831759
0.406376
0.353268
0.339362
0.385136
0.257942
0
0.336306
0.250223
0.282138
0.365998
0
0
0.343979
0.272743
0.345798
0.322646
0.298149
0.608811
0.397415
0
0
0.805195
0.453287
0.54107
0
0.27291
0.25365
0.4343
0.287364
0
0.349802
0
0.258438
0.329455
0
0.626841
0.30602
0
0.338333
0.33655
0.298778
0.261344
0.339973
0
0
0.300192
0
0.289017
0.303918
0.419169
0.368987
0.319204
0
0.275516
0.302414
0
0.2681
0.345965
0.620823
0
0.376822
0.47659
0.400099
0.404604
0
0.370506
0.481769
0.267716
0.360221
0
0
0.302508
0
0.28066
0.307583
0.294904
0.608346
0.957415
0.274344
0.553806
0
0.368825
0.467125
0.559424
0
0.352536
0.295762
0.652571
0.723609
0.36771
0.478337
0.358503
0.46422
0.33651
0.466988
0.407631
0.37927
0.694672
0
0.25863
0.305692
0.293366
0.314861
0.317142
0.276719
0.331562
0.377021
0.534416
0
0.387983
0.294315
0
0
0.278195
0.370112
0.30679
0
0.357303
0
0.257451
0.331172
0
0.640303
0.422089
0.469168
0.498162
0.462463
0.427877
0.352522
0.658902
0
0.35513
0.297359
0.62837
0.711561
0.379977
0
0
0.407853
0.582114
0.305044
0
0.336363
0
0.553157
0.344482
0.628927
0
0.611982
0.418178
0.425541
0.505113
0.467614
0.442083
0.349042
0.665657
0
0.336078
0.404717
0.418201
0.486863
0.457007
0.383759
0.44933
0.30436
0.42054
0.300991
0.429853
0
0.565672
0.449597
0.337284
0
0.288235
0.330056
0.499783
0.450391
0.392024
0.381077
0.305597
0.49187
0
0.315054
0
0.306514
0.305995
0.334076
0.482177
0.254133
0.443277
0
0.300012
0.295109
0.304591
0.306565
0.325329
0
0
0.304058
0.327697
0.489959
0.433788
0.44508
0.262934
0.271572
0.425219
0
0
0.40942
0.589762
0.327433
0.416186
0
0
0
0.275911
0.593322
0.442266
0.380933
0.273795
0
0.341632
0.266284
0.560895
0.343531
0.257817
0.269697
0.353854
0.455765
0.310502
0
0.851192
0.428858
0.269824
0.333538
0.337381
0.293477
0
0.380663
0
0
0.280433
0
0.300537
0.30093
0.459547
0.351917
0.330823
0
0.334644
0.604753
0.611685
0
0.280994
0.31829
0.286363
0.325703
0.326869
0.285377
0.252739
0.263146
0.334892
0
0.259525
0.339496
0
0.631508
0.432101
0.464403
0.480829
0
0.605245
0.40073
0.27814
0.303941
0.325575
0.481637
0.348406
0.435732
0
0
0.265885
0.407385
0.290604
0
0.298565
0.292057
0.602146
0.370108
0.534967
0.276926
0
0
0.288686
0.585711
0.428318
0.818799
0.423941
0.463962
0
0.671375
0.41866
0.448821
0
0.342421
0.308856
0.616545
0.710066
0.363754
0
0.597621
0.42372
0.270356
0.296287
0.312249
0
0
0.296588
0.588897
0.381362
0.518905
0.261642
0
0
0.393834
0.637453
0.290675
0
0.326553
0.262187
0.325803
0.351926
0
0.324755
0
0
0.300026
0
0.267746
0.314036
0
0.316649
0.367342
0.677267
0
0.344163
0.313642
0
0.370515
0.675297
0
0.341749
0.439512
0.413258
0.56187
0.478242
0.471556
0.373679
0
0.333771
0
0
0.380518
0.839826
0.457704
0
0
0.313291
0.348438
0
0.286726
0
0
0.3065
0
0.265965
0.299383
0
0.264709
0.278312
0.313828
0
0.560874
0.462566
0.294192
0.269209
0.357326
0.521276
0.263691
0.318562
0.294446
0.290165
0
0
0.58842
0.285128
0.260623
0.29248
0.26232
0.262616
0.358305
0
0.29365
0.271954
0.586858
0.481938
0.578086
0.494242
0
0.269718
0
0
0.363512
0.646946
0.277364
0
0.338446
0.306282
0.634471
0.392781
0.265722
0
0
0.581803
0.279586
0.264771
0.31389
0.292905
0.672505
0
0.344345
0
0.60925
0.421453
0.364312
0.341358
0.430394
0
0
0.31739
0.383333
0.438038
0.415589
0.618837
0.475805
0.262665
0.336925
0.559345
0.490858
0.37659
0.701379
0
0.296436
0.606859
0.265635
0.310138
0.366782
0.309756
0.646398
0.92761
0.534918
0.258906
0
0
0.30416
0
0.269399
0.333151
0.301268
0
0
0.349784
0.551699
0
0.284683
0
0.633936
0.489688
0.510538
0.641226
0.475967
0.435838
0.371138
0.354988
0.471519
0.295071
0
0
0.252665
0.435098
0.344948
0.937433
0.526019
0.298937
0.556984
0.340182
0.460104
0
0.652584
0.379781
0.297875
0.39813
0.252614
0.2742
0.374662
0
0.594471
0.479855
0.368642
0
0.324966
0.311663
0.337027
0.636381
0.382556
0.437825
0.290247
0.329649
0.647257
0.352414
0.352884
0.349358
0.506494
0.357264
0.488485
0
0.598769
0.40181
0.456645
0
0.300762
0.390991
0.461874
0
0.346063
0.30598
0.283663
0.31862
0.411325
0.277581
0.265326
0.258065
0.382129
0.277389
0.261244
0.253748
0.370663
0.277594
0.257834
0
0.359466
0.500373
0.551975
0.382551
0.555717
0.531842
0.876228
0.469603
0.294892
0.607804
0
0.369866
0.344129
0.281096
0.369382
0.363275
0.362889
0.271163
0.276082
0.381383
0.466019
0.272146
0.309953
0.275091
0.277959
0.307541
0.494091
0.365605
0.381579
0.330307
0.445698
0.299103
0
0
0.299822
0.3368
0.439391
0.51133
0.426225
0.317117
0.298828
0.269869
0.420308
0
0
0.264979
0.548988
0.38134
0.750811
0.443258
0.528696
0
0
0.283988
0.309441
0.392038
0.448182
0.43818
0.757174
0
0
0.281603
0.299442
0.302553
0.356143
0.597704
0.667439
0
0.25598
0.319826
0.760746
0.547554
0.393814
0.280277
0.489491
0.258373
0
0
0.287235
0.303117
0.393768
0.272901
0.381044
0.578111
0
0
0.255817
0.525721
0.367839
0.747047
0.353074
0.326671
0.272746
0.302929
0.386408
0.363488
0.450861
0
0
0.352321
0.368987
0.296951
0.430272
0.433839
0.428477
0.252925
0.584911
0
0.67524
0.489449
0.535177
0.616316
0
0
0.488842
0.890018
0.513071
0.442713
0.420247
0.39172
0.264392
0
0
0.492405
0.374222
0.329136
0
0.632221
0
0.26125
0.368262
0.425917
0
0.695336
0.450638
0.542826
0
0
0.283653
0.463461
0.284072
0
0.253266
0.285469
0.594898
0.386875
0.539145
0.274814
0
0
0.401634
0.846217
0.416874
0.362292
0.416018
0
0
0
0.292716
0
0.290081
0.376715
0.611513
0
0.289797
0
0.688594
0.405049
0.287747
0.354282
0
0.721509
0.295595
0
0.355799
0.252704
0.295469
0
0
0.356951
0.698517
0.272133
0
0.365964
0.590922
0
0.383744
0.459121
0.28508
0.325553
0.552821
0.375418
0.468451
0
0.694418
0.35186
0.339853
0.350744
0
0.669317
0.316729
0
0.344911
0.658003
0
0
0.328444
0.346347
0.398848
0.255552
0
0
0.269205
0.540074
0.406102
0.353721
0.329711
0.434417
0
0
0.370285
0.311034
0.577211
0
0.291011
0.599934
0.362664
0.461627
0.257188
0.370658
0.520283
0.43961
0.438944
0.436089
0.348606
0.342606
0.27742
0.365967
0
0
0.315835
0.272275
0.34421
0.31068
0.288444
0.615712
0.402042
0.48628
0.377596
0.282851
0.293407
0.293153
0.293039
0.287708
0.280476
0.271627
0.265606
0.333264
0.427022
0
0.788482
0.762484
0.587858
0
0.66525
0.72719
0.504431
0.522021
0.33412
0.32477
0.312762
0.258318
0.257595
0.320098
0.283842
0.361363
0.340419
0.286391
0.294921
0.594219
0.399293
0
0.690788
0
0.77965
0.745192
0.344263
0.552249
0.281526
0
0
0.27708
0.578172
0.419784
0.41183
0.264315
0
0
0.275615
0.594405
0.426935
0.273572
0.285795
0
0
0.388786
0.63687
0.344043
0.399931
0.346721
0.542386
0
0
0.262014
0.423725
0.29334
0
0
0.452161
0.474067
0.321267
0.419983
0.324637
0.540436
0.276635
0
0.865192
0.283613
0
0.378468
0.270723
0.315291
0
0
0.28672
0.594322
0.330037
0.655313
0.471715
0.492885
0
0.781428
0.451831
0.600422
0.465324
0
0
0.372956
0.631511
0.346736
0.469666
0.543754
0.294203
0
0.662089
0.332765
0.271342
0.280127
0.291212
0.300082
0.380758
0
0.670786
0.368296
0.271468
0.401214
0
0.335473
0.555634
0.551594
0
0.928566
0.377067
0
0.395202
0
0.318513
0
0.63819
0.360498
0.320233
0.376125
0
0
0.330255
0.268236
0.343004
0.338213
0.600561
0
0.365417
0.479923
0.276057
0.31209
0.514665
0.373408
0.364043
0.291025
0.290954
0.286516
0.335339
0.250905
0.376763
0.559241
0.577013
0
0
0.320176
0.298741
0.290382
0.285555
0.280509
0.266273
0.268049
0.277235
0.280764
0.341773
0.375292
0.405522
0.318295
0
0.35383
0.29252
0.347152
0.368647
0.376556
0.436982
0.329411
0.345416
0.306469
0.466391
0
0.317903
0.56863
0.567804
0
0
0.30065
0.398853
0.314963
0.520721
0.269995
0
0.829796
0.497657
0.57643
0.460985
0.468765
0.278608
0.500342
0
0.635228
0.540585
0.498399
0.60364
0
0.625391
0.357497
0.315643
0.37432
0
0.64548
0.289348
0.702084
0.615526
0.404397
0
0.599289
0.387613
0.303685
0.266543
0.343419
0
0.581002
0.515633
0.40636
0.547722
0
0
0.413377
0.646022
0.331255
0.968588
0.48006
0.45524
0.858905
0
0.612486
0.436892
0.495305
0
0.290279
0.290725
0.462024
0.320153
0.966328
0.305289
0
0.474701
0
0.594908
0.474865
0.409966
0.520252
0
0.251057
0.289281
0.576121
0.409737
0
0.451371
0
0.300897
0.32198
0
0.332671
0.332441
0.329627
0.28999
0
0.408591
0
0.332755
0.417613
0.301123
0.365251
0
0.594685
0.299182
0.674828
0.441235
0
0.584792
0.30439
0.656684
0.551082
0.370666
0.476023
0.336798
0
0
0.313599
0.332773
0.430887
0.48684
0.411866
0.308061
0
0.377509
0
0.256425
0.430883
0.627487
0.320451
0.951705
0.279536
0
0
0.284965
0.388055
0.316943
0.481059
0.304988
0.251891
0.478218
0
0.597711
0.477707
0.415439
0.550357
0.397641
0.299752
0.444163
0
0.550485
0.514693
0.286857
0.600221
0
0
0.291796
0.39781
0.317958
0.422391
0.285171
0
0.662323
0.386416
0.329754
0.332691
0
0
0.290232
0.39129
0.302319
0
0.312908
0.282334
0.278414
0.27224
