0.315581
0.301693
0.377143
0.262773
0.325979
0.36571
0.321541
0
0.279542
0.264255
0
0.256964
0
0
0.291383
0.641508
0.31622
0.45339
0.271555
0
0
0.409497
0.279547
0.410126
0
0.368756
0.284255
0.519707
0.256177
0.307795
0.354839
0.289991
0.389484
0.388841
0.253634
0.299534
0
0.525526
0.608584
0.452484
0.349513
0.357618
0
0
0.519517
0.386345
0
0
0.260123
0.316997
0.95934
0.314165
0.406107
0.295021
0
0
0.407031
0.275963
0.402897
0
0.26556
0.41232
0.954172
0
0.271554
0
0.338413
0
0.258921
0.520547
0.363408
0.291032
0
0
0.268696
0.335137
0
0.731054
0.354185
0.373027
0.399252
0
0.38911
0.557275
0.566189
0.518183
0.410773
0
0.556114
0.272361
0.320134
0
0.26504
0.276074
0.374918
0.274278
0.563663
0.332259
0.439758
0.281232
0.259469
0.526327
0
0.573136
0.265399
0.500076
0.276109
0.546639
0
0.250065
0
0.318632
0.523135
0.328521
0.549696
0.307325
0.346108
0.494086
0.290359
0
0.277205
0.258009
0.348785
0
0.284618
0.341972
0.317254
0.275756
0.455848
0.308529
0
0.592255
0.273242
0.349121
0
0.283773
0.265196
0.307112
0.95504
0.345471
0.431746
0
0.362985
0.317844
0.485763
0.361456
0.404246
0.38165
0.26503
0.665067
0.308449
0.541851
0.430035
0
0.301188
0.255458
0.296249
0.992255
0.622504
0.354833
0
0.427077
0.588728
0.48505
0.336738
0.654551
0.718951
0.394489
0.269681
0.313962
0.393971
0.275475
0.641716
0.33285
0
0.445176
0
0.257753
0.509278
0
0.332195
0
0.78072
0
0.726815
0.338171
0.351147
0
0.448206
0.292424
0
0.555157
0.265628
0.301993
0.988983
0.390632
0.26545
0.298824
0.313053
0.269954
0.364745
0.308941
0.36034
0
0.290528
0.330122
0.563676
0.690625
0.591023
0.716846
0.61199
0.296393
0.421042
0
0
0.256913
0.477424
0.339588
0.491249
0.589046
0.273216
0.366533
0.340662
0.405381
0.431956
0.685012
0.264696
0.339291
0.312604
0.359174
0
0.456502
0.531539
0.271727
0.331004
0.310259
0.385343
0.340041
0.296702
0
0.537129
0
0.311265
0.35684
0.389462
0
0.435468
0.259586
0.329508
0.573987
0.424114
0.511472
0.267768
0.286131
0.305033
0.314197
0
0.557605
0.270148
0.305894
0.971274
0.318561
0.61572
0.280736
0
0.352657
0.478723
0.336793
0.250841
0.425107
0
0.263523
0
0.323293
0.515197
0.256789
0.48424
0
0
0
0
0.290285
0.575778
0.331877
0.441428
0.280465
0.436033
0.440475
0.268876
0.271002
0.42949
0.539292
0
0.2518
0.397528
0.287368
0.337164
0.560686
0
0
0.392886
0.550294
0.27289
0.540769
0.315491
0
0.290181
0.51917
0.285626
0.78515
0.415523
0.266576
0.30824
0.39888
0.288623
0.587381
0.354358
0.495495
0.411941
0
0.566965
0.569209
0.300618
0.263084
0.528132
0.335793
0.395257
0
0.276051
0.261301
0.406937
0
0.656
0.298705
0.573681
0.334227
0.32705
0.305425
0.294266
0.729191
0.266414
0.593302
0
0.29269
0.460516
0
0.413649
0
0
0.402543
0.345732
0.435122
0
0
0.318771
0.569623
0
0.323819
0.482292
0
0.332182
0
0.68931
0.353481
0.264946
0.277095
0
0.303183
0.273436
0.548349
0.358582
0.499553
0
0
0.268084
0.351429
0
0.618178
0.268328
0.568703
0.389762
0
0.639122
0.258246
0.304502
0.980566
0.350736
0.267659
0.599219
0.254436
0.324506
0.359524
0
0.598287
0.336353
0.415539
0.275993
0.338999
0.328176
0.412436
0.282756
0.27207
0.355431
0.285702
0.570153
0.347584
0
0.327898
0.546172
0
0.607316
0.267971
0.351486
0
0.433041
0.270854
0.402375
0.380375
0
0.62552
0.266603
0.336392
0
0.432307
0.357817
0.483291
0.329151
0.372672
0
0
0.467498
0.344191
0.434662
0.389073
0
0.386571
0.264623
0.270766
0.334514
0.286417
0.435268
0.331156
0.329679
0
0.449101
0
0.48881
0
0.331185
0.368838
0.275198
0.328498
0.549775
0
0.630584
0.272308
0.345957
0
0.29812
0.281501
0.490874
0.26343
0.434059
0
0
0.250577
0.484469
0.265413
0.409538
0
0
0.545675
0.369142
0.984044
0.464224
0.37198
0
0.417577
0.284412
0.297416
0.455312
0.265503
0.362677
0.825927
0.320732
0
0.358547
0
0.589142
0.344199
0.306121
0.552274
0.280533
0.268702
0.286281
0
0.28808
0.63273
0
0.433079
0
0.276571
0.522531
0.311268
0.71347
0.39925
0.358284
0
0.538082
0.358655
0.275444
0.453835
0
0
0.260205
0.420168
0.281118
0.434733
0
0.356414
0.413272
0.383251
0.301231
0
0.308885
0.271067
0.30288
0
0.267069
0.286871
0.39177
0.279199
0
0.812624
0
0.737845
0.351866
0
0.325013
0.310028
0.380577
0.282318
0.352089
0.368262
0.327053
0.251737
0.284174
0.274131
0.275969
0.28087
0.30892
0.298076
0.522689
0.280953
0.500868
0
0
0.25405
0.287341
0.294144
0.343008
0.341525
0.423938
0.379665
0.705981
0
0.642262
0
0.404718
0.594796
0.319022
0
0.595479
0
0
0.366105
0.430249
0.471039
0.415765
0
0.262143
0.268001
0.321128
0
0.790253
0.347201
0.41946
0.368971
0.39502
0.346275
0
0.274731
0.312374
0.395995
0.400058
0.494532
0.601289
0.386563
0.496305
0.441281
0.2527
0
0.276945
0.316012
0.303773
0.380211
0.265983
0.367152
0.301355
0
0
0
0.597393
0.277144
0.316023
0.525419
0.412251
0.293717
0.838069
0.289577
0.523825
0.394821
0
0
0.347184
0.252667
0.294341
0
0.309819
0.281389
0.348859
0.268575
0
0.732578
0.558002
0.424579
0.516714
0
0
0.547283
0.36163
0
0.405752
0.258736
0.267843
0
0.290757
0
0.526089
0.273187
0
0.74809
0.557443
0.380772
0.316842
0.425714
0.287234
0.274247
0.657051
0.253306
0.401617
0
0.258445
0.360031
0.461834
0.573178
0.439344
0
0.293449
0.9743
0.352184
0.414191
0
0
0.370473
0
0.350577
0.298858
0.284161
0.583549
0
0.314221
0.313698
0.36637
0.443833
0.374839
0.371036
0.275886
0.545301
0.2929
0.465491
0.360757
0
0.590773
0.296979
0.357377
0.974435
0.334717
0.307298
0.274416
0
0
0.387759
0.311535
0.31743
0.268653
0.278984
0.346543
0.296518
0.844272
0.252755
0.439731
0.399841
0
0.612346
0.288074
0.305682
0
0.267451
0.540003
0.295385
0
0.25066
0
0.451071
0.349123
0.439772
0.445156
0.607049
0.343586
0.572273
0.298803
0.382728
0.394675
0
0
0.410768
0
0.275529
0
0
0.280063
0
0.567465
0.408107
0.353531
0.442124
0.548443
0
0.303263
0.460385
0.620137
0.26733
0.301109
0.631668
0
0.299314
0.516175
0.423738
0.279937
0.525146
0
0.260842
0.303357
0.278307
0.453341
0
0.61566
0.564758
0.339871
0.751196
0.420792
0.371866
0
0.493683
0.323019
0.97727
0.346567
0.580726
0.252949
0
0.305136
0.266522
0
0.312274
0.500817
0.387232
0.467579
0
0
0.407852
0.265827
0.412476
0
0.582027
0
0
0.308169
0
0
0.263464
0.326013
0.294276
0
0.426655
0.65226
0.342292
0.349669
0.266965
0.691111
0
0.498661
0
0.274785
0.541667
0.258895
0.349842
0.250435
0.659104
0.275032
0.438932
0.284157
0
0
0.406068
0.266018
0.435733
0
0
0.585074
0
0.327821
0.252079
0
0.334913
0.957328
0
0.582753
0.298415
0.415546
0.28702
0.36087
0.322687
0.410573
0.378733
0.560101
0.267542
0.283066
0.313161
0.414312
0.663872
0.375268
0.280705
0
0.313292
0.28671
0.392213
0
0.573156
0.364102
0.334071
0.329978
0.253384
0.705792
0
0.502893
0
0.258631
0
0.525338
0
0.297447
0.464755
0.311599
0.308628
0
0
0.279282
0.259822
0.334817
0
0
0.347713
0.836179
0.657813
0.456839
0.254353
0.374684
0
0.287013
0.290557
0.77369
0.382683
0.363194
0.426807
0.399176
0.422261
0.810749
0.322011
0.545974
0.255411
0.345981
0.571696
0.267024
0.497288
0
0.297857
0.262685
0.270223
0.291426
0.481308
0.255229
0.359633
0.511476
0.476629
0.310458
0.276706
0.459504
0.267051
0.356794
0.668083
0.31391
0
0.321129
0.553736
0
0
0.413264
0
0.306451
0
0
0.337023
0
0.304371
0.294381
0
0.693795
0.284156
0.326733
0.983065
0.295169
0.298762
0.300582
0
0.663719
0.318045
0.346005
0.300309
0
0.376839
0
0.750844
0
0
0.360846
0.478105
0
0.398481
0.330857
0.334139
0.957409
0.375575
0.273654
0
0.681423
0.271794
0.319835
0.978008
0.472982
0.35175
0.262868
0.392491
0.304293
0.450345
0.377913
0.478061
0
0.558312
0.379273
0.627601
0.267899
0.272867
0
0
0.775554
0
0.383238
0
0.585633
0.552889
0.379533
0
0
0
0.464633
0.272753
0.435824
0
0.585349
0.261216
0.657978
0.358737
0.264093
0.586476
0.574689
0.622988
0
0.448406
0.258648
0
0
0.408223
0.273852
0
0.302833
0.397453
0.333786
0.331562
0.278288
0.32198
0.397958
0
0.683687
0.278902
0.333046
0.976245
0.371615
0.265016
0
0.699162
0.269861
0.330593
0
0.387778
0.380138
0.602259
0.286292
0.322042
0.30449
0
0.279524
0.292484
0.783752
0.326654
0.320044
0.987621
0.368051
0.275686
0
0.333222
0.342006
0
0.641278
0.327184
0.423747
0.28827
0.349881
0.297625
0.386394
0.378556
0
0.487139
0.305726
0
0.312579
0.307825
0.465395
0.266141
0.439803
0
0
0.251871
0.479129
0.353173
0.416602
0.408218
0
0.589394
0.327743
0.588799
0.390854
0.399137
0.666544
0.44246
0.303345
0.260939
0.277427
0
0.286827
0
0.517096
0.326282
0.692752
0.307428
0.412447
0.297427
0.351464
0.56544
0.35561
0.258137
0
0.313995
0.593188
0.619979
0.268699
0.301949
0
0.25298
0.94585
0.557479
0.262947
0.391475
0.530526
0
0.42733
0
0.546331
0
0.261589
0.467142
0.480661
0.737529
0.378381
0
0
0
0.459713
0.301714
0.557788
0.340934
0.259975
0.255241
0.266762
0
0.281921
0.46726
0.436
0.378818
0
0
0.360191
0.254212
0.405796
0
0
0.450743
0.502934
0.25932
0.422178
0.371654
0.298397
0
0.498368
0.36397
0.666035
0.341002
0.414533
0.258763
0
0.275649
0
0.524306
0.333589
0.646075
0.316216
0.454242
0.304049
0.326727
0.255083
0.44497
0
0.252857
0
0.274303
0.307335
0.418607
0
0
0.56636
0.304233
0
0
0.559831
0.302185
0
0
0
0.411345
0.275281
0.373402
0.350663
0.320987
0.580675
0
0
0.331337
0.45442
0.620611
0.262667
0.35339
0.398041
0
0.295687
0.290677
0.618436
0.333834
0.290216
0
0.289285
0.284173
0.355941
0.96717
0.323244
0.355356
0
0
0
0.266927
0.333884
0.349357
0.330988
0.579333
0.269354
0
0.296243
0.275006
0.311611
0
0.254293
0
0.445611
0.352436
0.399824
0.413018
0.639437
0.292206
0.395783
0.268425
0
0.525091
0.28038
0.35467
0.266391
0
0.821958
0
0.777576
0.387317
0.346482
0.598567
0.380491
0.563564
0.370385
0
0.342739
0.283907
0.361096
0.354745
0.288491
0
0.553022
0.562134
0.376594
0.320108
0.360242
0.432649
0
0
0.433787
0.272589
0.270752
0
0.273239
0.292443
0.318349
0.308657
0.353793
0
0.469992
0
0
0.58633
0.298507
0.338224
0.991334
0.410347
0.293998
0.306272
0.327907
0.275537
0.397337
0.359435
0.274766
0.289832
0.514812
0.291329
0.361314
0.436277
0.423809
0.341716
0.373032
0.491124
0.678965
0.258095
0.361334
0.324067
0.398443
0.407757
0.638636
0.259647
0.6888
0.505208
0.446625
0.634617
0.267368
0.540135
0.305336
0.293632
0.356223
0.291197
0.38288
0.338551
0.280301
0.285453
0.55152
0.327488
0.388134
0
0.261014
0
0
0.290457
0
0
0.306348
0.328339
0
0.673584
0.348936
0.35212
0.423118
0.260245
0
0.4424
0.94859
0
0.270695
0.403102
0.526726
0.542241
0.494028
0.321205
0.451567
0
0
0.387564
0.545546
0.526131
0.531714
0.313475
0.43739
0
0.567308
0.273821
0.352066
0.360194
0.401193
0.425726
0.656612
0.296731
0.635854
0.296838
0
0.279144
0.591261
0.318472
0.481279
0.312808
0
0.270838
0
0
0
0
0
0.62851
0.256677
0.299279
0
0.270609
0.355369
0.44278
0
0.660045
0.38044
0
0.35369
0.683947
0.41934
0.485278
0.288355
0.287226
0.623759
0
0.328815
0.593752
0.419582
0.337584
0
0
0.359295
0.441688
0
0.325329
0
0.354927
0.283645
0.414705
0
0
0.574856
0.297939
0
0
0
0.416454
0.300536
0.491324
0.308812
0.663196
0.298544
0.368046
0.540263
0.440902
0.599723
0.255299
0.266629
0.361549
0
0
0.632137
0.279145
0
0.324894
0.502827
0.291031
0.374972
0
0.306539
0.326567
0.474847
0.264497
0
0.30311
0.295881
0.341586
0.288165
0
0
0.289516
0.328055
0
0.698634
0.329184
0.838965
0
0
0.570339
0.330854
0.881755
0.529477
0.363917
0
0.476475
0.306293
0.281632
0
0
0.278954
0.328677
0.939525
0.340933
0.376648
0.292991
0.30008
0.286766
0.485217
0.27227
0
0.255079
0.446514
0
0.261646
0.31134
0.398131
0.294368
0.804145
0.254142
0.605827
0.587592
0.282915
0.570884
0
0
0.432133
0
0.269926
0.306318
0.397055
0.296293
0.505764
0.330612
0.313018
0
0.453437
0
0.599759
0
0.330168
0.324672
0.328285
0.495589
0
0.545792
0
0.532056
0.337643
0.457429
0
0
0.251478
0.426446
0.287947
0.547131
0.320146
0.387585
0.285892
0.31744
0.440982
0.487488
0.271704
0.428855
0.465267
0.301546
0.296909
0.432909
0.522057
0.291067
0
0.323541
0.522772
0.378584
0.448082
0
0
0.336578
0.289389
0.329133
0
0.265392
0.351996
0.961715
0.28349
0
0.391903
0.545593
0
0
0.38663
0.294889
0.502169
0
0.586398
0
0.547869
0.495087
0.341672
0.453437
0
0
0.284812
0.300031
0
0
0.521796
0.323727
0.96936
0.313668
0.387362
0
0.309183
0.324124
0.285556
0.496258
0
0
0.480822
0.590557
0.258773
0.349633
0.581233
0.646752
0.263501
0.454478
0.639932
0.259596
0.27605
0
0.316146
0.450574
0.612674
0.255298
0.34892
0.550591
0
0.378937
0.37393
0
0.47564
0
0.278843
0.261779
0.555818
0.284266
0.463647
0
0.591883
0.265753
0.623062
0.319188
0.379392
0
0.450827
0
0.267226
0
0.494738
0.253655
0.32025
0.635961
0.673957
0
0.283416
0.602211
0
0
0.413069
0.63159
0.596831
0.463812
0.271822
0
0.302906
0
0.518067
0.548333
0.368096
0.447444
0
0.564833
0.335586
0.330697
0.360438
0.255637
0.400519
0.330495
0.286941
0.253242
0
0.30059
0.559915
0.320124
0.550064
0.347462
0
0.317335
0.269634
0.273984
0.295829
0.297098
0.350075
0
0.598529
0.321331
0.348773
0.294614
0.515079
0.341937
0.426279
0
0.307777
0.277819
0.295407
0.378552
0
0.272077
0.39729
0.968267
0.264908
0.383949
0.278878
0.392709
0.338282
0.302612
0.960269
0.32998
0.615369
0.29265
0.319925
0.268673
0.291423
0.469878
0.251132
0.312241
0.264476
0.435106
0.582139
0
0.600538
0.260924
0.375514
0
0.268152
0.255029
0.309736
0.957407
0.313002
0.631917
0.296164
0
0.333879
0.44633
0.26858
0.504954
0
0
0.473368
0.3684
0
0.417671
0.576446
0.302986
0
0.603296
0.264099
0
0.340037
0.485069
0.407199
0.380458
0.299044
0.285554
0.353087
0
0
0
0
0.622468
0.266909
0.265597
0.5814
0.426447
0.273126
0.320814
0.312167
0.280971
0.95602
0.576873
0.3475
0
0.525434
0
0.355074
0
0
0
0.288254
0.690043
0.353016
0.382305
0
0.272907
0
0.484254
0
0
0.57314
0.330385
0
0.556724
0.281014
0.341792
0.351885
0.588763
0.268453
0.618733
0
0
0.570818
0.279695
0
0.539863
0.376692
0.574309
0
0.268206
0
0.271961
0.950518
0.316743
0.655628
0.27396
0
0.26215
0.25015
0.260856
0.392768
0.334882
0
0.54546
0
0
0.250466
0.580195
0.629388
0.314172
0.288247
0.355726
0.448301
0.356262
0
0.408039
0.369789
0
0.741182
0.290219
0.278212
0.475425
0
0.290107
0.330851
0.611252
0
0.305806
0.532829
0.622307
0
0.256294
0.651668
0.272657
0.631126
0
0.822481
0.293204
0.353847
0.292676
0.392137
0.268194
0
0
0.332298
0.519018
0.626663
0
0.423038
0.571797
0.297228
0.484749
0
0.26077
0
0.385152
0
0.75833
0.326785
0.525741
0.322581
0.313481
0
0.50722
0
0.273634
0.287932
0.495286
0
0.251085
0.56478
0.635913
0.543402
0.329063
0.634984
0.669903
0.412076
0.35273
0
0.41668
0.347742
0
0
0.593392
0.333137
0.579866
0
0
0.539569
0.287287
0.255425
0.469474
0.346674
0.460478
0.585749
0
0.255407
0.449037
0.258923
0
0.379258
0.475372
0
0.437251
0
0.266813
0.41938
0.443992
0.452742
0
0.289218
0.251851
0.345652
0
0.476558
0.303734
0.657509
0
0.320425
0.286098
0.487459
0
0.36185
0.318332
0.294025
0.7179
0.315319
0.429786
0.332485
0
0.563347
0.259027
0.292854
0.98346
0.467625
0.336108
0.63298
0.431496
0
0.365044
0
0.266446
0.343695
0.452819
0.355523
0.272703
0.40007
0.604146
0
0.539051
0
0.367095
0
0.274003
0.554172
0.554084
0
0.319611
0.353619
0.276825
0.252752
0
0.259908
0.260531
0.57537
0.552687
0.557599
0.822067
0
0.437716
0
0
0.286728
0.343853
0.978193
0.493256
0.279768
0
0.336849
0.297341
0.306277
0.290046
0
0.263115
0.277227
0.328526
0
0.731739
0.288471
0.62616
0
0.313339
0.515506
0.678054
0
0.598116
0.53317
0
0
0.42654
0.848927
0
0.295656
0
0
0.497734
0.473648
0.256638
0.450801
0.356295
0.297433
0
0.552455
0.251165
0.611519
0.349468
0
0.366268
0.279518
0.322431
0.978043
0.362961
0.277564
0.585802
0.524545
0.275722
0.273065
0.269637
0.263903
0.27473
0.251683
0
0.336584
0.443538
0.460419
0.412917
0
0.253185
0.331544
0.325611
0
0.362175
0.465303
0
0.399592
0
0.281541
0.545153
0.355334
0
0
0
0.39439
0.27248
0
0
0.260912
0.359991
0.285299
0.362532
0.309137
0.539434
0.299113
0.296478
0.256614
0.410606
0
0
0.536367
0.332255
0.826652
0.387544
0.34818
0
0.439137
0.301791
0.962016
0.362041
0.348465
0.63004
0.323773
0.264743
0.486437
0.959931
0.54573
0.324582
0.33611
0.584066
0.346185
0
0
0.42984
0
0
0.369826
0.405108
0.431781
0
0.347589
0.292683
0.279566
0.290979
0
0.506188
0
0.743551
0.360004
0
0.341745
0.260653
0.299541
0.981173
0.458902
0.344273
0.622824
0.336182
0.39106
0
0.27227
0.2571
0.295178
0.591189
0.37025
0.328529
0.630884
0.307637
0.576902
0.276017
0.395978
0
0.544216
0
0.42062
0
0.38233
0.3073
0.284517
0.30839
0
0.514804
0.684521
0.301147
0.337722
0
0.266173
0.623819
0
0.438042
0.567952
0
0
0.441547
0.89138
0
0.267524
0
0.539414
0.269514
0
0.297879
0.439827
0.749325
0.437537
0.581424
0
0.52553
0.547883
0
0.591599
0.262242
0.295394
0.979197
0.440143
0.338592
0
0.425365
0.594757
0.270494
0.487556
0
0
0.271426
0.550375
0.664483
0.368882
0.380725
0.685244
0.341095
0.314097
0
0
0.254847
0.273798
0.287994
0.516423
0.359791
0.271378
0.570039
0.262539
0.259786
0
0
0
0.268099
0.406303
0
0
0.521169
0.501554
0
0.45674
0
0
0.271303
0.334449
0
0
0.25782
0.360351
0.282837
0
0
0.267828
0.329109
0
0
0.261917
0.319192
0
0
0.25312
0.367878
0.278179
0.4921
0.333653
0.603186
0
0
0.63281
0.345577
0.602529
0.403619
0
0.278313
0.264653
0.312807
0.965714
0.334522
0.605736
0
0
0
0.270798
0
0.295852
0
0
0.274748
0.302112
0.28269
0.482043
0
0.319037
0.374465
0.373895
0.294768
0
0.271752
0.260746
0.332721
0.848268
0.337754
0.324669
0
0
0
0.294907
0.748144
0.685501
0.298756
0
0.350394
0.312243
0.371896
0
0.497121
0.28552
0.59406
0.283556
0.345744
0.605285
0.395903
0.25311
0
0
0.621098
0.586324
0
0.524547
0.57606
0
0.258777
0.417369
0.530794
0
0.437431
0.55488
0
0.516583
0.348191
0.307695
0.283413
0
0.864525
0.609571
0.359297
0.401499
0
0.260716
0.251836
0
0.290717
0
0.853369
0.624847
0.404855
0.341238
0.321783
0
0
0.280763
0.31209
0.716584
0.383634
0.323239
0.724192
0.510188
0
0.510704
0
0.316618
0.293122
0.440815
0
0.599755
0.540386
0.689888
0.262549
0.38817
0.364482
0
0.507763
0.98358
0
0.252953
0.25671
0.345484
0
0.76578
0.374566
0.465241
0.332221
0.43703
0.368611
0
0.540681
0.351013
0.469342
0.272214
0.348726
0.328807
0.308948
0
0.288928
0.572993
0.308654
0
0
0.398328
0.294588
0.447808
0
0.278111
0.502307
0
0.444738
0
0.263714
0.272296
0.319912
0.774081
0.551552
0.289338
0.294635
0.30524
0.374177
0
0
0.26002
0.272915
0.397746
0
0
0
0.325391
0.952861
0.333605
0.613778
0.358462
0.329755
0.278388
0.314929
0.270948
0.909639
0.277726
0.613797
0
0.528694
0.263603
0
0.333163
0.45679
0.561795
0
0.369764
0.319883
0.294526
0.975151
0.48003
0.333006
0
0.267405
0.329602
0.325827
0
0.38985
0.315337
0.483905
0.332721
0
0.266358
0.344603
0.468519
0
0.375559
0.547987
0
0.582961
0.263539
0.35573
0
0.270803
0.311769
0.578409
0.704728
0.369478
0.452876
0
0
0.25806
0.441818
0.285339
0.508187
0.320716
0.43671
0.295071
0.322649
0.259944
0.512038
0.260866
0.282449
0.336227
0.270509
0.67466
0.280376
0.562688
0.411036
0
0.578409
0.336601
0.437115
0.452383
0.562042
0.714674
0.341615
0.311411
0.375393
0
0
0.547637
0.365058
0.986433
0.459841
0.375153
0.624349
0.356181
0.453214
0
0.268972
0.54486
0.334449
0
0
0
0.389496
0.25388
0
0.512207
0.643051
0.326989
0.416116
0.266964
0
0.432785
0.975596
0
0.465226
0.423646
0
0.54886
0.266002
0.296251
0
0.278881
0.260794
0.328932
0.97173
0.344969
0.329445
0.567698
0.447448
0
0.58502
0.279227
0.310256
0.977152
0.339022
0.3369
0.559411
0.448619
0
0.570022
0.270705
0.305486
0.987861
0.522512
0.360628
0
0.371139
0
0.27964
0.54454
0.352102
0.589221
0
0
0.25927
0.278836
0
0.287258
0.513232
0.283232
0.337756
0.430836
0.483308
0.396785
0.424479
0.35186
0.451677
0
0.686324
0.365711
0.524197
0.30214
0.292589
0
0.530801
0.559729
0.508723
0.259304
0.476379
0.457645
0.292322
0.351324
0
0.30346
0.304547
0.387865
0.273603
0.342012
0.350134
0.327637
0.251485
0.280622
0.271847
0.579948
0.304545
0.283659
0.308855
0.365271
0.531885
0.25109
0
0.257822
0.258747
0.525988
0.376069
0.335442
0.319849
0.299474
0
0.257214
0.556777
0
0
0
0.256956
0
0.287395
0
0
0.272637
0.306595
0.285526
0.478829
0.345654
0.407937
0
0
0.52766
0.308292
0.548175
0.343225
0.484539
0.285991
0
0
0.262289
0.29804
0.960641
0.337573
0.460516
0.286097
0.283383
0.285821
0.492363
0
0.63063
0.263787
0.531832
0
0.308272
0.303075
0.382095
0.425859
0.536563
0.601791
0.336153
0.456539
0.409421
0.380283
0
0.417722
0.284692
0.951542
0.353119
0.614497
0.388293
0.319489
0.285924
0.524336
0.616184
0.257335
0.298946
0.38976
0.535965
0.580886
0.267425
0.272257
0.341806
0.281987
0.33081
0.417449
0.591168
0.433962
0.535978
0.767145
0
0.444259
0
0
0.271719
0.391048
0.286929
0
0
0.296826
0.335887
0
0
0.268982
0.417949
0
0.402053
0
0.741202
0.320796
0.473564
0.287095
0.481328
0
0
0
0
0
0.264092
0.303275
0.601475
0.314902
0.372638
0.368351
0.374841
0.274876
0
0.680292
0.25841
0.532372
0
0.491394
0.283355
0.321827
0.438874
0
0
0.547177
0.307788
0.770598
0.405626
0.371855
0
0.473566
0.328744
0.358383
0.362773
0.677413
0
0
0.2925
0.29528
0
0
0.28514
0.33195
0.981531
0.571356
0.529167
0.295475
0
0.429931
0
0.659427
0.526788
0.423522
0.529496
0.267626
0
0.589137
0.840707
0
0.392623
0
0.597689
0.374008
0.538375
0.380374
0.296805
0.467551
0.473452
0
0.543542
0.421545
0.26278
0.464151
0
0.630151
0.291484
0.594093
0.256594
0.272091
0.515211
0.452884
0
0.509859
0.413758
0.284445
0.254653
0.303909
0.620123
0.379357
0
0
0.32882
0.383667
0.458962
0.390009
0
