0.305171
0.693483
0.548654
0
0
0.494251
0.436025
0.871492
0.843748
0.466769
0.257782
0.276706
0
0.624989
0.354832
0.28127
0
0.25853
0.301276
0.97966
0.567105
0
0.560419
0.585916
0.444727
0.546146
1.05903
0.393684
0
0
0.970242
0.292418
0.330626
0
0.655571
0
0.544723
0.447291
0.528784
0.657008
0.33582
0
0.271132
0.953562
0.42721
0.874399
0.264212
0
0.54931
0.422899
0.456099
0.574559
0.382636
0.291083
0.662982
0.358833
0
0.278166
0
0.536137
0.38786
0
0.345055
0
0.313555
0.378521
0
0.30587
0.428264
0.488539
0
0.284092
0.958511
0.421835
0.916451
0.560415
0
0
0.381954
0.473318
0.602405
0
0.255013
0.446646
0.476195
0
0.265674
0.436364
0.403724
0.905366
0
0.556998
0.31464
0.754357
0.369369
0
0
0.97135
0.338704
0.539767
0.308643
0
0.679168
0.569807
0.334177
0.265496
0.343332
0
0
0.940657
0.419762
0.898491
0.39419
0
0.615564
0.393657
0.518607
0
0
0.273608
0.536735
0.414323
0.517293
0
0.270328
0.354717
0
0
0.553188
0.968027
0.433855
0.882014
0
0.568357
0.368059
0
0.681612
0.326934
0.525527
0
0
0.625106
0
0.392483
0
0.299949
0.512397
0.589638
0.306778
0.325312
0.369496
0
0.318969
0
0.29179
0
0.562076
0.961285
0.543558
0
0
0.55561
0.33084
0.464624
0.319651
0.335779
0
0
0.962871
0.269085
0.297648
0
0
1.29353
0.504153
0.772049
0.806971
0.3172
0
0
0.457424
0.308721
0.387332
0.276786
0.335943
0.502597
0.280986
0.417108
0
0
0.27691
0.505855
0.489788
0.849148
0.576828
0.899653
0.330193
0
0
0.466442
0.304993
0.392502
0.286429
0.351014
0.29954
0
0.615773
0
0.44163
0.315178
0.258151
0.403099
0
0.358364
0.522549
0.528874
0
0
0
0.491489
0.523299
0.786787
0.932744
0
0.983506
0.278457
0.581823
0.489459
0.509313
0.326028
0.362775
0.419871
0.281154
0
0
0
0.417599
0.284294
0.41574
0
1.15935
0.485211
0.552274
0.507007
0.302837
0
0
0
0.285015
0.525594
0.446704
0.507115
0.315477
0.341553
0.393434
0.274061
0
0
0
0.475839
0.278772
0.402147
0.53425
0.423034
0.589595
0.331302
0.69491
0.323597
0.481451
0
0
0.601507
0
0.406596
0.433151
0.50623
0.318148
0.358045
0
0.250792
0.310868
0.539905
0.440961
0.264156
0.292192
0.543365
0.305409
0.450111
0.254154
1.01264
0
0.336511
0.493852
0.287475
0.394786
0.540579
0.428567
0
0.405234
0.323718
0.470409
0.61138
0.413593
0
0.28219
0.440974
0.580532
0
0.268804
0.612198
0.284331
0.383172
0
0
0.969987
0.459741
0.879354
0
0
0
0.258572
0
0.28736
0.280625
0
0
0.506904
0.358926
0.254899
0.398893
0.272619
0.641978
0.392403
0
0.273901
0.64462
0.548912
0.300024
0.888672
0.326281
0.475719
0
0
0.577431
0.639338
0.29554
0.270786
0.259979
0
0.344487
0.269799
0.443898
0.269261
0.474615
0.433497
0
0
0
0.289068
0.286754
0.459983
0
0.294205
0.554925
0.318333
0.465923
0.250244
1.13802
0.428648
0
0.2652
0.652221
0.340397
0.274413
0
0.605779
0.97465
1.01885
0.330057
0.562638
0.250789
0.996036
0
0.469409
0.458509
0.695656
0.289396
0.40654
0.753974
0.341975
0.396223
0.347674
0.314109
0.30942
0
0
0
0.532335
0.505638
0.858402
0.573923
0
0
0.468337
0.587691
0.480172
0.250677
0.255795
0.334663
0.984085
0.811604
0.464568
0
0
1.47011
0.256944
0.463195
0.254973
1.04888
0
0.305315
0.496323
0.759395
0
0
0.464353
0.417821
0.868914
0.366089
0
0.449755
0.463431
0.464754
0.507547
0.301767
0.417466
0
0.600647
0
0.273107
0
0
0.593252
0.332437
0.255298
0
0.313963
0.969816
0.994704
0.279588
0.353025
0.376627
0
0.312433
0
0
0
0.561795
0.457053
0.609458
0.377003
0.344968
0
0
0.640723
0.286057
0.322017
0
0
1.06552
0.517334
0.706387
0.753324
0.341042
0
0
0.454839
0.332652
0.419325
0.297235
0.344429
0.512084
0
0.949073
0
0.311178
0.37848
0.311203
0.3224
0
0
0.998311
0.499178
0.742907
0.284016
0
0.619574
0.428641
0.652522
0.277765
0.391472
0
0
0.272173
0.251102
0.403388
0.35852
0.260065
0.394834
0.632628
0.305496
0
0
0.300224
0.515302
0.543714
0.355318
0
0.640133
0
0.410905
0.354652
0.262533
0.391215
0.636925
0.504626
0.263571
0
0
0.628988
0.428843
0.430706
0.296538
0.368206
0.328045
0
0
0.983728
0.534078
0.721409
0.808557
0.520534
0
0.291353
0
0.601968
0.252655
0.429934
0.354114
0.255703
0.287834
0.466841
0.472198
0
0.282135
0.612305
0.297958
0.565019
0.425887
0.266119
0.636207
0.320227
0
0.276936
0.943624
0.320078
0.311608
0
0
1.04385
0.555315
0
0.263329
0.463347
0.298795
0.620535
0.612379
0
0.838932
0.486112
0
0.302265
0
0
0.490357
0.568545
0
0
0.462805
0.425878
0.920705
0
0
0.383922
0.390622
0
0.277294
0.438235
0.431987
0.912868
0
0.563868
0.329374
0.765196
0.36494
0
0
0.947096
0.478468
0
0.559118
0
0.32394
0.442258
0
0.376667
0.359231
0.387976
0
0.411845
0.476227
0.388191
0.501261
0
0.379241
0.331936
0.596245
0
0
0.635607
0.275804
0.38002
0.39785
0
0.257501
0.480515
0.308147
0.453252
0.258967
0.373695
0.259141
0.374959
0
0.378398
0.331248
0.593304
0.551519
0.38006
0.252533
0.40771
0.607181
0
0
0
0.471216
0.447568
0
0.407565
0.312714
0
0
0.510651
0.674275
0.447792
0
0.581961
0.250612
0.384096
0
0.39097
0
0
0.268451
0.948885
0.342547
0.524074
0
0.338124
0
0.402351
0
0
0.265826
0.942873
0.304966
0.430567
0
0
1.19115
0.51133
0.792379
0
0
0.315826
0.573006
0.605439
0.460443
0
0.66261
0.563485
0.445379
0
0.293519
0.964598
0.688257
0.371664
0.381471
0
0
0.664082
0.34818
0.503324
0.339908
0.366221
0
0
1.06768
0.292775
0.354436
0.350907
0.422182
0.449242
0.678528
0.600651
0.268748
0.790007
0.570055
0.306971
0
0.64486
0.540694
0.302621
0.516598
0
0.320461
0.673867
0
0
0.516034
0.42753
0.299396
0.505386
0.664321
0.302387
0.411312
0.627355
0.282438
0
0.641224
0.380119
0.377774
0.378932
0.253472
0
0.480805
0.483904
0.923769
0.7381
0.497944
0.573331
0.339097
0.342731
0
0.273995
0.49638
0.440885
0.870854
0
0
0.332829
0.525194
0.268198
0
0.266657
0.428883
0.393263
0.34235
0.333183
0.313233
0.376778
0
0.364769
0.270975
0.349905
0.376449
0.266964
0
0.429387
0.342748
0.439775
0.282062
0.49097
0.334642
0
0
1.00532
0.288468
0.290746
0
0.692371
0.272992
0.447375
0
0.27298
0.339996
0.522116
0.641695
0
0.288708
0.446029
0.314602
0
0.299222
0.386888
0.561022
0.327878
0
0
1.19279
0.567544
0.850651
0
0.257635
0.356496
0.370886
0
0
0.425572
0.302048
0.400528
0.27522
0.389833
0.325896
0.31135
0
0.642637
0.299809
0.316696
0
0.474168
0
0
0.530138
0.36914
0.559366
0
0.403374
0.312009
0
0
0.55963
0
0
0.252526
0.372169
0.335033
0.54059
0.707065
0.640108
1.14743
0
0.273539
0.598366
0.612255
0.883027
1.19556
0.545247
0.585684
0.310392
0
0.657967
0.303539
0.350887
0
0.436413
0
0
0
0.63297
0.612723
0
0.630481
0.255313
0.439455
0.279635
0
0.296147
0.758057
0.513474
0.861283
0.856729
0.37275
0
0.583445
0.518268
0.384967
0
0.371822
0.552127
0.629939
0.400762
0.308729
0.613621
0.37552
0.378577
0
0.609296
0
0.359073
0
0.38157
0
0
0.291313
0.335389
0.979644
0.609857
0.25021
0.313526
0.447559
0.972201
0
0.499194
0
0.416933
0.325442
0.429494
0
0
0.974521
0.569736
0
0.258212
0.982572
0.344873
0.51491
0.576015
1.14124
0
0.81408
0.340593
0.470939
0.511273
0
0.415717
0.470338
0
0.309774
0.396531
0.276902
0
0.286283
0.250562
0.329981
0.428018
0.250205
0.603876
0.551913
0.391481
0
0.377894
0.259573
0.264451
0.384372
0.43948
0
0
0.976489
0.375185
0.49641
0.340073
0.486412
0.344425
0.381528
0
0.619656
0.522283
0.325468
0
0.514927
0
0.401569
0.299255
0.491772
0
0.395311
0.295226
0.480358
0
0.311236
0.36969
0.321177
0.368824
0.426237
0.560524
0.292722
0
0
0.472828
0.340539
0.392474
0
0.348985
0.508102
0
0.513285
0
0.327901
0.575089
0.625838
0.375109
0.71468
0.276567
0.394744
0
0.309088
0.954846
0.350637
0.54542
0.568935
1.11719
0.401232
0
0.311791
0.969644
0.970107
0
0.290844
0.976555
0.352497
0.485975
0.320153
0.440032
0.347855
0.617173
0.255258
0.74144
0.29915
0
0.296545
0.420996
0.539141
0
0.462281
0.614095
0.288003
0.340381
0
0.310081
0.95611
0.337805
0.518199
0.555401
1.10609
0.361841
0
0.307613
0.946424
0.329644
0.41238
0.338885
0.488811
0
0.323545
0.257749
0.316452
0.276045
0.304192
0
0.28567
0.600027
0.514768
0.852381
0.673789
0
0.388821
0.508989
0.527398
0.756721
0.688018
0
0
0.293306
0.942251
0.299717
0.366215
0
0.668666
0
0.394561
0
0.285541
0.297863
0.342175
0
0.285506
0.522511
0.477185
0.654622
0
0
0
0.447769
0.384769
0.69835
0.796176
0.363246
0.498187
0.539337
0.384838
0
0.321928
0.546113
0.389493
0.633535
0.779333
0.365787
0.318037
0.263851
0.624107
0.798554
0.367371
0.306775
0.261563
0
0.464295
0.56949
0.370712
0.3798
0.306786
0
0
0.403747
0.37764
0.497955
0
0.319023
0
0.340079
0
0.365011
0.61179
0.483228
0
0.264324
0.98445
0.413059
0.531315
0.365922
0.497003
0.420948
0.687927
0.83392
0.639524
0.433705
0.640925
0.606593
0.593828
0.327541
0.438234
0.606936
0.29293
0.432002
0.59776
0.324197
0.3675
0
0.323113
0.520037
0.686108
0
0.350585
0.990249
0.612835
0
0.287317
0.579546
0.503612
0.90626
0.568426
0
0.497797
0.341315
0.621057
0
0.450879
0.26129
0.526056
0.254372
0.438968
0.338268
0.259681
0.294584
0.421515
0
0.42139
0.268062
0
0.485585
0.373377
0.475495
0.302531
0.50363
0.329719
0.378338
0
0.281732
1.03193
0.306069
0.314406
0
0
1.20698
0.576975
0
0.295945
0.579618
0.514136
0.901486
0.544609
0
0.409362
0.361386
0.343267
0.470257
0
0.339208
0.272393
0.345047
0.533786
0.329424
0
0.285906
0.391341
0.355954
0.502845
0.329257
0
0.703094
0
0.332745
0
0.42287
0.636112
0.374362
0.537169
0.523384
0
0
0.422174
0.329424
0.358698
0
0.604825
0.515206
0
0.488612
0.57961
0.25952
0.403411
0
0.419101
0.302965
0.427597
0.597292
0.270478
0.389102
0
0.35145
0.631201
0
0.258162
0.604819
0.947858
0.426404
0.540619
0
0.353573
0.304404
0.361179
0.342418
0.321783
0.336234
0.293191
0.372532
0
0.301095
0.577991
0
0.254695
0.286209
0.946093
0.344373
0.492475
0.575821
1.19209
0
0.253721
0.542142
0.492949
0.84361
1.07041
0
0.426196
0.466484
0.299325
0.420603
0
0.628286
0.256992
0.338359
0
0.472657
0
0.581229
0.267426
0.370273
0
0.317621
0.640184
0.334627
0.300526
0.321184
0.286007
0.463094
0
0
0.50341
0.459862
0.861434
0.684283
0.703022
0.43851
0
0.254954
0.553121
0.413392
0.503335
0.326932
0.451333
0
0.549694
0.32692
0.442284
0
0.584153
0
0.43706
0.587957
0.261146
0.307512
0.407918
0.509651
0
0.416333
0
0
0.287925
0.973042
0.503655
0.846455
1.07362
0.421901
0
0.298304
0.972584
0.324578
0.467748
0.555329
1.13915
0
0.256015
0.475562
0.311369
0.397877
0.553855
1.09875
0.464452
0
0.38853
0.27184
0.466702
0
0.580967
0.268415
0.640309
0
0.328296
0.980789
0.433488
0.830982
0.61222
0.439514
0.268787
0.370961
0
0.584614
0.302862
0.432821
0
0.320538
0.974489
0.434753
0.462485
0.255215
0.535761
0.369676
0.485897
0
0.569316
0.543754
0.406223
0.580584
0
0
0
0.381465
0
0.412959
0.252606
0.330482
0.629348
0
0.288511
0.365365
0
0.46232
0.263176
0.250539
0.460373
0.439859
0.845766
0.416348
0
0.410346
0.486534
0.832611
0
0.312298
0.302616
0.40152
0.566107
0.765917
0.324473
0.333452
0.280908
0.315708
0
0
0.320747
0.555076
0.598242
0.647324
0
0
0
0.407075
0.343554
0
0.33781
0.957924
0.791138
0.368931
0.424715
0
0
0.722485
0.374048
0.526284
0.348712
0.48567
0.513584
0.288988
0.317133
0.296465
0.323675
0.259742
0
0.288599
0.293041
0.398272
0
0.443999
0
0.314192
0.391582
0
0.278543
0.954985
0.40925
0.505926
0.505826
1.16842
0
0.584886
0.346543
0.459763
0.279173
0.271012
0.290652
0.360216
0.331009
0
0.308253
0.992196
0.692434
0
0.252096
0.54854
0.61057
0
0.260804
0.530352
0.59157
0
0.313977
0.260072
0.286826
0
0.257633
0.268611
0.288455
0
0.252055
0
0.318546
0.413634
0
0.346112
0.610734
0.470093
0
0
0
0
0
0.265315
0.302663
0
0.567967
0.98995
0.483357
0.713493
0.388204
0
0.625021
0.271645
0.453813
0.425999
0
0.319501
0.628514
0.292766
0.293812
0
0.250524
0.301472
0.270032
0.429363
0
0.329403
0.63664
0.498031
0
0.801706
0.36617
0.383328
0.259218
0
0
0.489686
0.319007
0.410097
0
0.259692
1.03245
0.688751
0
0.28734
0.550976
0.578397
0
0.274012
0.534231
0.464639
0.92164
0.553936
0
0
0.461861
0.60019
0.486114
0.261139
0
0.252271
0.336107
0.271713
0.458311
0.537968
0.295817
0.278852
0.441
0
0.280032
0.963542
0.462754
0.839118
0.356688
0
0.572834
0.416131
0.644702
0.273589
0.389636
0
0
0.555764
0.497922
0.444804
0.465055
0.388551
0
0.667229
0.587871
0.41636
0
0.296166
0.706172
0.424744
0
0
0.975595
0.479182
0.847831
0.656401
0.49791
0.536499
0.414546
0.308832
0.684328
0.435547
0
0.28642
0
0.560191
0
0.258001
0.45565
0.542242
0.590995
0
0
0.624934
0.994409
0.487155
0.717534
0.725684
0
0.59671
0.367996
0.439149
0.276685
0
0.275682
0.34519
0.312845
0.46165
0
0.275171
0.534372
0.343578
0.384821
0
0
1.42964
0.27795
0.378434
0
0
1.47427
0.690746
0
0.278436
0.538749
0.353643
0.482382
0.321454
0.42511
0.383337
0.599908
0.359936
0
0
0.494844
0.325036
0.304812
0
0.650371
0.571253
0.273105
0.601223
0
0.266558
0.378509
0.265048
0
0
0.288966
0.27345
0
0
0.58456
0.602797
0
0.502777
0.64166
0
0.264092
0
0.273418
0.571811
0.374248
0.524998
0
0.322518
0.963922
0.955192
0.369006
0
0.611508
0
0.372238
0.51525
0.254051
0
0
0.597632
0.276373
0.38268
0
0.572411
0.985851
0.519417
0.904963
0.252753
0
0.280261
0
0.578773
0.675787
0.613193
0
0.565609
0
0.299528
0.383388
0
0.289987
0.493066
0.512686
0
0.287046
0.579678
0.30101
0.250061
0
0.561873
0.755962
0.563319
0
0
0.523013
0.328462
0.665665
0.624602
0.532822
0.34334
0
0
0.276829
0.508605
0.399913
0.266459
0
0.30063
0.963299
0.935627
0.367186
0.592376
0.542623
0.354061
0.250181
0
0
0.533137
0.301144
0.39515
0.472844
0
0
0
0.633109
0.369459
0.466092
0
0.302685
0
0
0.289735
0.940686
0.399366
0.473417
0.350226
0
0
0.655277
0.298061
0.329316
0
0
1.37016
0.525941
0.726988
0.76574
0.473244
0
0.287051
0
0
0.520584
0.645736
0
0.588936
0.566769
0.459347
0.258216
0.528022
0.553245
0.552949
0
0.706677
0.41505
0
0
0.967043
0.353101
0.451821
0.347566
0.354228
0
0.645805
0
0.35306
0
0
0.298871
0.366618
0.366925
0
0.269764
0.495181
0.49032
0.909291
0
0
0.253215
0
0.540291
0.466008
0.456012
0.54612
0.270774
0.402367
0.275929
0.344409
0.527151
0
0.693809
0.405255
0
0
0.964749
0.321629
0.478381
0.283269
1.13986
0
0.273925
0.423397
0.379101
0.43204
0.313339
0.442744
0.368584
0.346414
0
0.698614
0
0.288251
0
0.274681
0.634847
0.527813
0
0
0.471922
0.328465
0.478032
0.265181
0.547543
0.64642
0.36278
0
0.688907
0
0.368369
0.490391
0
0.363218
0.502142
0.749424
0.34086
0
0
0.950937
0.316678
0.394993
0.3554
0.489222
0.260959
0.34448
0.295147
0.281206
0
0.267489
0.418503
0.379475
0.328012
0
0.285333
0.989519
0.517324
0
0
0.545601
0.472419
0
0
0.523975
0.458402
0.892114
0.844435
0.331838
0
0.599127
0
0.317902
0.471855
0
0.380973
0.38289
0
0.566142
0.389577
0.268063
0
0.275772
0.589488
0.466144
0.883646
0.608155
0.955354
0.422052
0
0.371209
0.486844
0
0
0.282994
0.390917
0.411167
0.281644
0.416697
0
0.642734
0.544514
0.369695
0.553053
0.395807
0.25614
0.358204
0.424282
0.348767
0.258798
0.259088
0.26561
0
0
0.515879
0.373968
0.320839
0
0.290593
0.954985
0.875635
0.401509
0
0.697176
0
0.395052
0.409072
0
0.66045
0
0.354426
0
0.287798
0.953988
0.814952
0.558414
0.260571
0.384293
0.268039
0.336491
0.520543
0.259021
0.677496
0.351944
0.329079
0.310584
0.400162
0.377366
0
0.603944
0
0.341693
0
0.290214
0.960853
0.630466
0.282439
0.359562
0.364747
0
0
0.637104
0.290833
0.337511
0.38461
0.335507
0
0
0.908311
0.273687
0.334137
0.304852
0.376862
0.432991
0.30628
0
0.679636
0
0.310964
0
0.284019
0.673261
0.538127
0.857984
0.641319
0.878512
0.480923
0.573336
0.58645
0.417559
0
0.380944
0
0.447704
0
0.267025
0.623384
0.379763
0
0
0.971412
0.492554
0.860126
0.68675
0
0
0.52831
0.252204
0.54714
0.789384
0.813448
0.385006
0
0
0.973696
0.489697
0.849184
0.68419
0
0
0.283275
0.928558
0.341634
0.522174
0.329307
0
0.770374
0.257676
0.297122
0
0.285691
0.319589
0.329058
0.36713
0.253927
0.647838
0.53504
0.39208
0.631235
0
0
0.571542
0.987715
0.498568
0.848089
1.08499
0.354484
0
0.263049
0.968377
0.512043
0
0
0.966523
0.319677
0.318521
0
0
1.01125
0.270903
0.308795
0
0.718515
0
0.382248
0
0.285186
0.410693
0.530293
0.536852
0.557812
1.1913
0
0.714583
0.310728
0.508804
0
0.273091
0.502384
0.575903
0.627493
0.944731
0.341267
0.304233
0.293849
0.411429
0
0.289263
0.417125
0.358858
0.256136
0.445787
0
0.353421
0.425166
0.269792
0.262958
0
0.561769
0.303877
0.414956
0.527236
0
0.288509
0.505303
0.431153
0.281796
0
0.287846
0.372188
0
0
0.295075
0.936344
0.599092
0.285652
0.372389
0.374219
0
0
0.631716
0.298971
0.528251
0.251332
0.395261
0.273686
0.269278
0
0.261694
0.367194
0.350421
0.272298
0.470978
0.561866
0.655508
0.35672
0
0.262931
0.964141
0.35737
0.627459
0.330624
0
0.728137
0.555344
0.384019
0.592636
0
0
0
0.369167
0.260924
0.389049
0
0.254941
0.521122
0.514773
0
0.310904
0.545883
0.408186
0
0.310431
0
0
0.257544
0.370938
0.443065
0
0.401109
0
0.584617
0.547001
0.413738
0
0.395627
0.252421
0.658555
0.410177
0.327186
0.273049
0.364505
0
0
0.347482
0.272235
0.56437
0
0.953368
0.269515
0.287881
0
0.261862
0.984247
0.682276
0
0.591884
0.261998
0.371779
0
0.486544
0
0.361624
0.458374
0
0.303291
0.423051
0.257665
0.432384
0
0
0.962702
0.532909
0.861224
0
0.268469
0.286754
0
0.327526
0.698636
0.662634
0
0
0.57662
0.560121
0
0
0.593822
0.367689
0.68928
0.342324
0
0
0.696959
0.308599
0.340224
0
0.700232
0
0.310764
0.674732
0
0
0
0.431688
0.385944
0.716312
0
0
0.555216
0.97422
0.501539
0.378992
0
0.690753
0.251729
0.362975
0.52538
0
0.334976
0.413938
0.288436
0.375514
0.411737
0.305019
0.261092
0
0.446471
0.572694
0.256302
0
0.323037
0.310287
0.361751
0.432175
0
0
0.527367
0.549787
0
0.330758
0
0.397337
0.531353
0
0.304692
0.37643
0.42751
0
0.429477
0
0
0.979486
0.533421
0.85473
0
0.254428
0.370838
0
0
0.277515
0.940148
0.395215
0.497564
0.683874
0
0.264273
0
0.287294
0.53515
0
0
0.321257
0
0.488453
0.329144
0
0.313185
0.977975
0.930005
0.601499
0.640648
1.22719
0.546709
0
0.325629
0.650007
0.728778
0.354084
0.76547
0.357784
0.417345
0
0.315892
0
0.372177
0
0
0.555408
0.326172
0.385772
0.728929
0.881722
0.462523
0
0.61443
0.553493
0.396783
0
0.31597
0.988163
0.489986
0.811884
0
0.253498
0.287296
0.529609
0.250911
0
0.259234
0.959034
0.321163
0.44592
0
0.673124
0.541766
0.468037
0
0.299198
0.965886
0.681834
0.39559
0.386501
0
0.750964
0.250993
0.361402
0.311002
0
0.313418
0.769328
0.621373
0
0.60428
0.256371
0.327569
0
0.369972
0.552601
0
0
0.59087
0.563963
0.423106
0
0.292782
0.973866
0.524996
0.416932
0
0
1.24412
0.655798
0
0.597788
0.292695
0.360974
0
0.288862
0.340306
0.354653
0.405028
0
0.65339
0.252464
0.35753
0
0.277932
0.364247
0.306473
0
0.304975
0.484938
0.886853
0.376199
0
0.657677
0
0.384864
0
0.542816
0.941501
0.547365
0.36528
0
0
1.44165
0.589086
0
0.564332
0
0.310365
0
0.537743
0.439622
0.525998
0.576479
0.287729
1.19388
0
0.73001
0.284955
0.448584
0
0.251711
0.315204
0.269739
0
0.542019
0.984786
0.476804
0.885983
0
0.576988
0.410801
0.596987
0.558218
0
0.721999
0.345446
0.529514
0.660534
0.361735
0
0.302335
0
0.269723
0
0.28813
0.980864
0.548089
0
0.562722
0
0.27463
0
0.537096
0.953897
0.856425
0.271625
0.337619
0.305181
0.318968
0
0.608572
0
0.345939
0
0.55606
0.423731
0.521308
0.331338
0
0.648691
0
0.436268
0.34648
0
0.29057
0.411473
0.322371
0.630971
0.274119
0
0.697953
0.621608
0.298703
0
0
0.25448
0.310748
0.585292
0.335821
0
0.301499
0.492998
0.492266
0.908517
0.569085
0.986923
0.455344
0.254298
0.313683
0.33771
0
0.257709
0.318882
0.577572
0.473249
0.262858
0
0
0
0.420375
0.355476
0.41314
0.356259
0.507101
0.54456
0.522623
0.681561
0.441817
0.252107
0.293542
0.333652
0
0.253882
0.314968
0.579067
0.375724
0
0.293713
0.451482
0.333643
0.315945
0
0
1.11442
0.569803
0
0.283574
0
0.272787
0
0.583174
0.424445
0.539801
0.382661
0.618244
0.269851
0.366284
0
0
0.277089
0.274761
0
0
0.575968
0.493902
0.622481
0.611034
0.607127
0
0.897256
0
0.305475
0.525713
0.518438
0.868462
0.528921
0
0
0.604759
0.662205
0.469384
0.627437
0.405249
0
0.336204
0.668924
0.509686
0.260919
0.727477
0
0
0
0.500969
0.589959
0.514026
0.859387
0
0
0.680201
0.360889
0.550629
0
0
0.641005
0.629218
0.404915
0
0.529403
0
0
0
0
0.968893
0.49848
0.802141
0.801542
0
0.915346
0.470961
0.756266
0
0.575545
0.590059
0.305421
0.598523
0.416866
0
0
0.9623
0.439772
0.882461
0.829595
0.40933
0
0.255885
0.977609
0.396009
0.481184
0.310539
0.449786
0.264117
1.20142
0.423335
0
0.266133
0.964621
0.360356
0.55555
0.325718
0
0.707728
0.590524
0.298909
0
0
